#Read position (bp)	Clipping profile
0.0	1.9134664898745393
1.0	1.8979333622760692
2.0	1.886600968391406
3.0	1.8819776177785852
4.0	1.8772603522993168
5.0	1.8710384923971708
6.0	1.8601130629337805
7.0	1.8496826430789564
8.0	1.8410444319255057
9.0	1.827970699892129
10.0	1.8228445134318705
11.0	1.629941421189021
12.0	1.5431327796360639
13.0	1.4674491366376978
14.0	1.4047316148882378
15.0	1.3278799057384312
16.0	1.2332254597176735
17.0	1.1159120956067428
18.0	1.0656793814156449
19.0	1.038549724370628
20.0	0.9904203118760103
21.0	0.9451572593677584
22.0	0.8833788862827732
23.0	0.8518234911564184
24.0	0.7822149660813743
25.0	0.7222914116087266
26.0	0.6847313347088861
27.0	0.6640876731278986
28.0	0.5914190886544405
29.0	0.5111629655959126
30.0	0.4638376991452514
31.0	0.4303355270998293
32.0	0.3701067493112274
33.0	0.31275802742701503
34.0	0.2556832239032744
35.0	0.1853507717326974
36.0	0.1795143540949298
37.0	0.17708430692560118
38.0	0.1752412276715693
39.0	0.17353510759777335
40.0	0.17250008750713336
41.0	0.17157854788011742
42.0	0.17082722894853755
43.0	0.16994873363531007
44.0	0.1690193677694235
45.0	0.1678473884985476
46.0	0.16718020163482694
47.0	0.16643083926296473
48.0	0.16432166788733166
49.0	0.163711221255423
50.0	0.16312620989984392
51.0	0.16190727319574427
52.0	0.14761264789855016
53.0	0.13893921867018155
54.0	0.13879638981079265
55.0	0.12310086775575693
56.0	0.12221845932309412
57.0	0.12149844534699675
58.0	0.12071777801965206
59.0	0.12013081010435528
60.0	0.11044975262139381
61.0	0.10977473951880254
62.0	0.10931299142543573
63.0	0.10891385324303393
64.0	0.09963780362162726
65.0	0.09909974969927189
66.0	0.09877496078614101
67.0	0.09839538820091574
68.0	0.09802559841427878
69.0	0.0977673325315482
70.0	0.08782996572557383
71.0	0.07311272352936608
72.0	0.0724416235462101
73.0	0.07165899965914774
74.0	0.07090963728728553
75.0	0.0705104991048837
76.0	0.07025614634158844
77.0	0.06986679095777493
78.0	0.06960265539589136
79.0	0.06937765102836094
80.0	0.06902742683890054
81.0	0.06885329302402915
82.0	0.0686341583356517
83.0	0.06839350149038002
84.0	0.06774392366411824
85.0	0.06735261172058707
86.0	0.06702195312830322
87.0	0.06674412164839608
88.0	0.06652498696001863
89.0	0.06619628492745243
90.0	0.06588519193234514
91.0	0.06561127357187331
92.0	0.06535496424886039
93.0	0.065180830433989
94.0	0.06497343510391748
95.0	0.06467408146711613
96.0	0.06440211966636196
97.0	0.06407928731294874
98.0	0.06378580335530035
99.0	0.06270186927171897
100.0	0.06238295003774106
101.0	0.06199359465392753
102.0	0.06299144010993205
103.0	0.062285122051858266
104.0	0.06208946608009268
105.0	0.06261578064414211
106.0	0.06244751650842371
107.0	0.062365341000282154
108.0	0.06136749554427764
109.0	0.061048576310299724
110.0	0.06073161363603947
111.0	0.06096248768272287
112.0	0.06061813317241543
113.0	0.06031877953561407
114.0	0.060500739589356076
115.0	0.061197274848841576
116.0	0.061120969019853
117.0	0.061093577183805814
118.0	0.061036836951993786
119.0	0.06118553549053564
120.0	0.061017271354817236
121.0	0.061101403422676434
122.0	0.06101140167566427
123.0	0.0608724859357107
124.0	0.06077857106926322
125.0	0.06061030693354481
126.0	0.060624002851568395
127.0	0.06043225999923812
128.0	0.06052421830596795
129.0	0.06040486816319094
130.0	0.060526174865685595
131.0	0.06058291509749762
132.0	0.060516392067097316
133.0	0.060461608395002954
134.0	0.060383346006296724
135.0	0.06030312705787282
136.0	0.060383346006296724
137.0	0.060377476327143756
138.0	0.05997246846558898
139.0	0.059990077503047884
140.0	0.05997833814474195
141.0	0.0600155127793774
142.0	0.05998812094333022
143.0	0.05997638158502428
144.0	0.060052687414012866
145.0	0.06005660053344818
146.0	0.060029208697401
147.0	0.05987268391998852
148.0	0.059990077503047884
149.0	0.06006247021260115
150.0	0.060113340765260204
151.0	0.060248343385778454
152.0	0.060287474580131575
153.0	0.06032073609533173
154.0	0.06044595591726171
155.0	0.06126771099867719
156.0	0.06135966930540702
157.0	0.0614711932093134
158.0	0.06154162935914901
159.0	0.06164337046446713
160.0	0.06175880748780882
161.0	0.06179402556272663
162.0	0.06190750602635067
163.0	0.062134466953598755
164.0	0.062296861410164196
165.0	0.06252969201656526
166.0	0.06277034886183692
167.0	0.06308339841666188
168.0	0.06336122989656902
169.0	0.06357840802522882
170.0	0.06364688761534677
171.0	0.06361753921958194
172.0	0.06260599784555383
173.0	0.062334036044799666
174.0	0.06242795091124714
175.0	0.06254143137487118
176.0	0.06259621504696555
177.0	0.06322231415661544
178.0	0.062373167239152774
179.0	0.06288187276574332
180.0	0.07728410884740848
181.0	0.08686929490420478
182.0	0.08476208008828937
183.0	0.08485012527558389
184.0	0.08510447803887915
185.0	0.08413598097863947
186.0	0.08452142324301769
187.0	0.09339833468202255
188.0	0.09356464225802331
189.0	0.093862039335107
190.0	0.09421226352456742
191.0	0.10354505337778612
192.0	0.1039363653213173
193.0	0.1047346416861209
194.0	0.10499486412856915
195.0	0.1061590171605744
196.0	0.12198171559725775
197.0	0.12309695463632163
198.0	0.13192690864210274
199.0	0.14582239575689504
200.0	0.14646414734428617
201.0	0.14691611263906468
202.0	0.1474835149571849
203.0	0.14946355339145267
204.0	0.1502618297562563
205.0	0.15067466385668168
206.0	0.15142206966882624
207.0	0.15269579004502024
208.0	0.1539851628989555
209.0	0.15517866432672558
210.0	0.1563584698364721
211.0	0.15829546395695146
212.0	0.16113051898783487
213.0	0.16481472093618096
214.0	0.16944198466843718
215.0	0.18364660821861908
216.0	0.25420797787616184
217.0	0.30830489750963014
218.0	0.36426446199430684
219.0	0.4238475750760823
220.0	0.4549196999521758
221.0	0.5049528450520727
222.0	0.5853752756866013
223.0	0.6566840511562887
224.0	0.6759913824501171
225.0	0.7133088459449684
226.0	0.7751185239854362
227.0	0.8459596816826037
228.0	0.879154673852354
229.0	0.9351514129716662
230.0	0.9830695170167771
231.0	1.0564307236302855
232.0	1.0867710951719756
233.0	1.1579057368267915
234.0	1.251617121063639
235.0	1.3238063484062714
236.0	1.4034598510717613
237.0	1.457059804536945
238.0	1.5357389404630422
239.0	1.6209334202489334
240.0	1.8105573184049915
241.0	1.8181781185052612
242.0	1.8313927228383091
243.0	1.841306610927672
244.0	1.8521185599274383
245.0	1.8652216403565798
246.0	1.8762331584475476
247.0	1.888870577663887
248.0	1.8948537372804786
249.0	1.908895966374095
250.0	1.9210892465345266
