#Position (bp)	mapping quality
4011823.0	59.96928709274516
1.2035468E7	59.98282864518939
2.0059113E7	59.97944040647652
2.8082758E7	59.52104849912424
3.6106403E7	58.53563714902808
4.4130048E7	56.28546511627907
5.2153693E7	56.34406693711968
6.0177338E7	48.64173591874423
6.8200983E7	41.39913544668588
7.6224628E7	44.40920295809367
8.4248273E7	59.97161727602996
9.2271918E7	55.61699650756694
1.00295563E8	6.396694214876033
1.08319208E8	56.8544812078381
1.16342853E8	57.13822644130586
1.24366498E8	0.0
1.32390143E8	0.0
1.40413788E8	16.044550538673956
1.48437433E8	0.012006616362774091
1.56461078E8	56.243703358208954
1.64484723E8	59.985073330962315
1.72508368E8	5.333333333333333
1.80532013E8	46.323092170465806
1.88555658E8	60.0
1.96579303E8	5.32806324110672
2.04602948E8	59.324546952224054
2.12626593E8	49.6028880866426
2.20650238E8	57.96311745334797
2.28673883E8	58.27955218966085
2.36697528E8	54.88
2.44721173E8	5.617021276595745
2.48844709E8	0.0
2.528565315E8	58.89793599697027
2.60768463E8	59.491793669402114
2.68792108E8	58.7360594795539
2.76815753E8	58.98676684983739
2.84839398E8	2.861226300647265
2.92863043E8	58.949445129469794
3.00886688E8	59.10662330994352
3.08910333E8	0.0
3.16933978E8	54.310871518418686
3.24957623E8	59.42631517826037
3.32981268E8	42.901894451962114
3.41004913E8	31.326116658646068
3.49028558E8	54.91907071738576
3.57052203E8	47.025270758122744
3.65075848E8	40.26437288634025
3.73099493E8	59.96868463509627
3.81123138E8	55.4759657402552
3.89146783E8	0.0
3.97170428E8	0.0
4.05194073E8	9.024721878862794
4.13217718E8	1.4617940199335548
4.21241363E8	57.71761960326721
4.29265008E8	42.77777777777778
4.37288653E8	49.62622950819672
4.45312298E8	36.68402777777778
4.53335943E8	3.9696969696969697
4.61359588E8	0.0
4.69383233E8	55.66596592166408
4.77406878E8	59.299707521659954
4.85430523E8	56.651712493970095
4.902961485E8	59.991461505621174
4.94307971E8	0.0
5.01477813E8	59.59054611025245
5.09501458E8	52.720741599073
5.17525103E8	0.0
5.25548748E8	59.169924812030075
5.33572393E8	58.99933949801849
5.41596038E8	59.9781935194038
5.49619683E8	54.850746268656714
5.57643328E8	56.97381183317168
5.65666973E8	57.26532826912642
5.73690618E8	1.3008130081300813
5.81714263E8	57.99607072691552
5.89737908E8	54.67857142857143
5.97761553E8	51.859154929577464
6.05785198E8	54.11861313868613
6.13808843E8	46.14885496183206
6.21832488E8	59.9786522427264
6.29856133E8	57.33558178752108
6.37879778E8	0.0
6.45903423E8	59.98129617885928
6.53927068E8	49.559471365638764
6.61950713E8	0.0
6.69974358E8	48.4847986852917
6.77998003E8	48.02640722724114
6.85727668E8	59.03954034350674
6.897394905E8	0.0
6.94045293E8	59.86919523265627
7.02068938E8	59.05879535384984
7.10092583E8	27.996859144720947
7.18116228E8	46.80351906158358
7.26139873E8	2.207547169811321
7.34163518E8	0.0
7.42187163E8	37.29832503395201
7.50210808E8	55.857798165137616
7.58234453E8	55.0199370409234
7.66258098E8	51.26431718061674
7.74281743E8	45.20610687022901
7.82305388E8	0.0
7.90329033E8	60.0
7.98352678E8	53.702181208053695
8.06376323E8	0.2857142857142857
8.14399968E8	56.55913978494624
8.22423613E8	2.8881829733163915
8.30447258E8	38.39050131926121
8.38470903E8	59.95354239256678
8.46494548E8	60.0
8.54518193E8	1.8333333333333333
8.62541838E8	0.0
8.70565483E8	59.553903345724905
8.771186855E8	37.30878186968839
8.81130508E8	60.0
8.86612773E8	59.97356761734942
8.94636418E8	55.875056792367104
9.02660063E8	0.0
9.10683708E8	56.91005291005291
9.18707353E8	8.2
9.26730998E8	0.0
9.34754643E8	59.91457858769932
9.42778288E8	53.61726078799249
9.50801933E8	55.75462645647704
9.58825578E8	1.2234042553191489
9.66849223E8	1.3615635179153094
9.74872868E8	0.0
9.82896513E8	0.6
9.90920158E8	57.694840834248076
9.98943803E8	48.958015267175576
1.006967448E9	58.557802365509346
1.014991093E9	52.739570164348926
1.023014738E9	1.1461988304093567
1.031038383E9	31.370558375634516
1.039062028E9	0.46919431279620855
1.047085673E9	55.992998833138856
1.055109318E9	57.331481330174036
1.0601597325E9	0.0
1.064171555E9	55.18809776833156
1.071156608E9	32.350746268656714
1.079180253E9	52.950797872340424
1.087203898E9	59.98086791475696
1.095227543E9	56.4554753786377
1.103251188E9	57.262905162064826
1.111274833E9	0.0
1.119298478E9	58.51716779825412
1.127322123E9	45.04587155963303
1.135345768E9	15.392857142857142
1.143369413E9	53.86721611721612
1.151393058E9	50.141129032258064
1.159416703E9	2.2388059701492535
1.167440348E9	52.108739837398375
1.175463993E9	45.55277777777778
1.183487638E9	60.0
1.191511283E9	0.0
1.199534928E9	59.974339539954485
1.207558573E9	59.97632132685821
1.215582218E9	56.509989701338824
1.223605863E9	36.876574307304786
1.2298109945E9	55.15597783056215
1.233822817E9	59.14951433857539
1.239653153E9	59.93451563588526
1.247676798E9	52.72320302648171
1.255700443E9	12.0
1.263724088E9	35.02242152466368
1.271747733E9	2.1176470588235294
1.279771378E9	54.92519083969466
1.287795023E9	60.0
1.295818668E9	57.91599353796446
1.303842313E9	13.28800525796911
1.311865958E9	59.978748217018335
1.319889603E9	59.817590497737555
1.327913248E9	45.45116279069767
1.335936893E9	34.018605061282074
1.343960538E9	2.602002503128911
1.351984183E9	59.95442019986967
1.360007828E9	56.780989710926015
1.368031473E9	26.38998835855646
1.376055118E9	59.982150325719914
1.384078763E9	57.86388345292455
1.389720431E9	59.00152973106341
1.3937322535E9	59.880428807036836
1.400126053E9	59.331209841287276
1.408149698E9	56.334617501375895
1.416173343E9	56.18916518650089
1.424196988E9	58.918238993710695
1.432220633E9	57.12328767123287
1.440244278E9	46.757266300078555
1.448267923E9	58.64386072083079
1.456291568E9	56.08903781713739
1.464315213E9	0.0
1.472338858E9	56.514181152790485
1.480362503E9	51.42348130841121
1.488386148E9	55.65352697095436
1.496409793E9	59.9876328595133
1.504433438E9	55.82297403619197
1.512457083E9	36.865671641791046
1.520480728E9	55.70606293169609
1.528504373E9	55.366049879324216
1.534502554E9	60.0
1.5385143765E9	47.793518903199
1.544551663E9	56.716061185468455
1.552575308E9	42.088408644400786
1.560598953E9	3.9320388349514563
1.568622598E9	45.032286212914485
1.576646243E9	29.498749546467632
1.584669888E9	0.0
1.592693533E9	0.0
1.600717178E9	26.880413951705634
1.608740823E9	52.51632406287787
1.616764468E9	59.95948250264655
1.624788113E9	59.75797244843596
1.632811758E9	56.08577469042585
1.640835403E9	0.0
1.648859048E9	57.15128205128205
1.656882693E9	56.758905299739354
1.664906338E9	59.96411207228515
1.671900895E9	59.61022966021879
1.6759127175E9	59.9011839708561
1.680953628E9	59.023397761953206
1.688977273E9	43.096774193548384
1.697000918E9	46.223118279569896
1.705024563E9	57.97169163116669
1.713048208E9	48.53403141361257
1.721071853E9	57.117889317889315
1.729095498E9	45.63636363636363
1.737119143E9	44.776119402985074
1.745142788E9	57.994942265483346
1.753166433E9	58.515309779825905
1.761190078E9	59.21729407379799
1.769213723E9	59.98320898448147
1.777237368E9	59.42310261548739
1.785261013E9	51.69346733668342
1.793284658E9	59.201468563561264
1.801308303E9	56.09041095890411
1.8070005885E9	41.409316154608526
1.811012411E9	55.19875415282392
1.817355593E9	56.422764227642276
1.825379238E9	59.4000791452315
1.833402883E9	0.0
1.841426528E9	57.86269868109571
1.849450173E9	58.13859790491539
1.857473818E9	56.57336476134355
1.865497463E9	59.59893899204244
1.873521108E9	57.73416203249373
1.881544753E9	59.69595336656247
1.889568398E9	50.39443155452436
1.897592043E9	59.82705192629816
1.905615688E9	56.96629213483146
1.913639333E9	6.716666666666667
1.921662978E9	59.29173693086003
1.929686623E9	59.5400980911983
1.937710268E9	59.97893850042123
1.942744882E9	60.0
1.9467567045E9	54.85810451727192
1.953757558E9	59.53488847770773
1.961781203E9	0.21897810218978103
1.969804848E9	59.27786715697541
1.977828493E9	15.532178217821782
1.985852138E9	58.90924133366427
1.993875783E9	57.15926671611741
2.001899428E9	57.96517412935324
2.009923073E9	11.049846625766872
2.017946718E9	4.666666666666667
2.025970363E9	56.50270098506514
2.033994008E9	0.0
2.042017653E9	56.142270861833104
2.050041298E9	57.92811839323467
2.058064943E9	59.13367676591286
2.066088588E9	59.49825023860382
2.0735716965E9	59.11652304233795
2.077583519E9	0.0
2.082135878E9	0.0
2.090159523E9	0.0
2.098183168E9	58.37959489872468
2.106206813E9	54.66168371361133
2.114230458E9	57.25644740654883
2.122254103E9	57.05979381443299
2.130277748E9	38.79411103618791
2.138301393E9	0.0
2.146325038E9	7.0212765957446805
2.154348683E9	49.8664546899841
2.162372328E9	40.71172487053512
2.170395973E9	45.216
2.178419618E9	39.917355371900825
2.186443263E9	58.72415829887773
2.190931198E9	60.0
2.1949430205E9	0.0
2.202490553E9	0.0
2.210514198E9	53.69337979094077
2.218537843E9	57.77777777777778
2.226561488E9	54.78806108283202
2.234585133E9	42.644
2.242608778E9	14.598984771573605
2.250632423E9	43.88783269961977
2.258656068E9	58.90968998053018
2.266679713E9	38.81188118811881
2.274703358E9	57.37112403100775
2.282727003E9	59.95881648852397
2.290750648E9	53.20110648081621
2.2966067495E9	59.42700492101656
2.300618572E9	0.0
2.306797938E9	0.0
2.314821583E9	3.868292682926829
2.322845228E9	51.42544731610338
2.330868873E9	56.11136241249327
2.338892518E9	59.92846822259684
2.346916163E9	43.4083850931677
2.354939808E9	56.253671928620456
2.362963453E9	59.13259723964868
2.370987098E9	52.36498101139316
2.379010743E9	51.56523229898851
2.387034388E9	34.53719008264463
2.395058033E9	0.0
2.3997560365E9	8.472568578553616
2.403767859E9	58.772383152656836
2.411105323E9	55.93351206434316
2.419128968E9	58.27006399945241
2.427152613E9	59.98119753471414
2.435176258E9	59.15725500998554
2.443199903E9	0.0
2.451223548E9	52.36250795671547
2.459247193E9	59.80384816349325
2.467270838E9	59.98486804731685
2.475294483E9	54.16474919466176
2.483318128E9	57.648135137611874
2.4890552565E9	59.977042280466804
2.493067079E9	59.47790055248619
2.499365418E9	59.53241858763264
2.507389063E9	55.98414528682618
2.515412708E9	52.73221757322176
2.523436353E9	53.81984732824427
2.531459998E9	59.488248934570066
2.539483643E9	59.04199382443758
2.547507288E9	57.24118476727786
2.555530933E9	35.13025210084034
2.563554578E9	57.536769955733256
2.570802202E9	59.51388061479805
2.5748140245E9	50.534364261168385
2.579601868E9	47.04920304920305
2.587625513E9	38.69760396584963
2.595649158E9	58.89411764705882
2.603672803E9	6.096385542168675
2.611696448E9	55.336273428886436
2.619720093E9	53.20519083969466
2.627743738E9	39.403669724770644
2.635767383E9	45.85463842220599
2.643791028E9	29.61336032388664
2.6511070695E9	58.98712932454695
2.655118892E9	55.948076923076925
2.659838318E9	59.770127578839116
2.667861963E9	57.85576614198522
2.675885608E9	59.0990990990991
2.683909253E9	59.16279069767442
2.691932898E9	52.48971289271133
2.699956543E9	56.11355311355312
2.707980188E9	58.13172804532578
2.7125104575E9	59.255359157578035
2.71652228E9	59.10537843757605
2.724027478E9	58.22134073780246
2.732051123E9	59.7836957785789
2.740074768E9	59.23415058877897
2.748098413E9	53.28478654317045
2.756122058E9	49.673995451099316
2.764145703E9	48.38709677419355
2.772169348E9	59.94961879000669
2.776827121E9	59.83456372854221
2.7808389435E9	0.0
2.788216638E9	45.338227582590456
2.796240283E9	0.0
2.804263928E9	60.0
2.812287573E9	59.768177028451
2.820241225E9	45.46242192222446
2.8242530475E9	0.0
2.828334863E9	0.0
2.836358508E9	39.00424021299675
2.844382153E9	52.1928090653489
2.852405798E9	54.75151125401929
2.860429443E9	58.62461747704862
2.868453088E9	59.62368827160494
2.8737332165E9	59.98601235575242
2.877745039E9	0.0
2.884500378E9	52.816901408450704
2.892524023E9	44.86768676867687
2.900547668E9	10.876425855513308
2.908571313E9	2.0
2.916594958E9	52.502789140944586
2.924618603E9	37.14110429447853
2.932642248E9	60.0
2.940665893E9	56.27425614489004
2.948689538E9	53.43888070692194
2.956713183E9	54.66122448979592
2.964736828E9	56.12954186413902
2.972760473E9	52.68707482993197
2.980784118E9	59.876543209876544
2.988807763E9	43.75197294250282
2.996831408E9	37.3396674584323
3.004855053E9	56.53846153846154
3.012878698E9	58.376170212765956
3.020902343E9	0.0
3.0279782915E9	59.619299307816924
3.031990114E9	0.0
3.036949633E9	0.0
3.044973278E9	16.370995301153354
3.052996923E9	0.0
3.061020568E9	0.0
3.069044213E9	0.0
3.077067858E9	0.0
3.0846747565E9	0.0
3.088278117E9	0.0
3.088373929E9	0.0
3.0884774725E9	0.0
3.0885573295E9	0.0
3.0886546005E9	0.0
3.0887081185E9	0.0
3.0887493115E9	0.0
3.088858438E9	2.0305994710415747
3.088966832E9	0.0
3.089008063E9	0.0
3.0890661235E9	0.0
3.089146859E9	0.0
3.089267292E9	0.0
3.08942189E9	0.0
3.089604443E9	0.0
3.089755642E9	0.0
3.0898220175E9	0.0
3.0898610755E9	0.0
3.089968525E9	0.0
3.0900764725E9	0.0
3.0901461555E9	0.0
3.090297168E9	0.0
3.090503609E9	12.145730889584264
3.0907062205E9	0.0
3.09089898E9	0.0
3.091013772E9	24.0
3.091052607E9	0.0
3.0911587895E9	0.0
3.091267064E9	0.0
3.0915130575E9	0.0
3.092673561E9	0.0
3.093702736E9	0.0
3.093935951E9	0.0
3.094132646E9	0.0
3.0942642985E9	0.0
3.094360447E9	0.0
3.0944711045E9	0.0
3.0946435155E9	0.0
3.094747446E9	0.0
3.0948598115E9	0.0
3.0950026905E9	0.0
3.095104297E9	0.0
3.095190977E9	0.0
3.0952465895E9	0.0
3.0952663465E9	0.0
3.095268566E9	0.0
3.0952706195E9	0.0
3.0952723265E9	0.0
3.0952838005E9	0.0
3.0952967465E9	0.0
3.095299555E9	0.0
3.0953008775E9	0.0
3.0953027375E9	0.0
3.0953043745E9	0.0
3.095311073E9	0.0
3.0953361175E9	0.0
3.095355552E9	0.0
3.0953574645E9	0.0
3.095360032E9	0.0
3.095361791E9	0.0
3.095363378E9	0.0
3.095365611E9	0.0
3.0953678415E9	0.0
3.095369933E9	0.0
3.095371677E9	0.0
3.09537289E9	0.0
3.0953743225E9	0.0
3.095375945E9	0.0
3.095572656E9	0.0
3.095769303E9	0.0
3.0957708065E9	0.0
3.0957736535E9	0.0
3.095822105E9	0.0
3.095924849E9	0.0
3.095983129E9	0.0
3.095986364E9	0.0
3.0959887305E9	0.0
3.0959909825E9	0.0
3.095993051E9	0.0
3.0959946765E9	0.0
3.096006671E9	0.0
3.0960870785E9	0.0
3.0961589785E9	0.0
3.096165879E9	0.0
3.096173123E9	0.0
3.09617898E9	0.0
3.096183283E9	0.0
3.096185859E9	0.0
3.0961883E9	0.0
3.0961908755E9	0.0
3.096192456E9	0.0
3.096238607E9	0.0
3.0962848625E9	0.0
3.096286263E9	0.0
3.0962877625E9	0.0
3.096289947E9	0.0
3.096292208E9	0.0
3.0962965075E9	0.0
3.096315547E9	0.0
3.0963533005E9	0.0
3.09637788E9	0.0
3.096382479E9	0.0
3.0963879875E9	0.0
3.0963943185E9	0.0
3.096398918E9	0.0
3.0964033365E9	0.0
3.0964070605E9	0.0
3.0964084065E9	0.0
3.0964096105E9	0.0
3.096411644E9	0.0
3.0964135175E9	0.0
3.0964147555E9	0.0
3.0964161835E9	0.0
3.0964174105E9	0.0
3.096418484E9	0.0
3.096419946E9	0.0
3.096422275E9	0.0
3.0964254675E9	0.0
3.0964313925E9	0.0
3.0964360765E9	0.0
3.096437123E9	0.0
3.0964382945E9	0.0
3.096440137E9	0.0
3.096442099E9	0.0
3.096443439E9	0.0
3.0964449505E9	0.0
3.0964464985E9	0.0
3.0964475915E9	0.0
3.0964489705E9	0.0
3.0964506065E9	0.0
3.0964522235E9	0.0
3.0964537525E9	0.0
3.0964552355E9	0.0
3.09645655E9	0.0
3.0964580005E9	0.0
3.0964594605E9	0.0
3.096462063E9	0.0
3.0964647385E9	0.0
3.0964666345E9	0.0
3.0964687875E9	0.0
3.096470338E9	0.0
3.0964722525E9	0.0
3.096474844E9	0.0
3.0964802425E9	0.0
3.0964880595E9	0.0
3.0965833285E9	0.0
3.0967643755E9	0.0
3.0969348755E9	0.0
3.0970713735E9	0.07262375987468207
3.09716122E9	0.0
3.0972741855E9	0.0
3.0973604055E9	0.0
3.097450029E9	0.0
3.0976374775E9	15.877358490566039
3.0978270425E9	38.10525403155887
3.097932224E9	0.0
3.0979864125E9	0.0
3.098119023E9	0.0
3.098265051E9	0.0
3.098391091E9	59.852800773108854
3.0985448955E9	0.0
3.0986946915E9	0.0
3.098783935E9	0.0
3.0988292795E9	0.0
3.098880847E9	0.0
3.098919304E9	0.0
3.0989774605E9	0.0
3.099052881E9	0.0
3.0991573655E9	48.49712092130518
3.099319594E9	0.0
3.0995012675E9	29.682737169517885
3.099670145E9	0.0
3.0999279405E9	0.0
3.100233298E9	0.0
3.1004161975E9	0.0
3.100563604E9	0.0
3.100747466E9	0.0
3.1008938195E9	0.0
3.1011322435E9	0.0
3.1013406625E9	0.0
3.1018216205E9	0.0
3.10249025E9	0.0
3.1027859675E9	0.0
3.1029370045E9	0.0
3.103040568E9	0.0
3.103187824E9	0.0
3.1033599445E9	0.0
3.1034919475E9	0.0
3.103630163E9	0.0
3.103765693E9	0.0
3.1038899E9	0.0
3.104000147E9	0.0
3.104103262E9	7.476070528967254
3.104213238E9	0.0
3.1043622315E9	0.0
3.1045301035E9	0.0
3.104697468E9	0.0
3.104838637E9	0.0
3.1050052845E9	0.0
3.105133977E9	0.0
3.1052243125E9	0.0
3.105384834E9	0.0
3.1055957845E9	0.0
3.1057764275E9	0.0
3.1059356005E9	0.0
3.106119471E9	0.0
3.1062928875E9	0.0
3.1064952125E9	0.0
3.106793429E9	0.0
3.107037494E9	0.0
3.1073867035E9	0.0
3.107759424E9	0.0
3.1079211745E9	0.0
3.1080633985E9	0.0
3.1082263265E9	0.0
3.1084513465E9	0.0
3.1086364625E9	0.0
3.108789052E9	0.0
3.1089764285E9	0.0
3.1091156475E9	0.0
3.1092704375E9	0.0
3.1094661425E9	0.0
3.1103548855E9	0.0
3.11121197E9	0.0
3.1113489445E9	0.0
3.111522028E9	0.0
3.1116747035E9	0.0
3.112457455E9	3.1984084605997856
3.114793642E9	0.0
3.1165009275E9	0.0
3.1166649055E9	0.0
3.1168033475E9	0.0
3.1173009555E9	0.0
3.117773698E9	0.0
3.117904112E9	0.0
3.1180957915E9	0.0
3.1183304505E9	0.0
3.1185453175E9	0.0
3.1187290865E9	0.0
3.1189129625E9	0.0
3.119051637E9	0.0
3.1196670135E9	0.0
3.120358526E9	0.0
3.1205574705E9	0.0
3.1207256815E9	0.0
3.1209034785E9	0.0
3.1210870935E9	0.0
3.1212284615E9	0.0
3.1214052355E9	0.0
3.1220442065E9	0.0
3.1226870745E9	0.0
3.1231494355E9	0.0
3.1235325875E9	0.0
3.123790701E9	0.0
3.124044676E9	0.0
3.1241297635E9	0.0
3.124227575E9	0.0
3.124459987E9	0.0
3.1246790295E9	0.0
3.1248266455E9	0.0
3.124943915E9	0.0
3.1250653335E9	0.0
3.1251809925E9	0.0
3.1254305495E9	0.0
3.1257397175E9	0.0
3.1259200925E9	0.0
3.1261657415E9	0.0
3.1264148E9	0.0
3.126614024E9	0.0
3.1268076365E9	0.0
3.12704463E9	0.0
3.127295107E9	0.0
3.12747434E9	0.0
3.1276520425E9	0.0
3.127848246E9	52.5
3.127977804E9	0.0
3.128104742E9	0.0
3.128281483E9	0.0
3.128569275E9	5.104684041820859
3.1287934555E9	0.0
3.1288739025E9	0.0
3.129053374E9	0.0
3.129196997E9	0.0
3.129281586E9	0.0
3.129410949E9	0.0
3.1295567135E9	0.0
3.1296928995E9	0.0
3.129844808E9	0.0
3.129974998E9	0.0
3.1300410955E9	0.0
3.1301650045E9	0.0
3.1303509995E9	0.0
3.1304930685E9	0.0
3.1306295515E9	0.0
3.130867575E9	0.0
3.131039675E9	0.0
3.1312194015E9	0.0
3.13213604E9	0.0
3.132981947E9	0.0
3.133747995E9	0.0
3.134663191E9	0.0
3.1350342175E9	0.0
3.1353294355E9	0.0
3.13564139E9	0.0
3.135912112E9	0.0
3.136228957E9	0.0
3.1366387835E9	0.0
3.13692132E9	0.0
3.1370204075E9	0.0
3.137148797E9	0.0
3.1372652255E9	0.0
3.1386151055E9	7.061124694376528
3.1400411865E9	0.0
3.1401822535E9	0.0
3.140414935E9	18.0
3.140798459E9	0.0
3.1410924815E9	0.0
3.1426293625E9	0.0
3.144206965E9	0.0
3.144381203E9	0.0
3.144482951E9	0.0
3.1449091835E9	0.0
3.1458201795E9	0.0
3.146483516E9	0.0
3.146713427E9	0.0
3.146885722E9	0.0
3.146985213E9	0.0
3.147119783E9	0.0
3.147265112E9	0.0
3.147465896E9	0.0
3.147693206E9	0.0
3.1478747395E9	0.0
3.1480261545E9	0.0
3.1481624055E9	0.0
3.148326154E9	0.0
3.148489927E9	0.0
3.1486047935E9	0.0
3.148662145E9	0.0
3.148881458E9	0.0
3.1491593975E9	0.0
3.1493385205E9	0.0
3.1495104645E9	0.0
3.1496099745E9	0.0
3.1497484335E9	0.0
3.1503591725E9	0.0
3.1509172235E9	0.0
3.1510408035E9	0.0
3.151129521E9	0.0
3.151250568E9	0.0
3.151374243E9	0.0
3.151489573E9	0.0
3.1516448945E9	0.0
3.151817443E9	0.0
3.151955368E9	0.0
3.152051039E9	0.0
3.1521507295E9	0.0
3.1523220325E9	0.0
3.1525451205E9	0.0
3.152790319E9	0.0
3.1530742195E9	0.0
3.153249269E9	0.0
3.1532999345E9	0.0
3.1533558455E9	0.0
3.153485713E9	0.0
3.153709553E9	0.0
3.1539240905E9	0.0
3.154120597E9	0.0
3.1543302E9	0.0
3.154493926E9	0.0
3.154657966E9	0.0
3.154845599E9	0.0
3.1550524745E9	0.0
3.1552349965E9	0.0
3.1553981115E9	0.0
3.15557571E9	0.0
3.1557532995E9	0.0
3.1559197455E9	0.0
3.1561079305E9	0.0
3.1562956185E9	0.0
3.1564576755E9	0.0
3.156728397E9	0.0
3.1574898795E9	0.0
3.158127567E9	0.0
3.159754588E9	3.0583941605839415
3.1621522205E9	0.0
3.163083745E9	0.0
3.163247659E9	0.0
3.163475482E9	0.0
3.163688181E9	0.0
3.163848849E9	0.0
3.164242336E9	3.444592884318178
3.1646267025E9	0.0
3.167032335E9	5.745098039215686
3.169613042E9	0.0
3.169955169E9	0.0
3.170102579E9	0.0
3.1703440285E9	0.0
3.1705509635E9	0.0
3.1713065935E9	0.0
3.172105219E9	0.0
3.1722711045E9	0.0
3.1727147195E9	0.0
3.173116486E9	0.0
3.173290497E9	0.0
3.1735300985E9	0.0
3.173718028E9	0.0
3.1738956185E9	0.0
3.1740833425E9	0.0
3.174240364E9	0.0
3.17438727E9	0.0
3.174571623E9	0.0
3.1748117375E9	0.0
3.175046817E9	0.0
3.1752354605E9	0.0
3.1754134065E9	0.0
3.175774576E9	0.0
3.176707948E9	0.0
3.1790103535E9	38.57142857142857
3.1807719275E9	0.0
3.1809958745E9	0.0
3.1816373325E9	0.0
3.182257536E9	0.0
3.182438689E9	0.0
3.182632177E9	0.0
3.1828176375E9	0.0
3.1830105775E9	0.0
3.183203712E9	0.0
3.183377671E9	0.0
3.1835480905E9	0.0
3.1845084425E9	4.857146422836604
3.186847264E9	0.0
3.188853383E9	0.0
3.189497979E9	0.0
3.1915036825E9	0.0
3.193917589E9	0.0
3.1949576625E9	0.0
3.1955729425E9	0.0
3.1979582215E9	0.0
3.200762757E9	0.0
3.201346902E9	0.0
3.2014320305E9	0.0
3.203896665E9	0.8278145695364238
3.2068525245E9	0.0
3.2073844505E9	0.0
3.207821066E9	0.0
3.2087527055E9	0.0
3.209372017E9	0.0
