#Position (bp)	insert size
4011823.0	11448.346896964731
1.2035468E7	5889.756256887767
2.0059113E7	335.61735504368545
2.8082758E7	166.58064516129033
3.6106403E7	241.3125
4.4130048E7	231.66666666666666
5.2153693E7	158.0
6.0177338E7	229.0
6.8200983E7	188.5
7.6224628E7	0.0
8.4248273E7	287.13746921182263
9.2271918E7	278.7142857142857
1.00295563E8	0.0
1.08319208E8	286.38461538461536
1.16342853E8	0.0
1.24366498E8	0.0
1.32390143E8	0.0
1.40413788E8	234.56007468335267
1.48437433E8	684.1687426729192
1.56461078E8	246.5
1.64484723E8	1946.2759632394184
1.72508368E8	0.0
1.80532013E8	224.75
1.88555658E8	95.0
1.96579303E8	0.0
2.04602948E8	136.88888888888889
2.12626593E8	0.0
2.20650238E8	0.0
2.28673883E8	169.5
2.36697528E8	144.0
2.44721173E8	0.0
2.48844709E8	0.0
2.528565315E8	217.4
2.60768463E8	316.2
2.68792108E8	0.0
2.76815753E8	270.6666666666667
2.84839398E8	6.3670868631736524E7
2.92863043E8	288.0
3.00886688E8	307.27272727272725
3.08910333E8	338.25
3.16933978E8	6.8541993E7
3.24957623E8	207.5
3.32981268E8	266.0
3.41004913E8	2602.688164893617
3.49028558E8	315.3125
3.57052203E8	232.0
3.65075848E8	234.25
3.73099493E8	12193.777983348751
3.81123138E8	306.8888888888889
3.89146783E8	0.0
3.97170428E8	0.0
4.05194073E8	0.0
4.13217718E8	0.0
4.21241363E8	478.7142857142857
4.29265008E8	0.0
4.37288653E8	0.0
4.45312298E8	0.0
4.53335943E8	0.0
4.61359588E8	315.0
4.69383233E8	201.55555555555554
4.77406878E8	209.39473684210526
4.85430523E8	266.75
4.902961485E8	342.0
4.94307971E8	0.0
5.01477813E8	270.5
5.09501458E8	232.5
5.17525103E8	0.0
5.25548748E8	0.0
5.33572393E8	236.0
5.41596038E8	328.94939106901217
5.49619683E8	832.0
5.57643328E8	257.0
5.65666973E8	265.3333333333333
5.73690618E8	0.0
5.81714263E8	0.0
5.89737908E8	0.0
5.97761553E8	0.0
6.05785198E8	0.0
6.13808843E8	520.5
6.21832488E8	289.61855961952216
6.29856133E8	274.0
6.37879778E8	166.69230769230768
6.45903423E8	291.0458609641606
6.53927068E8	0.0
6.61950713E8	328.0
6.69974358E8	0.0
6.77998003E8	316.0
6.85727668E8	276.75
6.897394905E8	0.0
6.94045293E8	7317.868687279632
7.02068938E8	165.0
7.10092583E8	0.0
7.18116228E8	491.0
7.26139873E8	765.0
7.34163518E8	200.0
7.42187163E8	319.0
7.50210808E8	272.0
7.58234453E8	227.0
7.66258098E8	0.0
7.74281743E8	274.6666666666667
7.82305388E8	0.0
7.90329033E8	0.0
7.98352678E8	0.0
8.06376323E8	304.0
8.14399968E8	0.0
8.22423613E8	0.0
8.30447258E8	0.0
8.38470903E8	140.89473684210526
8.46494548E8	145.0
8.54518193E8	173.0
8.62541838E8	329.0
8.70565483E8	104.0
8.771186855E8	311.0
8.81130508E8	305.5
8.86612773E8	332.3249299719888
8.94636418E8	282.0
9.02660063E8	0.0
9.10683708E8	138.4
9.18707353E8	106.0
9.26730998E8	393.0
9.34754643E8	256.7142857142857
9.42778288E8	0.0
9.50801933E8	0.0
9.58825578E8	0.0
9.66849223E8	0.0
9.74872868E8	0.0
9.82896513E8	0.0
9.90920158E8	0.0
9.98943803E8	351.0
1.006967448E9	234.0
1.014991093E9	244.22222222222223
1.023014738E9	216.0
1.031038383E9	347.5
1.039062028E9	0.0
1.047085673E9	196.92592592592592
1.055109318E9	292.3
1.0601597325E9	0.0
1.064171555E9	160.0
1.071156608E9	0.0
1.079180253E9	326.0
1.087203898E9	1712.2879045588481
1.095227543E9	7524492.142857143
1.103251188E9	234.8181818181818
1.111274833E9	161.0
1.119298478E9	0.0
1.127322123E9	260.0
1.135345768E9	0.0
1.143369413E9	6.0728577E7
1.151393058E9	0.0
1.159416703E9	0.0
1.167440348E9	0.0
1.175463993E9	0.0
1.183487638E9	0.0
1.191511283E9	0.0
1.199534928E9	288.33070702882026
1.207558573E9	610.7214709980201
1.215582218E9	278.0
1.223605863E9	372.6666666666667
1.2298109945E9	125.67857142857143
1.233822817E9	286.05882352941177
1.239653153E9	32813.6273902688
1.247676798E9	0.0
1.255700443E9	4.573081E7
1.263724088E9	8.1924904E7
1.271747733E9	259.1666666666667
1.279771378E9	199.0
1.287795023E9	363.0
1.295818668E9	286.375
1.303842313E9	300.02702702702703
1.311865958E9	2895.9091252835897
1.319889603E9	56563.19489981785
1.327913248E9	255.0
1.335936893E9	163.0
1.343960538E9	0.0
1.351984183E9	1314.842409109754
1.360007828E9	314.25
1.368031473E9	0.0
1.376055118E9	340.555868450166
1.384078763E9	249.35294117647058
1.389720431E9	199.84615384615384
1.3937322535E9	200.64705882352942
1.400126053E9	251.14285714285714
1.408149698E9	239.5
1.416173343E9	127.75
1.424196988E9	251.33333333333334
1.432220633E9	0.0
1.440244278E9	0.0
1.448267923E9	250.0
1.456291568E9	377.0
1.464315213E9	394.6666666666667
1.472338858E9	423.0
1.480362503E9	0.0
1.488386148E9	0.0
1.496409793E9	284.070278277431
1.504433438E9	436.5
1.512457083E9	138.0
1.520480728E9	0.0
1.528504373E9	186.63636363636363
1.534502554E9	230.74193548387098
1.5385143765E9	328.0
1.544551663E9	1.1847579333333334E7
1.552575308E9	234.0
1.560598953E9	0.0
1.568622598E9	188.0
1.576646243E9	409451.6788990826
1.584669888E9	0.0
1.592693533E9	0.0
1.600717178E9	335.0
1.608740823E9	0.0
1.616764468E9	326.7779278670809
1.624788113E9	459.1
1.632811758E9	350.0
1.640835403E9	0.0
1.648859048E9	450.5
1.656882693E9	292.0
1.664906338E9	273.64014659491556
1.671900895E9	172.0
1.6759127175E9	196.61818181818182
1.680953628E9	417.3333333333333
1.688977273E9	0.0
1.697000918E9	130.0
1.705024563E9	277.85714285714283
1.713048208E9	223.0
1.721071853E9	214.85714285714286
1.729095498E9	0.0
1.737119143E9	228.0
1.745142788E9	214.875
1.753166433E9	199.94736842105263
1.761190078E9	271.5
1.769213723E9	514.2197027483069
1.777237368E9	555.0
1.785261013E9	235.75
1.793284658E9	137.66666666666666
1.801308303E9	266.1666666666667
1.8070005885E9	272.9230769230769
1.811012411E9	262.6666666666667
1.817355593E9	194.33333333333334
1.825379238E9	325.6666666666667
1.833402883E9	175.0
1.841426528E9	0.0
1.849450173E9	258.0
1.857473818E9	860.0
1.865497463E9	0.0
1.873521108E9	318.5
1.881544753E9	377.0945945945946
1.889568398E9	186.0
1.897592043E9	302.06451612903226
1.905615688E9	114.0
1.913639333E9	0.0
1.921662978E9	159.45454545454547
1.929686623E9	176.4375
1.937710268E9	173.15384615384616
1.942744882E9	0.0
1.9467567045E9	299.57142857142856
1.953757558E9	6112.040965700245
1.961781203E9	0.0
1.969804848E9	192.5
1.977828493E9	275.0
1.985852138E9	298.85714285714283
1.993875783E9	506.4
2.001899428E9	148.0
2.009923073E9	139.0
2.017946718E9	526.0
2.025970363E9	229.14285714285714
2.033994008E9	0.0
2.042017653E9	0.0
2.050041298E9	399.0
2.058064943E9	281.4736842105263
2.066088588E9	204.0344827586207
2.0735716965E9	312.8333333333333
2.077583519E9	0.0
2.082135878E9	0.0
2.090159523E9	0.0
2.098183168E9	0.0
2.106206813E9	189.33333333333334
2.114230458E9	0.0
2.122254103E9	183.45454545454547
2.130277748E9	224.0
2.138301393E9	141.0
2.146325038E9	0.0
2.154348683E9	227.0
2.162372328E9	0.0
2.170395973E9	0.0
2.178419618E9	0.0
2.186443263E9	203.0
2.190931198E9	0.0
2.1949430205E9	0.0
2.202490553E9	0.0
2.210514198E9	0.0
2.218537843E9	302.0
2.226561488E9	479.0
2.234585133E9	0.0
2.242608778E9	202.0
2.250632423E9	193.5
2.258656068E9	337.5833333333333
2.266679713E9	325.3333333333333
2.274703358E9	0.0
2.282727003E9	266.836170212766
2.290750648E9	181.6451612903226
2.2966067495E9	290.8688524590164
2.300618572E9	0.0
2.306797938E9	0.0
2.314821583E9	0.0
2.322845228E9	0.0
2.330868873E9	219.0
2.338892518E9	5286.841491540036
2.346916163E9	337.0
2.354939808E9	325.55172413793105
2.362963453E9	212.36363636363637
2.370987098E9	253.875
2.379010743E9	246.6875
2.387034388E9	0.0
2.395058033E9	379.0
2.3997560365E9	328.0
2.403767859E9	237.5
2.411105323E9	208.33333333333334
2.419128968E9	168.14197530864197
2.427152613E9	1135.259476365639
2.435176258E9	182.86259541984734
2.443199903E9	0.0
2.451223548E9	330.5
2.459247193E9	721.803497005988
2.467270838E9	292.37222389926256
2.475294483E9	0.0
2.483318128E9	396.6666666666667
2.4890552565E9	255.8
2.493067079E9	241.92
2.499365418E9	300.1578947368421
2.507389063E9	280.6666666666667
2.515412708E9	244.66666666666666
2.523436353E9	194.55555555555554
2.531459998E9	307.212962962963
2.539483643E9	266.16
2.547507288E9	356.5
2.555530933E9	210.5
2.563554578E9	185.625
2.570802202E9	216.54098360655738
2.5748140245E9	0.0
2.579601868E9	182.0
2.587625513E9	164.5
2.595649158E9	273.0
2.603672803E9	0.0
2.611696448E9	291.77777777777777
2.619720093E9	0.0
2.627743738E9	0.0
2.635767383E9	131.7
2.643791028E9	0.0
2.6511070695E9	193.30769230769232
2.655118892E9	204.0
2.659838318E9	250.19815668202764
2.667861963E9	183.5
2.675885608E9	383.7241379310345
2.683909253E9	384.25
2.691932898E9	535.7416412890503
2.699956543E9	212.33333333333334
2.707980188E9	239.14285714285714
2.7125104575E9	233.0
2.71652228E9	0.0
2.724027478E9	498.0
2.732051123E9	0.0
2.740074768E9	251.4498432601881
2.748098413E9	172.5909090909091
2.756122058E9	201.11111111111111
2.764145703E9	437.25
2.772169348E9	336.2223003374578
2.776827121E9	356.15384615384613
2.7808389435E9	252.0
2.788216638E9	0.0
2.796240283E9	0.0
2.804263928E9	236.0
2.812287573E9	168.0
2.820241225E9	210.9
2.8242530475E9	0.0
2.828334863E9	0.0
2.836358508E9	317.375
2.844382153E9	209.45833333333334
2.852405798E9	252.0
2.860429443E9	160.0
2.868453088E9	221.2982456140351
2.8737332165E9	277.0
2.877745039E9	229.25
2.884500378E9	0.0
2.892524023E9	721.0
2.900547668E9	255.5
2.908571313E9	0.0
2.916594958E9	0.0
2.924618603E9	0.0
2.932642248E9	72.0
2.940665893E9	218.2
2.948689538E9	281.0
2.956713183E9	0.0
2.964736828E9	79.0
2.972760473E9	0.0
2.980784118E9	0.0
2.988807763E9	0.0
2.996831408E9	0.0
3.004855053E9	293.0
3.012878698E9	229.9142857142857
3.020902343E9	0.0
3.0279782915E9	251.41
3.031990114E9	0.0
3.036949633E9	0.0
3.044973278E9	211.0
3.052996923E9	0.0
3.061020568E9	0.0
3.069044213E9	0.0
3.077067858E9	0.0
3.0846747565E9	0.0
3.088278117E9	0.0
3.088373929E9	0.0
3.0884774725E9	0.0
3.0885573295E9	0.0
3.0886546005E9	0.0
3.0887081185E9	0.0
3.0887493115E9	181.0
3.088858438E9	232.90415382357259
3.088966832E9	0.0
3.089008063E9	0.0
3.0890661235E9	0.0
3.089146859E9	0.0
3.089267292E9	0.0
3.08942189E9	0.0
3.089604443E9	0.0
3.089755642E9	0.0
3.0898220175E9	0.0
3.0898610755E9	0.0
3.089968525E9	0.0
3.0900764725E9	0.0
3.0901461555E9	0.0
3.090297168E9	0.0
3.090503609E9	4272.25
3.0907062205E9	0.0
3.09089898E9	0.0
3.091013772E9	0.0
3.091052607E9	0.0
3.0911587895E9	0.0
3.091267064E9	0.0
3.0915130575E9	0.0
3.092673561E9	0.0
3.093702736E9	0.0
3.093935951E9	0.0
3.094132646E9	0.0
3.0942642985E9	0.0
3.094360447E9	0.0
3.0944711045E9	0.0
3.0946435155E9	376.0
3.094747446E9	0.0
3.0948598115E9	0.0
3.0950026905E9	0.0
3.095104297E9	0.0
3.095190977E9	0.0
3.0952465895E9	0.0
3.0952663465E9	0.0
3.095268566E9	0.0
3.0952706195E9	0.0
3.0952723265E9	0.0
3.0952838005E9	0.0
3.0952967465E9	0.0
3.095299555E9	0.0
3.0953008775E9	0.0
3.0953027375E9	0.0
3.0953043745E9	0.0
3.095311073E9	0.0
3.0953361175E9	0.0
3.095355552E9	0.0
3.0953574645E9	0.0
3.095360032E9	0.0
3.095361791E9	0.0
3.095363378E9	0.0
3.095365611E9	0.0
3.0953678415E9	0.0
3.095369933E9	0.0
3.095371677E9	0.0
3.09537289E9	0.0
3.0953743225E9	0.0
3.095375945E9	0.0
3.095572656E9	0.0
3.095769303E9	0.0
3.0957708065E9	0.0
3.0957736535E9	0.0
3.095822105E9	0.0
3.095924849E9	0.0
3.095983129E9	0.0
3.095986364E9	0.0
3.0959887305E9	0.0
3.0959909825E9	0.0
3.095993051E9	0.0
3.0959946765E9	0.0
3.096006671E9	0.0
3.0960870785E9	0.0
3.0961589785E9	0.0
3.096165879E9	0.0
3.096173123E9	0.0
3.09617898E9	0.0
3.096183283E9	0.0
3.096185859E9	0.0
3.0961883E9	0.0
3.0961908755E9	0.0
3.096192456E9	0.0
3.096238607E9	0.0
3.0962848625E9	0.0
3.096286263E9	0.0
3.0962877625E9	0.0
3.096289947E9	0.0
3.096292208E9	0.0
3.0962965075E9	0.0
3.096315547E9	0.0
3.0963533005E9	0.0
3.09637788E9	0.0
3.096382479E9	0.0
3.0963879875E9	0.0
3.0963943185E9	0.0
3.096398918E9	0.0
3.0964033365E9	0.0
3.0964070605E9	0.0
3.0964084065E9	0.0
3.0964096105E9	0.0
3.096411644E9	0.0
3.0964135175E9	0.0
3.0964147555E9	0.0
3.0964161835E9	0.0
3.0964174105E9	0.0
3.096418484E9	0.0
3.096419946E9	0.0
3.096422275E9	0.0
3.0964254675E9	0.0
3.0964313925E9	0.0
3.0964360765E9	0.0
3.096437123E9	0.0
3.0964382945E9	0.0
3.096440137E9	0.0
3.096442099E9	0.0
3.096443439E9	0.0
3.0964449505E9	0.0
3.0964464985E9	0.0
3.0964475915E9	0.0
3.0964489705E9	0.0
3.0964506065E9	0.0
3.0964522235E9	0.0
3.0964537525E9	0.0
3.0964552355E9	0.0
3.09645655E9	0.0
3.0964580005E9	0.0
3.0964594605E9	0.0
3.096462063E9	0.0
3.0964647385E9	0.0
3.0964666345E9	0.0
3.0964687875E9	0.0
3.096470338E9	0.0
3.0964722525E9	0.0
3.096474844E9	0.0
3.0964802425E9	0.0
3.0964880595E9	0.0
3.0965833285E9	0.0
3.0967643755E9	0.0
3.0969348755E9	0.0
3.0970713735E9	311.30545454545455
3.09716122E9	0.0
3.0972741855E9	311.0
3.0973604055E9	0.0
3.097450029E9	0.0
3.0976374775E9	172.0
3.0978270425E9	0.0
3.097932224E9	0.0
3.0979864125E9	0.0
3.098119023E9	0.0
3.098265051E9	0.0
3.098391091E9	231.58751983077735
3.0985448955E9	0.0
3.0986946915E9	0.0
3.098783935E9	0.0
3.0988292795E9	0.0
3.098880847E9	0.0
3.098919304E9	0.0
3.0989774605E9	0.0
3.099052881E9	0.0
3.0991573655E9	175.0
3.099319594E9	0.0
3.0995012675E9	0.0
3.099670145E9	0.0
3.0999279405E9	0.0
3.100233298E9	0.0
3.1004161975E9	0.0
3.100563604E9	0.0
3.100747466E9	0.0
3.1008938195E9	0.0
3.1011322435E9	0.0
3.1013406625E9	0.0
3.1018216205E9	0.0
3.10249025E9	0.0
3.1027859675E9	0.0
3.1029370045E9	0.0
3.103040568E9	0.0
3.103187824E9	0.0
3.1033599445E9	0.0
3.1034919475E9	0.0
3.103630163E9	0.0
3.103765693E9	0.0
3.1038899E9	0.0
3.104000147E9	0.0
3.104103262E9	0.0
3.104213238E9	0.0
3.1043622315E9	0.0
3.1045301035E9	0.0
3.104697468E9	0.0
3.104838637E9	0.0
3.1050052845E9	0.0
3.105133977E9	0.0
3.1052243125E9	0.0
3.105384834E9	0.0
3.1055957845E9	0.0
3.1057764275E9	0.0
3.1059356005E9	0.0
3.106119471E9	0.0
3.1062928875E9	0.0
3.1064952125E9	0.0
3.106793429E9	0.0
3.107037494E9	0.0
3.1073867035E9	0.0
3.107759424E9	0.0
3.1079211745E9	0.0
3.1080633985E9	0.0
3.1082263265E9	0.0
3.1084513465E9	0.0
3.1086364625E9	0.0
3.108789052E9	0.0
3.1089764285E9	0.0
3.1091156475E9	0.0
3.1092704375E9	0.0
3.1094661425E9	0.0
3.1103548855E9	0.0
3.11121197E9	0.0
3.1113489445E9	0.0
3.111522028E9	0.0
3.1116747035E9	0.0
3.112457455E9	283.46201117318435
3.114793642E9	0.0
3.1165009275E9	0.0
3.1166649055E9	0.0
3.1168033475E9	0.0
3.1173009555E9	0.0
3.117773698E9	0.0
3.117904112E9	0.0
3.1180957915E9	0.0
3.1183304505E9	0.0
3.1185453175E9	0.0
3.1187290865E9	0.0
3.1189129625E9	0.0
3.119051637E9	0.0
3.1196670135E9	0.0
3.120358526E9	0.0
3.1205574705E9	0.0
3.1207256815E9	225.0
3.1209034785E9	0.0
3.1210870935E9	0.0
3.1212284615E9	0.0
3.1214052355E9	0.0
3.1220442065E9	0.0
3.1226870745E9	0.0
3.1231494355E9	0.0
3.1235325875E9	0.0
3.123790701E9	0.0
3.124044676E9	0.0
3.1241297635E9	0.0
3.124227575E9	0.0
3.124459987E9	0.0
3.1246790295E9	0.0
3.1248266455E9	0.0
3.124943915E9	0.0
3.1250653335E9	0.0
3.1251809925E9	0.0
3.1254305495E9	0.0
3.1257397175E9	0.0
3.1259200925E9	0.0
3.1261657415E9	0.0
3.1264148E9	0.0
3.126614024E9	0.0
3.1268076365E9	0.0
3.12704463E9	0.0
3.127295107E9	0.0
3.12747434E9	0.0
3.1276520425E9	0.0
3.127848246E9	0.0
3.127977804E9	0.0
3.128104742E9	0.0
3.128281483E9	0.0
3.128569275E9	307.34527039247604
3.1287934555E9	0.0
3.1288739025E9	0.0
3.129053374E9	0.0
3.129196997E9	0.0
3.129281586E9	0.0
3.129410949E9	0.0
3.1295567135E9	0.0
3.1296928995E9	0.0
3.129844808E9	0.0
3.129974998E9	0.0
3.1300410955E9	0.0
3.1301650045E9	0.0
3.1303509995E9	0.0
3.1304930685E9	0.0
3.1306295515E9	0.0
3.130867575E9	0.0
3.131039675E9	0.0
3.1312194015E9	0.0
3.13213604E9	0.0
3.132981947E9	0.0
3.133747995E9	0.0
3.134663191E9	0.0
3.1350342175E9	0.0
3.1353294355E9	0.0
3.13564139E9	0.0
3.135912112E9	0.0
3.136228957E9	0.0
3.1366387835E9	0.0
3.13692132E9	0.0
3.1370204075E9	0.0
3.137148797E9	0.0
3.1372652255E9	0.0
3.1386151055E9	169.0
3.1400411865E9	0.0
3.1401822535E9	0.0
3.140414935E9	0.0
3.140798459E9	0.0
3.1410924815E9	0.0
3.1426293625E9	0.0
3.144206965E9	0.0
3.144381203E9	0.0
3.144482951E9	0.0
3.1449091835E9	0.0
3.1458201795E9	0.0
3.146483516E9	0.0
3.146713427E9	0.0
3.146885722E9	0.0
3.146985213E9	0.0
3.147119783E9	0.0
3.147265112E9	0.0
3.147465896E9	0.0
3.147693206E9	0.0
3.1478747395E9	0.0
3.1480261545E9	0.0
3.1481624055E9	0.0
3.148326154E9	0.0
3.148489927E9	0.0
3.1486047935E9	0.0
3.148662145E9	0.0
3.148881458E9	0.0
3.1491593975E9	0.0
3.1493385205E9	0.0
3.1495104645E9	0.0
3.1496099745E9	0.0
3.1497484335E9	0.0
3.1503591725E9	0.0
3.1509172235E9	0.0
3.1510408035E9	0.0
3.151129521E9	0.0
3.151250568E9	0.0
3.151374243E9	0.0
3.151489573E9	0.0
3.1516448945E9	0.0
3.151817443E9	0.0
3.151955368E9	0.0
3.152051039E9	0.0
3.1521507295E9	0.0
3.1523220325E9	368.0
3.1525451205E9	0.0
3.152790319E9	0.0
3.1530742195E9	0.0
3.153249269E9	0.0
3.1532999345E9	0.0
3.1533558455E9	0.0
3.153485713E9	0.0
3.153709553E9	0.0
3.1539240905E9	0.0
3.154120597E9	0.0
3.1543302E9	0.0
3.154493926E9	0.0
3.154657966E9	0.0
3.154845599E9	0.0
3.1550524745E9	0.0
3.1552349965E9	0.0
3.1553981115E9	0.0
3.15557571E9	0.0
3.1557532995E9	0.0
3.1559197455E9	0.0
3.1561079305E9	0.0
3.1562956185E9	0.0
3.1564576755E9	0.0
3.156728397E9	0.0
3.1574898795E9	0.0
3.158127567E9	0.0
3.159754588E9	0.0
3.1621522205E9	0.0
3.163083745E9	0.0
3.163247659E9	0.0
3.163475482E9	0.0
3.163688181E9	0.0
3.163848849E9	0.0
3.164242336E9	326.9451215241297
3.1646267025E9	0.0
3.167032335E9	219.0
3.169613042E9	0.0
3.169955169E9	0.0
3.170102579E9	0.0
3.1703440285E9	0.0
3.1705509635E9	0.0
3.1713065935E9	0.0
3.172105219E9	0.0
3.1722711045E9	0.0
3.1727147195E9	0.0
3.173116486E9	0.0
3.173290497E9	0.0
3.1735300985E9	0.0
3.173718028E9	0.0
3.1738956185E9	0.0
3.1740833425E9	0.0
3.174240364E9	0.0
3.17438727E9	0.0
3.174571623E9	0.0
3.1748117375E9	0.0
3.175046817E9	0.0
3.1752354605E9	0.0
3.1754134065E9	0.0
3.175774576E9	0.0
3.176707948E9	0.0
3.1790103535E9	0.0
3.1807719275E9	0.0
3.1809958745E9	0.0
3.1816373325E9	0.0
3.182257536E9	0.0
3.182438689E9	0.0
3.182632177E9	0.0
3.1828176375E9	0.0
3.1830105775E9	0.0
3.183203712E9	0.0
3.183377671E9	0.0
3.1835480905E9	0.0
3.1845084425E9	289.9605653065876
3.186847264E9	0.0
3.188853383E9	0.0
3.189497979E9	230.0
3.1915036825E9	0.0
3.193917589E9	0.0
3.1949576625E9	0.0
3.1955729425E9	0.0
3.1979582215E9	0.0
3.200762757E9	0.0
3.201346902E9	0.0
3.2014320305E9	0.0
3.203896665E9	0.0
3.2068525245E9	0.0
3.2073844505E9	0.0
3.207821066E9	0.0
3.2087527055E9	0.0
3.209372017E9	0.0
