#Position (bp)	mapping quality
4011823.0	59.97703924066602
1.2035468E7	59.9860939945543
2.0059113E7	59.98316798139939
2.8082758E7	58.52874205489977
3.6106403E7	51.93587044534413
4.4130048E7	44.49387320191796
5.2153693E7	57.61311993677139
6.0177338E7	32.44840834248079
6.8200983E7	1.5221238938053097
7.6224628E7	1.4914361001317522
8.4248273E7	59.97746126785871
9.2271918E7	51.61024844720497
1.00295563E8	48.582721626199884
1.08319208E8	40.14586129753915
1.16342853E8	39.75308641975309
1.24366498E8	19.56393442622951
1.32390143E8	0.0
1.40413788E8	2.937774344845231
1.48437433E8	0.015899390338644463
1.56461078E8	52.95439537763104
1.64484723E8	59.98314456915915
1.72508368E8	33.54620689655172
1.80532013E8	31.40859140859141
1.88555658E8	18.68759571209801
1.96579303E8	5.052415210688592
2.04602948E8	55.96740295946815
2.12626593E8	3.1476510067114094
2.20650238E8	45.323722812341934
2.28673883E8	52.47009658246657
2.36697528E8	48.23884197828709
2.44721173E8	25.32686711930165
2.48844709E8	0.0
2.528565315E8	56.05356439543127
2.60768463E8	54.54111076636674
2.68792108E8	55.17263843648208
2.76815753E8	58.474628456391734
2.84839398E8	3.1027003491363963
2.92863043E8	49.50509490509491
3.00886688E8	39.578223495702005
3.08910333E8	48.666666666666664
3.16933978E8	50.49911989047526
3.24957623E8	54.923270089285715
3.32981268E8	11.983719474013776
3.41004913E8	37.97866985516885
3.49028558E8	56.912645590682196
3.57052203E8	25.81793416572077
3.65075848E8	51.381976953546996
3.73099493E8	59.97726975695917
3.81123138E8	54.142079933040385
3.89146783E8	7.04837595024188
3.97170428E8	2.2183288409703503
4.05194073E8	28.411178509532064
4.13217718E8	22.496246246246248
4.21241363E8	56.31191322577705
4.29265008E8	38.56420492348636
4.37288653E8	0.0
4.45312298E8	2.619186046511628
4.53335943E8	2.38595166163142
4.61359588E8	39.50515463917526
4.69383233E8	40.83005457545374
4.77406878E8	58.837738504848296
4.85430523E8	55.54695094290714
4.902961485E8	59.198581233589756
4.94307971E8	20.747292418772563
5.01477813E8	55.1594655748303
5.09501458E8	47.535121328224776
5.17525103E8	19.970719287078293
5.25548748E8	36.38303927148549
5.33572393E8	55.80586539666625
5.41596038E8	59.97660816930512
5.49619683E8	0.3460207612456747
5.57643328E8	27.98917748917749
5.65666973E8	24.46886641830761
5.73690618E8	0.7753818508535489
5.81714263E8	30.98406374501992
5.89737908E8	4.756756756756757
5.97761553E8	32.03023758099352
6.05785198E8	35.92099644128114
6.13808843E8	0.0
6.21832488E8	59.985000626805096
6.29856133E8	51.42117907965256
6.37879778E8	49.838537387017254
6.45903423E8	59.98363366067612
6.53927068E8	15.085867620751342
6.61950713E8	1.5555555555555556
6.69974358E8	35.191805225653205
6.77998003E8	43.6612702366127
6.85727668E8	56.23693499784761
6.897394905E8	0.0
6.94045293E8	59.79021636865312
7.02068938E8	43.53080129689671
7.10092583E8	7.7747145641882485
7.18116228E8	54.812848420493765
7.26139873E8	23.266247379454928
7.34163518E8	2.1043771043771042
7.42187163E8	31.991647033626045
7.50210808E8	46.263745704467354
7.58234453E8	0.0
7.66258098E8	45.32465026531597
7.74281743E8	1.874436090225564
7.82305388E8	5.0091324200913245
7.90329033E8	42.599653379549395
7.98352678E8	0.5591939546599496
8.06376323E8	4.96969696969697
8.14399968E8	37.28555111364934
8.22423613E8	3.071209330877839
8.30447258E8	38.056650246305416
8.38470903E8	57.60010047726702
8.46494548E8	53.548160535117056
8.54518193E8	27.699352179034157
8.62541838E8	49.39364035087719
8.70565483E8	4.967332123411978
8.771186855E8	10.398072429906541
8.81130508E8	58.21420047732697
8.86612773E8	59.98026430778667
8.94636418E8	54.0104347826087
9.02660063E8	0.8966613672496025
9.10683708E8	50.63882829541913
9.18707353E8	18.93541202672606
9.26730998E8	8.712871287128714
9.34754643E8	56.95616539276176
9.42778288E8	3.903225806451613
9.50801933E8	1.5833333333333333
9.58825578E8	2.6590038314176243
9.66849223E8	7.895658796648895
9.74872868E8	0.537007874015748
9.82896513E8	1.9740853658536586
9.90920158E8	0.5094339622641509
9.98943803E8	22.348666053357867
1.006967448E9	50.833333333333336
1.014991093E9	50.955890563930765
1.023014738E9	56.087115582485424
1.031038383E9	55.36810798444292
1.039062028E9	23.671694764862465
1.047085673E9	51.390237251158986
1.055109318E9	54.344928597583305
1.0601597325E9	54.0
1.064171555E9	54.72386808272778
1.071156608E9	13.0840625
1.079180253E9	38.757853937168505
1.087203898E9	59.981935323632996
1.095227543E9	55.82245461260351
1.103251188E9	56.781784615384616
1.111274833E9	34.21875
1.119298478E9	1.8519924098671727
1.127322123E9	3.3018372703412076
1.135345768E9	1.6106666666666667
1.143369413E9	0.0
1.151393058E9	1.7697993664202745
1.159416703E9	4.08
1.167440348E9	25.178571428571427
1.175463993E9	21.46578366445916
1.183487638E9	6.828326180257511
1.191511283E9	43.72976985894581
1.199534928E9	59.97120899484106
1.207558573E9	59.979697665837335
1.215582218E9	0.9884947267497604
1.223605863E9	28.86441203847347
1.2298109945E9	51.04960636586811
1.233822817E9	57.62954722759976
1.239653153E9	59.91064289602036
1.247676798E9	23.74898456539399
1.255700443E9	27.962046204620464
1.263724088E9	13.091339939681172
1.271747733E9	43.0933014354067
1.279771378E9	57.03370340999207
1.287795023E9	58.57489274389106
1.295818668E9	45.675125688293036
1.303842313E9	5.724181936384869
1.311865958E9	59.98239455258655
1.319889603E9	59.439752383166706
1.327913248E9	34.87056949422541
1.335936893E9	23.810307167235496
1.343960538E9	1.2514450867052023
1.351984183E9	59.95239459880564
1.360007828E9	49.94222615958995
1.368031473E9	24.01452712718648
1.376055118E9	59.985055873696275
1.384078763E9	48.004279179577985
1.389720431E9	59.232842147759385
1.3937322535E9	59.031762751691446
1.400126053E9	57.7046905479695
1.408149698E9	32.00477200424178
1.416173343E9	51.53962818003914
1.424196988E9	57.60650406504065
1.432220633E9	53.883454247601215
1.440244278E9	25.46162162162162
1.448267923E9	51.57369348209043
1.456291568E9	55.958222222222226
1.464315213E9	52.217261904761905
1.472338858E9	53.680018052578134
1.480362503E9	35.77790765634132
1.488386148E9	55.94121163810283
1.496409793E9	59.984310087802186
1.504433438E9	19.4685960591133
1.512457083E9	21.434022257551668
1.520480728E9	44.918011948646246
1.528504373E9	57.76161926469131
1.534502554E9	59.56553875074767
1.5385143765E9	32.6875
1.544551663E9	40.00674019607843
1.552575308E9	28.948398576512457
1.560598953E9	1.9843971631205675
1.568622598E9	40.14232804232804
1.576646243E9	31.034517415046512
1.584669888E9	0.0
1.592693533E9	0.0
1.600717178E9	26.52954155676131
1.608740823E9	38.4177545691906
1.616764468E9	59.95929022278294
1.624788113E9	59.094065879325015
1.632811758E9	53.751659508004686
1.640835403E9	27.21681780708986
1.648859048E9	49.82237288135593
1.656882693E9	57.45256744995648
1.664906338E9	59.96460541594844
1.671900895E9	58.570034843205576
1.6759127175E9	59.70368072274205
1.680953628E9	54.797937913257876
1.688977273E9	45.91186001296176
1.697000918E9	0.7481012658227848
1.705024563E9	57.4162535618096
1.713048208E9	4.2368421052631575
1.721071853E9	55.64368520263902
1.729095498E9	0.0
1.737119143E9	37.65093167701863
1.745142788E9	55.907786885245905
1.753166433E9	57.977349760585355
1.761190078E9	45.25554382259768
1.769213723E9	59.984510400122154
1.777237368E9	56.68737257900102
1.785261013E9	48.449688748490196
1.793284658E9	51.83446404341927
1.801308303E9	57.08460021627123
1.8070005885E9	31.831324560324685
1.811012411E9	58.2694047182496
1.817355593E9	56.47639956092206
1.825379238E9	37.81814424467865
1.833402883E9	45.75110829639012
1.841426528E9	52.42624644794627
1.849450173E9	36.82977461447212
1.857473818E9	48.0672268907563
1.865497463E9	58.21194649446495
1.873521108E9	42.77403476388248
1.881544753E9	59.49049388816086
1.889568398E9	36.988076311605724
1.897592043E9	59.231194280668774
1.905615688E9	1.5227765726681128
1.913639333E9	32.59852670349908
1.921662978E9	53.371596145789695
1.929686623E9	58.78630136986301
1.937710268E9	54.82772212185909
1.942744882E9	57.16535433070866
1.9467567045E9	55.55132554340997
1.953757558E9	59.134655822242955
1.961781203E9	23.413594470046082
1.969804848E9	52.34507487871757
1.977828493E9	53.47573839662447
1.985852138E9	59.128692525044954
1.993875783E9	50.075294999063495
2.001899428E9	45.24857268335529
2.009923073E9	8.486365511551154
2.017946718E9	1.4904306220095693
2.025970363E9	33.963938179736694
2.033994008E9	2.289348171701113
2.042017653E9	17.457267623206487
2.050041298E9	54.46498249124562
2.058064943E9	57.698268604268094
2.066088588E9	58.59769716907627
2.0735716965E9	46.11703644745133
2.077583519E9	0.0
2.082135878E9	0.0
2.090159523E9	0.0
2.098183168E9	54.41813135985199
2.106206813E9	51.18449833571089
2.114230458E9	39.58140756302521
2.122254103E9	36.47104247104247
2.130277748E9	9.923076923076923
2.138301393E9	2.672727272727273
2.146325038E9	1.1367088607594937
2.154348683E9	42.22001471670346
2.162372328E9	27.2
2.170395973E9	22.607015032211883
2.178419618E9	47.582417582417584
2.186443263E9	55.2142035652674
2.190931198E9	0.0
2.1949430205E9	0.0
2.202490553E9	0.0
2.210514198E9	48.0
2.218537843E9	50.94523501509271
2.226561488E9	53.793322734499206
2.234585133E9	34.36694677871149
2.242608778E9	1.3356521739130436
2.250632423E9	49.792285524274
2.258656068E9	57.39545815273793
2.266679713E9	31.427650429799428
2.274703358E9	2.813852813852814
2.282727003E9	59.9608765292486
2.290750648E9	44.536109270679376
2.2966067495E9	58.58667127956741
2.300618572E9	0.0
2.306797938E9	0.0
2.314821583E9	26.854395604395606
2.322845228E9	13.34
2.330868873E9	52.95155048253564
2.338892518E9	59.927963193479485
2.346916163E9	52.9830880737975
2.354939808E9	49.291685046316715
2.362963453E9	57.29481497303359
2.370987098E9	53.7319232661092
2.379010743E9	50.703199280483105
2.387034388E9	52.513883746760456
2.395058033E9	29.814432989690722
2.3997560365E9	0.0
2.403767859E9	48.74150849150849
2.411105323E9	48.41291226557448
2.419128968E9	59.15537712895377
2.427152613E9	59.98353267230548
2.435176258E9	56.991186074488716
2.443199903E9	0.0
2.451223548E9	52.88116499519165
2.459247193E9	59.776800284720245
2.467270838E9	59.979717791197366
2.475294483E9	18.288732394366196
2.483318128E9	39.553475291281636
2.4890552565E9	58.368455931080184
2.493067079E9	58.05645575188797
2.499365418E9	59.58701234279712
2.507389063E9	50.35268185157972
2.515412708E9	50.48215113583681
2.523436353E9	47.271954674220964
2.531459998E9	59.62188472121443
2.539483643E9	59.638347831376606
2.547507288E9	48.80183486238532
2.555530933E9	47.186109238031015
2.563554578E9	52.933578581647254
2.570802202E9	58.78490096388094
2.5748140245E9	0.0
2.579601868E9	51.97045126063915
2.587625513E9	43.99683687302304
2.595649158E9	39.892857142857146
2.603672803E9	3.1036269430051813
2.611696448E9	33.58516483516483
2.619720093E9	49.30772578890098
2.627743738E9	3.5238095238095237
2.635767383E9	48.031763417305584
2.643791028E9	4.988649262202043
2.6511070695E9	59.784803031920575
2.655118892E9	43.6658749010293
2.659838318E9	59.742977819493156
2.667861963E9	56.28268914473684
2.675885608E9	58.603201933242715
2.683909253E9	58.9214403090495
2.691932898E9	52.96978301527412
2.699956543E9	55.2492569684312
2.707980188E9	54.59932315441524
2.7125104575E9	3.347670250896057
2.71652228E9	51.06778370144707
2.724027478E9	53.80241935483871
2.732051123E9	55.50583031765179
2.740074768E9	58.2251960150513
2.748098413E9	52.160781055255505
2.756122058E9	49.82687886825818
2.764145703E9	23.302728226652675
2.772169348E9	59.973217429050344
2.776827121E9	59.996035416941986
2.7808389435E9	5.178909952606635
2.788216638E9	40.99009900990099
2.796240283E9	0.3877917414721723
2.804263928E9	2.798449612403101
2.812287573E9	56.521348563823885
2.820241225E9	47.03308943977285
2.8242530475E9	0.0
2.828334863E9	0.0
2.836358508E9	34.04470588235294
2.844382153E9	57.09177484269599
2.852405798E9	56.067151898734174
2.860429443E9	56.86948288419519
2.868453088E9	59.37496360663815
2.8737332165E9	59.959540991364015
2.877745039E9	53.186241938635916
2.884500378E9	50.83094555873925
2.892524023E9	50.479617249967234
2.900547668E9	6.80515759312321
2.908571313E9	3.9834710743801653
2.916594958E9	33.50350058343057
2.924618603E9	33.36930330015715
2.932642248E9	33.94678492239468
2.940665893E9	23.153475567790778
2.948689538E9	24.905996758508913
2.956713183E9	19.426294820717132
2.964736828E9	51.56239198064293
2.972760473E9	29.21608725289707
2.980784118E9	48.9991341991342
2.988807763E9	2.3486646884273
2.996831408E9	0.16759776536312848
3.004855053E9	29.980371900826448
3.012878698E9	56.8052276027527
3.020902343E9	3.907232704402516
3.0279782915E9	57.66614510697643
3.031990114E9	0.0
3.036949633E9	1.1647398843930636
3.044973278E9	16.28939393939394
3.052996923E9	0.9083969465648855
3.061020568E9	0.0
3.069044213E9	0.0
3.077067858E9	0.0
3.0846747565E9	0.0
3.088278117E9	0.0
3.088373929E9	0.0
3.0884774725E9	0.0
3.0885573295E9	0.0
3.0886546005E9	0.0
3.0887081185E9	0.0
3.0887493115E9	0.0
3.088858438E9	1.0188377610537684
3.088966832E9	0.0
3.089008063E9	0.0
3.0890661235E9	0.0
3.089146859E9	0.0
3.089267292E9	0.0
3.08942189E9	0.0
3.089604443E9	0.0
3.089755642E9	0.0
3.0898220175E9	0.0
3.0898610755E9	0.0
3.089968525E9	0.0
3.0900764725E9	0.0
3.0901461555E9	0.0
3.090297168E9	0.0
3.090503609E9	2.0323139065204847
3.0907062205E9	0.0
3.09089898E9	25.0
3.091013772E9	55.298
3.091052607E9	8.15625
3.0911587895E9	0.0
3.091267064E9	0.0
3.0915130575E9	0.0
3.092673561E9	0.0
3.093702736E9	0.0
3.093935951E9	0.0
3.094132646E9	0.0
3.0942642985E9	0.0
3.094360447E9	0.0
3.0944711045E9	0.0
3.0946435155E9	25.0
3.094747446E9	0.0
3.0948598115E9	0.0
3.0950026905E9	0.0
3.095104297E9	0.0
3.095190977E9	0.0
3.0952465895E9	0.0
3.0952663465E9	0.0
3.095268566E9	0.0
3.0952706195E9	0.0
3.0952723265E9	0.0
3.0952838005E9	0.0
3.0952967465E9	0.0
3.095299555E9	0.0
3.0953008775E9	0.0
3.0953027375E9	0.0
3.0953043745E9	0.0
3.095311073E9	0.0
3.0953361175E9	0.0
3.095355552E9	0.0
3.0953574645E9	0.0
3.095360032E9	0.0
3.095361791E9	0.0
3.095363378E9	0.0
3.095365611E9	0.0
3.0953678415E9	0.0
3.095369933E9	0.0
3.095371677E9	0.0
3.09537289E9	0.0
3.0953743225E9	0.0
3.095375945E9	0.0
3.095572656E9	0.0
3.095769303E9	0.0
3.0957708065E9	0.0
3.0957736535E9	0.0
3.095822105E9	0.0
3.095924849E9	0.0
3.095983129E9	0.0
3.095986364E9	0.0
3.0959887305E9	0.0
3.0959909825E9	0.0
3.095993051E9	0.0
3.0959946765E9	0.0
3.096006671E9	0.0
3.0960870785E9	0.0
3.0961589785E9	0.0
3.096165879E9	0.0
3.096173123E9	0.0
3.09617898E9	0.0
3.096183283E9	0.0
3.096185859E9	0.0
3.0961883E9	0.0
3.0961908755E9	0.0
3.096192456E9	0.0
3.096238607E9	0.0
3.0962848625E9	0.0
3.096286263E9	0.0
3.0962877625E9	0.0
3.096289947E9	0.0
3.096292208E9	0.0
3.0962965075E9	0.0
3.096315547E9	0.0
3.0963533005E9	0.0
3.09637788E9	0.0
3.096382479E9	0.0
3.0963879875E9	0.0
3.0963943185E9	0.0
3.096398918E9	0.0
3.0964033365E9	0.0
3.0964070605E9	0.0
3.0964084065E9	0.0
3.0964096105E9	0.0
3.096411644E9	0.0
3.0964135175E9	0.0
3.0964147555E9	0.0
3.0964161835E9	0.0
3.0964174105E9	0.0
3.096418484E9	0.0
3.096419946E9	0.0
3.096422275E9	0.0
3.0964254675E9	0.0
3.0964313925E9	0.0
3.0964360765E9	0.0
3.096437123E9	0.0
3.0964382945E9	0.0
3.096440137E9	0.0
3.096442099E9	0.0
3.096443439E9	0.0
3.0964449505E9	0.0
3.0964464985E9	0.0
3.0964475915E9	0.0
3.0964489705E9	0.0
3.0964506065E9	0.0
3.0964522235E9	0.0
3.0964537525E9	0.0
3.0964552355E9	0.0
3.09645655E9	0.0
3.0964580005E9	0.0
3.0964594605E9	0.0
3.096462063E9	0.0
3.0964647385E9	0.0
3.0964666345E9	0.0
3.0964687875E9	0.0
3.096470338E9	0.0
3.0964722525E9	0.0
3.096474844E9	0.0
3.0964802425E9	0.0
3.0964880595E9	0.0
3.0965833285E9	0.0
3.0967643755E9	0.0
3.0969348755E9	0.0
3.0970713735E9	0.42881629598226784
3.09716122E9	0.0
3.0972741855E9	0.0
3.0973604055E9	0.0
3.097450029E9	0.0
3.0976374775E9	0.0
3.0978270425E9	59.272277227722775
3.097932224E9	0.0
3.0979864125E9	0.0
3.098119023E9	0.0
3.098265051E9	0.0
3.098391091E9	59.79528128600225
3.0985448955E9	0.0
3.0986946915E9	0.0
3.098783935E9	0.0
3.0988292795E9	0.0
3.098880847E9	0.0
3.098919304E9	0.0
3.0989774605E9	0.0
3.099052881E9	0.0
3.0991573655E9	40.0
3.099319594E9	0.0
3.0995012675E9	0.0
3.099670145E9	0.0
3.0999279405E9	4.120950323974082
3.100233298E9	0.0
3.1004161975E9	0.0
3.100563604E9	0.0
3.100747466E9	0.0
3.1008938195E9	0.0
3.1011322435E9	0.0
3.1013406625E9	0.0
3.1018216205E9	0.0
3.10249025E9	0.0
3.1027859675E9	0.0
3.1029370045E9	0.0
3.103040568E9	0.0
3.103187824E9	0.0
3.1033599445E9	0.0
3.1034919475E9	0.0
3.103630163E9	0.0
3.103765693E9	0.0
3.1038899E9	0.0
3.104000147E9	0.0
3.104103262E9	13.365853658536585
3.104213238E9	0.0
3.1043622315E9	0.0
3.1045301035E9	0.0
3.104697468E9	0.0
3.104838637E9	0.0
3.1050052845E9	0.0
3.105133977E9	0.0
3.1052243125E9	0.0
3.105384834E9	0.0
3.1055957845E9	0.0
3.1057764275E9	0.0
3.1059356005E9	0.0
3.106119471E9	0.0
3.1062928875E9	0.0
3.1064952125E9	0.0
3.106793429E9	0.0
3.107037494E9	0.0
3.1073867035E9	0.0
3.107759424E9	0.0
3.1079211745E9	0.0
3.1080633985E9	0.0
3.1082263265E9	0.0
3.1084513465E9	0.0
3.1086364625E9	0.0
3.108789052E9	0.0
3.1089764285E9	0.0
3.1091156475E9	0.0
3.1092704375E9	0.0
3.1094661425E9	0.0
3.1103548855E9	0.0
3.11121197E9	0.0
3.1113489445E9	0.0
3.111522028E9	0.0
3.1116747035E9	0.0
3.112457455E9	2.007814528099685
3.114793642E9	0.0
3.1165009275E9	0.0
3.1166649055E9	0.0
3.1168033475E9	0.0
3.1173009555E9	0.0
3.117773698E9	0.0
3.117904112E9	0.0
3.1180957915E9	0.0
3.1183304505E9	0.0
3.1185453175E9	0.0
3.1187290865E9	0.0
3.1189129625E9	0.0
3.119051637E9	0.0
3.1196670135E9	0.0
3.120358526E9	0.0
3.1205574705E9	0.0
3.1207256815E9	0.0
3.1209034785E9	0.0
3.1210870935E9	0.0
3.1212284615E9	0.0
3.1214052355E9	0.0
3.1220442065E9	3.792207792207792
3.1226870745E9	0.0
3.1231494355E9	0.0
3.1235325875E9	0.0
3.123790701E9	0.0
3.124044676E9	0.0
3.1241297635E9	7.0
3.124227575E9	0.0
3.124459987E9	0.0
3.1246790295E9	0.0
3.1248266455E9	0.0
3.124943915E9	0.0
3.1250653335E9	0.0
3.1251809925E9	0.0
3.1254305495E9	0.0
3.1257397175E9	0.0
3.1259200925E9	0.0
3.1261657415E9	0.0
3.1264148E9	0.0
3.126614024E9	0.0
3.1268076365E9	0.0
3.12704463E9	0.0
3.127295107E9	0.0
3.12747434E9	0.0
3.1276520425E9	0.0
3.127848246E9	55.009552042160735
3.127977804E9	0.0
3.128104742E9	0.0
3.128281483E9	0.0
3.128569275E9	0.5921384688779215
3.1287934555E9	0.0
3.1288739025E9	0.0
3.129053374E9	0.0
3.129196997E9	0.0
3.129281586E9	0.0
3.129410949E9	0.0
3.1295567135E9	0.0
3.1296928995E9	0.0
3.129844808E9	0.0
3.129974998E9	0.0
3.1300410955E9	0.0
3.1301650045E9	0.0
3.1303509995E9	0.0
3.1304930685E9	0.0
3.1306295515E9	0.0
3.130867575E9	0.0
3.131039675E9	0.0
3.1312194015E9	0.0
3.13213604E9	0.0
3.132981947E9	0.0
3.133747995E9	0.0
3.134663191E9	0.0
3.1350342175E9	0.0
3.1353294355E9	0.0
3.13564139E9	0.0
3.135912112E9	0.0
3.136228957E9	0.0
3.1366387835E9	0.0
3.13692132E9	0.0
3.1370204075E9	0.0
3.137148797E9	0.0
3.1372652255E9	0.0
3.1386151055E9	6.947941065357008
3.1400411865E9	0.0
3.1401822535E9	0.0
3.140414935E9	0.0
3.140798459E9	0.0
3.1410924815E9	0.0
3.1426293625E9	0.0
3.144206965E9	0.0
3.144381203E9	0.0
3.144482951E9	0.0
3.1449091835E9	0.0
3.1458201795E9	0.0
3.146483516E9	0.0
3.146713427E9	0.0
3.146885722E9	0.0
3.146985213E9	0.0
3.147119783E9	0.0
3.147265112E9	0.0
3.147465896E9	0.0
3.147693206E9	16.0
3.1478747395E9	0.0
3.1480261545E9	0.0
3.1481624055E9	4.0
3.148326154E9	0.0
3.148489927E9	0.0
3.1486047935E9	0.0
3.148662145E9	0.0
3.148881458E9	0.0
3.1491593975E9	0.0
3.1493385205E9	0.0
3.1495104645E9	0.0
3.1496099745E9	0.0
3.1497484335E9	0.0
3.1503591725E9	0.0
3.1509172235E9	0.0
3.1510408035E9	0.0
3.151129521E9	0.0
3.151250568E9	0.0
3.151374243E9	0.0
3.151489573E9	0.0
3.1516448945E9	0.0
3.151817443E9	0.0
3.151955368E9	0.0
3.152051039E9	0.0
3.1521507295E9	0.0
3.1523220325E9	60.0
3.1525451205E9	0.0
3.152790319E9	0.0
3.1530742195E9	0.0
3.153249269E9	0.0
3.1532999345E9	0.0
3.1533558455E9	0.0
3.153485713E9	15.746031746031745
3.153709553E9	0.0
3.1539240905E9	0.0
3.154120597E9	0.0
3.1543302E9	0.0
3.154493926E9	0.0
3.154657966E9	0.0
3.154845599E9	0.0
3.1550524745E9	0.0
3.1552349965E9	0.0
3.1553981115E9	0.0
3.15557571E9	0.0
3.1557532995E9	0.0
3.1559197455E9	0.0
3.1561079305E9	0.0
3.1562956185E9	0.0
3.1564576755E9	0.0
3.156728397E9	0.0
3.1574898795E9	0.0
3.158127567E9	0.0
3.159754588E9	5.971830985915493
3.1621522205E9	0.0
3.163083745E9	0.0
3.163247659E9	0.0
3.163475482E9	0.0
3.163688181E9	0.0
3.163848849E9	0.0
3.164242336E9	6.3327467374857385
3.1646267025E9	0.0
3.167032335E9	6.0
3.169613042E9	4.775757575757575
3.169955169E9	0.0
3.170102579E9	0.0
3.1703440285E9	0.0
3.1705509635E9	0.0
3.1713065935E9	3.7454545454545456
3.172105219E9	0.0
3.1722711045E9	0.0
3.1727147195E9	0.0
3.173116486E9	0.0
3.173290497E9	0.0
3.1735300985E9	0.0
3.173718028E9	0.0
3.1738956185E9	0.0
3.1740833425E9	0.0
3.174240364E9	0.0
3.17438727E9	0.0
3.174571623E9	0.0
3.1748117375E9	0.0
3.175046817E9	0.0
3.1752354605E9	0.0
3.1754134065E9	0.0
3.175774576E9	0.0
3.176707948E9	0.0
3.1790103535E9	1.8187702265372168
3.1807719275E9	0.0
3.1809958745E9	0.0
3.1816373325E9	0.0
3.182257536E9	0.0
3.182438689E9	0.0
3.182632177E9	0.0
3.1828176375E9	0.0
3.1830105775E9	0.0
3.183203712E9	0.0
3.183377671E9	0.0
3.1835480905E9	0.0
3.1845084425E9	12.9011334678915
3.186847264E9	7.43265306122449
3.188853383E9	0.0
3.189497979E9	0.0
3.1915036825E9	10.115463917525773
3.193917589E9	0.0
3.1949576625E9	0.0
3.1955729425E9	7.0
3.1979582215E9	11.0
3.200762757E9	0.0
3.201346902E9	0.0
3.2014320305E9	0.0
3.203896665E9	12.915966386554622
3.2068525245E9	0.0
3.2073844505E9	0.0
3.207821066E9	0.0
3.2087527055E9	0.0
3.209372017E9	0.0
