#Position (bp)	insert size
4011823.0	20078.635030590092
1.2035468E7	10121.469867936188
2.0059113E7	8044.900745001886
2.8082758E7	229.375
3.6106403E7	162.8695652173913
4.4130048E7	244.0
5.2153693E7	201.4
6.0177338E7	334.0
6.8200983E7	100.0
7.6224628E7	0.0
8.4248273E7	7485.117283950617
9.2271918E7	0.0
1.00295563E8	0.0
1.08319208E8	284.0
1.16342853E8	326.0
1.24366498E8	0.0
1.32390143E8	0.0
1.40413788E8	232.84042929590754
1.48437433E8	232.7765084944347
1.56461078E8	325.5
1.64484723E8	1947.9611516737843
1.72508368E8	245.0
1.80532013E8	557.5
1.88555658E8	122.0
1.96579303E8	154.0
2.04602948E8	227.33333333333334
2.12626593E8	0.0
2.20650238E8	166.75
2.28673883E8	214.77777777777777
2.36697528E8	241.0
2.44721173E8	0.0
2.48844709E8	0.0
2.528565315E8	280.77777777777777
2.60768463E8	1.56216084E7
2.68792108E8	256.42857142857144
2.76815753E8	8529237.142857144
2.84839398E8	6.1794560983050846E7
2.92863043E8	0.0
3.00886688E8	0.0
3.08910333E8	266.0
3.16933978E8	163.6
3.24957623E8	205.5
3.32981268E8	542163.3333333334
3.41004913E8	284.43657159473673
3.49028558E8	365.3333333333333
3.57052203E8	248.33333333333334
3.65075848E8	5645909.166666667
3.73099493E8	26443.87253124702
3.81123138E8	297.0
3.89146783E8	311.0
3.97170428E8	238.5
4.05194073E8	232.95
4.13217718E8	0.0
4.21241363E8	547.3333333333334
4.29265008E8	286.0
4.37288653E8	282.5
4.45312298E8	202.33333333333334
4.53335943E8	0.0
4.61359588E8	414.0
4.69383233E8	206.0
4.77406878E8	215.35897435897436
4.85430523E8	290.5
4.902961485E8	342.0
4.94307971E8	0.0
5.01477813E8	252.31578947368422
5.09501458E8	248.0
5.17525103E8	223.0
5.25548748E8	0.0
5.33572393E8	185.8421052631579
5.41596038E8	329.3750648580535
5.49619683E8	287.5
5.57643328E8	145.0
5.65666973E8	2.6733888666666668E7
5.73690618E8	0.0
5.81714263E8	249.0
5.89737908E8	0.0
5.97761553E8	278.0
6.05785198E8	0.0
6.13808843E8	216.33333333333334
6.21832488E8	290.87186291855056
6.29856133E8	224.75
6.37879778E8	457.0
6.45903423E8	897.9720275117648
6.53927068E8	238.0
6.61950713E8	0.0
6.69974358E8	602.0
6.77998003E8	316.0
6.85727668E8	251.0909090909091
6.897394905E8	377.0
6.94045293E8	8211.203270457794
7.02068938E8	207.75
7.10092583E8	0.0
7.18116228E8	410.0
7.26139873E8	205.0
7.34163518E8	0.0
7.42187163E8	206.5
7.50210808E8	337.0
7.58234453E8	134.0
7.66258098E8	301.0
7.74281743E8	277.0
7.82305388E8	0.0
7.90329033E8	0.0
7.98352678E8	319.0
8.06376323E8	0.0
8.14399968E8	0.0
8.22423613E8	0.0
8.30447258E8	109.0
8.38470903E8	147.88888888888889
8.46494548E8	129.0
8.54518193E8	0.0
8.62541838E8	329.0
8.70565483E8	299.6666666666667
8.771186855E8	288.0
8.81130508E8	254.16666666666666
8.86612773E8	334.29607633141853
8.94636418E8	0.0
9.02660063E8	0.0
9.10683708E8	138.0
9.18707353E8	273.0
9.26730998E8	393.0
9.34754643E8	278.27272727272725
9.42778288E8	0.0
9.50801933E8	0.0
9.58825578E8	0.0
9.66849223E8	0.0
9.74872868E8	542.0
9.82896513E8	0.0
9.90920158E8	264.0
9.98943803E8	209.0
1.006967448E9	167.0
1.014991093E9	305.44444444444446
1.023014738E9	0.0
1.031038383E9	277.25
1.039062028E9	0.0
1.047085673E9	300.6666666666667
1.055109318E9	335.375
1.0601597325E9	229.5
1.064171555E9	158.0
1.071156608E9	0.0
1.079180253E9	303.8
1.087203898E9	4333.492497194925
1.095227543E9	267.0
1.103251188E9	253.0
1.111274833E9	9.259858E7
1.119298478E9	0.0
1.127322123E9	227.5
1.135345768E9	0.0
1.143369413E9	213.33333333333334
1.151393058E9	0.0
1.159416703E9	164.0
1.167440348E9	0.0
1.175463993E9	172.0
1.183487638E9	0.0
1.191511283E9	0.0
1.199534928E9	289.0952380952381
1.207558573E9	1095.588797610157
1.215582218E9	199.0
1.223605863E9	0.0
1.2298109945E9	132.9375
1.233822817E9	296.70454545454544
1.239653153E9	40140.53019950806
1.247676798E9	0.0
1.255700443E9	199.0
1.263724088E9	8.1882238E7
1.271747733E9	636.0
1.279771378E9	265.0
1.287795023E9	283.2
1.295818668E9	277.0
1.303842313E9	440.2142857142857
1.311865958E9	4762.240083168188
1.319889603E9	195.7809187279152
1.327913248E9	0.0
1.335936893E9	1958661.5
1.343960538E9	0.0
1.351984183E9	1998.370103740681
1.360007828E9	317.14285714285717
1.368031473E9	268.0
1.376055118E9	508.29155728929885
1.384078763E9	218.77777777777777
1.389720431E9	214.0
1.3937322535E9	204.41666666666666
1.400126053E9	239.61111111111111
1.408149698E9	221.33333333333334
1.416173343E9	254.33333333333334
1.424196988E9	278.2857142857143
1.432220633E9	251.0
1.440244278E9	327.0
1.448267923E9	181.0
1.456291568E9	5741230.714285715
1.464315213E9	630.0
1.472338858E9	478.5
1.480362503E9	570.0
1.488386148E9	258.77777777777777
1.496409793E9	2971.3133998538137
1.504433438E9	354.0
1.512457083E9	205.5
1.520480728E9	462.25
1.528504373E9	188.22222222222223
1.534502554E9	227.23529411764707
1.5385143765E9	6.3082167E7
1.544551663E9	244.5
1.552575308E9	0.0
1.560598953E9	264.0
1.568622598E9	141.0
1.576646243E9	326.10820895522386
1.584669888E9	0.0
1.592693533E9	0.0
1.600717178E9	330.86
1.608740823E9	1.11331686E7
1.616764468E9	2971.4543420351624
1.624788113E9	537.6842105263158
1.632811758E9	286.5
1.640835403E9	0.0
1.648859048E9	238.0
1.656882693E9	265.0
1.664906338E9	274.7827064692375
1.671900895E9	192.83333333333334
1.6759127175E9	219.43243243243242
1.680953628E9	381.75
1.688977273E9	265.0
1.697000918E9	0.0
1.705024563E9	282.38461538461536
1.713048208E9	238.0
1.721071853E9	205.76923076923077
1.729095498E9	0.0
1.737119143E9	292.0
1.745142788E9	240.625
1.753166433E9	256.0
1.761190078E9	284.85714285714283
1.769213723E9	227.01276225946617
1.777237368E9	170.33333333333334
1.785261013E9	281.75
1.793284658E9	188.33333333333334
1.801308303E9	244.0
1.8070005885E9	228.92
1.811012411E9	162.42857142857142
1.817355593E9	234.83333333333334
1.825379238E9	151.0
1.833402883E9	324.0
1.841426528E9	320.6666666666667
1.849450173E9	0.0
1.857473818E9	264.0
1.865497463E9	225.2
1.873521108E9	396.0
1.881544753E9	388.3787878787879
1.889568398E9	0.0
1.897592043E9	303.3720930232558
1.905615688E9	139.0
1.913639333E9	191.0
1.921662978E9	175.36363636363637
1.929686623E9	221.41176470588235
1.937710268E9	144.61111111111111
1.942744882E9	193.0
1.9467567045E9	324.8333333333333
1.953757558E9	13015.248857538152
1.961781203E9	0.0
1.969804848E9	190.56
1.977828493E9	278.0
1.985852138E9	273.0
1.993875783E9	491.3
2.001899428E9	336.0
2.009923073E9	174.5
2.017946718E9	0.0
2.025970363E9	255.66666666666666
2.033994008E9	0.0
2.042017653E9	0.0
2.050041298E9	0.0
2.058064943E9	294.75
2.066088588E9	234.73529411764707
2.0735716965E9	298.9433962264151
2.077583519E9	0.0
2.082135878E9	0.0
2.090159523E9	0.0
2.098183168E9	376.0
2.106206813E9	0.0
2.114230458E9	0.0
2.122254103E9	0.0
2.130277748E9	239.0
2.138301393E9	288.0
2.146325038E9	0.0
2.154348683E9	0.0
2.162372328E9	398.0
2.170395973E9	0.0
2.178419618E9	263.0
2.186443263E9	0.0
2.190931198E9	0.0
2.1949430205E9	0.0
2.202490553E9	0.0
2.210514198E9	232.28571428571428
2.218537843E9	241.5
2.226561488E9	385.625
2.234585133E9	122.0
2.242608778E9	197.0
2.250632423E9	175.5
2.258656068E9	335.14285714285717
2.266679713E9	92.0
2.274703358E9	0.0
2.282727003E9	269.4826498422713
2.290750648E9	200.72222222222223
2.2966067495E9	313.2830188679245
2.300618572E9	0.0
2.306797938E9	0.0
2.314821583E9	0.0
2.322845228E9	231.85714285714286
2.330868873E9	225.5
2.338892518E9	2432.589381886457
2.346916163E9	245.5
2.354939808E9	291.6111111111111
2.362963453E9	218.61111111111111
2.370987098E9	311.0
2.379010743E9	264.25
2.387034388E9	274.5
2.395058033E9	292.5
2.3997560365E9	381.0
2.403767859E9	205.71428571428572
2.411105323E9	326.2
2.419128968E9	168.27272727272728
2.427152613E9	819.0959501945525
2.435176258E9	183.04761904761904
2.443199903E9	0.0
2.451223548E9	269.0
2.459247193E9	281.724642398943
2.467270838E9	226.67559959898202
2.475294483E9	0.0
2.483318128E9	238.0
2.4890552565E9	232.47826086956522
2.493067079E9	307.2
2.499365418E9	442.1929824561403
2.507389063E9	301.875
2.515412708E9	216.6
2.523436353E9	3748430.727272727
2.531459998E9	309.2916666666667
2.539483643E9	280.7903225806452
2.547507288E9	240.28571428571428
2.555530933E9	704.0
2.563554578E9	163.8
2.570802202E9	244.30232558139534
2.5748140245E9	372.0
2.579601868E9	169.0
2.587625513E9	158.5
2.595649158E9	0.0
2.603672803E9	0.0
2.611696448E9	212.0
2.619720093E9	301.0
2.627743738E9	267.0
2.635767383E9	235.25
2.643791028E9	0.0
2.6511070695E9	199.765625
2.655118892E9	328.0
2.659838318E9	247.18867924528303
2.667861963E9	196.30769230769232
2.675885608E9	327.59375
2.683909253E9	314.05263157894734
2.691932898E9	301.0458265450977
2.699956543E9	234.0
2.707980188E9	263.5
2.7125104575E9	245.33333333333334
2.71652228E9	296.2857142857143
2.724027478E9	498.0
2.732051123E9	228.0
2.740074768E9	249.6791314837153
2.748098413E9	166.85714285714286
2.756122058E9	138.0
2.764145703E9	217.16666666666666
2.772169348E9	337.3747703612982
2.776827121E9	331.35135135135135
2.7808389435E9	389595.6666666667
2.788216638E9	293.0
2.796240283E9	0.0
2.804263928E9	150.73333333333332
2.812287573E9	180.9
2.820241225E9	298.72727272727275
2.8242530475E9	0.0
2.828334863E9	0.0
2.836358508E9	316.0
2.844382153E9	248.8
2.852405798E9	222.86666666666667
2.860429443E9	283.1875
2.868453088E9	258.44444444444446
2.8737332165E9	245.8421052631579
2.877745039E9	332.0
2.884500378E9	0.0
2.892524023E9	0.0
2.900547668E9	0.0
2.908571313E9	0.0
2.916594958E9	383.0
2.924618603E9	230.0
2.932642248E9	179.0
2.940665893E9	180.0
2.948689538E9	211.0
2.956713183E9	0.0
2.964736828E9	208.4
2.972760473E9	90.0
2.980784118E9	0.0
2.988807763E9	0.0
2.996831408E9	381.0
3.004855053E9	345.5
3.012878698E9	263.5833333333333
3.020902343E9	0.0
3.0279782915E9	262.7352941176471
3.031990114E9	0.0
3.036949633E9	0.0
3.044973278E9	172.5
3.052996923E9	0.0
3.061020568E9	0.0
3.069044213E9	0.0
3.077067858E9	0.0
3.0846747565E9	0.0
3.088278117E9	0.0
3.088373929E9	0.0
3.0884774725E9	0.0
3.0885573295E9	0.0
3.0886546005E9	0.0
3.0887081185E9	0.0
3.0887493115E9	0.0
3.088858438E9	232.62961106655973
3.088966832E9	0.0
3.089008063E9	0.0
3.0890661235E9	0.0
3.089146859E9	0.0
3.089267292E9	0.0
3.08942189E9	0.0
3.089604443E9	0.0
3.089755642E9	0.0
3.0898220175E9	0.0
3.0898610755E9	0.0
3.089968525E9	0.0
3.0900764725E9	0.0
3.0901461555E9	0.0
3.090297168E9	0.0
3.090503609E9	171.33333333333334
3.0907062205E9	0.0
3.09089898E9	0.0
3.091013772E9	260.0
3.091052607E9	0.0
3.0911587895E9	0.0
3.091267064E9	0.0
3.0915130575E9	0.0
3.092673561E9	134.0
3.093702736E9	0.0
3.093935951E9	0.0
3.094132646E9	0.0
3.0942642985E9	0.0
3.094360447E9	0.0
3.0944711045E9	0.0
3.0946435155E9	0.0
3.094747446E9	0.0
3.0948598115E9	0.0
3.0950026905E9	0.0
3.095104297E9	0.0
3.095190977E9	0.0
3.0952465895E9	0.0
3.0952663465E9	0.0
3.095268566E9	0.0
3.0952706195E9	0.0
3.0952723265E9	0.0
3.0952838005E9	0.0
3.0952967465E9	0.0
3.095299555E9	0.0
3.0953008775E9	0.0
3.0953027375E9	0.0
3.0953043745E9	0.0
3.095311073E9	0.0
3.0953361175E9	0.0
3.095355552E9	0.0
3.0953574645E9	0.0
3.095360032E9	0.0
3.095361791E9	0.0
3.095363378E9	0.0
3.095365611E9	0.0
3.0953678415E9	0.0
3.095369933E9	0.0
3.095371677E9	0.0
3.09537289E9	0.0
3.0953743225E9	0.0
3.095375945E9	0.0
3.095572656E9	0.0
3.095769303E9	0.0
3.0957708065E9	0.0
3.0957736535E9	0.0
3.095822105E9	0.0
3.095924849E9	0.0
3.095983129E9	0.0
3.095986364E9	0.0
3.0959887305E9	0.0
3.0959909825E9	0.0
3.095993051E9	0.0
3.0959946765E9	0.0
3.096006671E9	0.0
3.0960870785E9	0.0
3.0961589785E9	0.0
3.096165879E9	0.0
3.096173123E9	0.0
3.09617898E9	0.0
3.096183283E9	0.0
3.096185859E9	0.0
3.0961883E9	0.0
3.0961908755E9	0.0
3.096192456E9	0.0
3.096238607E9	0.0
3.0962848625E9	0.0
3.096286263E9	0.0
3.0962877625E9	0.0
3.096289947E9	0.0
3.096292208E9	0.0
3.0962965075E9	0.0
3.096315547E9	0.0
3.0963533005E9	0.0
3.09637788E9	0.0
3.096382479E9	0.0
3.0963879875E9	0.0
3.0963943185E9	0.0
3.096398918E9	0.0
3.0964033365E9	0.0
3.0964070605E9	0.0
3.0964084065E9	0.0
3.0964096105E9	0.0
3.096411644E9	0.0
3.0964135175E9	0.0
3.0964147555E9	0.0
3.0964161835E9	0.0
3.0964174105E9	0.0
3.096418484E9	0.0
3.096419946E9	0.0
3.096422275E9	0.0
3.0964254675E9	0.0
3.0964313925E9	0.0
3.0964360765E9	0.0
3.096437123E9	0.0
3.0964382945E9	0.0
3.096440137E9	0.0
3.096442099E9	0.0
3.096443439E9	0.0
3.0964449505E9	0.0
3.0964464985E9	0.0
3.0964475915E9	0.0
3.0964489705E9	0.0
3.0964506065E9	0.0
3.0964522235E9	0.0
3.0964537525E9	0.0
3.0964552355E9	0.0
3.09645655E9	0.0
3.0964580005E9	0.0
3.0964594605E9	0.0
3.096462063E9	0.0
3.0964647385E9	0.0
3.0964666345E9	0.0
3.0964687875E9	0.0
3.096470338E9	0.0
3.0964722525E9	0.0
3.096474844E9	0.0
3.0964802425E9	0.0
3.0964880595E9	0.0
3.0965833285E9	0.0
3.0967643755E9	311.0
3.0969348755E9	0.0
3.0970713735E9	398.23561643835615
3.09716122E9	0.0
3.0972741855E9	0.0
3.0973604055E9	0.0
3.097450029E9	0.0
3.0976374775E9	0.0
3.0978270425E9	108.0
3.097932224E9	0.0
3.0979864125E9	0.0
3.098119023E9	0.0
3.098265051E9	0.0
3.098391091E9	231.81564245810057
3.0985448955E9	0.0
3.0986946915E9	0.0
3.098783935E9	0.0
3.0988292795E9	0.0
3.098880847E9	0.0
3.098919304E9	0.0
3.0989774605E9	0.0
3.099052881E9	0.0
3.0991573655E9	175.0
3.099319594E9	0.0
3.0995012675E9	0.0
3.099670145E9	0.0
3.0999279405E9	0.0
3.100233298E9	0.0
3.1004161975E9	0.0
3.100563604E9	0.0
3.100747466E9	0.0
3.1008938195E9	0.0
3.1011322435E9	0.0
3.1013406625E9	0.0
3.1018216205E9	0.0
3.10249025E9	0.0
3.1027859675E9	0.0
3.1029370045E9	0.0
3.103040568E9	0.0
3.103187824E9	0.0
3.1033599445E9	0.0
3.1034919475E9	0.0
3.103630163E9	394.0
3.103765693E9	0.0
3.1038899E9	0.0
3.104000147E9	0.0
3.104103262E9	0.0
3.104213238E9	0.0
3.1043622315E9	0.0
3.1045301035E9	0.0
3.104697468E9	0.0
3.104838637E9	0.0
3.1050052845E9	0.0
3.105133977E9	0.0
3.1052243125E9	0.0
3.105384834E9	0.0
3.1055957845E9	0.0
3.1057764275E9	0.0
3.1059356005E9	0.0
3.106119471E9	0.0
3.1062928875E9	0.0
3.1064952125E9	0.0
3.106793429E9	0.0
3.107037494E9	0.0
3.1073867035E9	0.0
3.107759424E9	0.0
3.1079211745E9	0.0
3.1080633985E9	0.0
3.1082263265E9	0.0
3.1084513465E9	0.0
3.1086364625E9	0.0
3.108789052E9	0.0
3.1089764285E9	0.0
3.1091156475E9	0.0
3.1092704375E9	0.0
3.1094661425E9	0.0
3.1103548855E9	0.0
3.11121197E9	0.0
3.1113489445E9	0.0
3.111522028E9	0.0
3.1116747035E9	0.0
3.112457455E9	283.7512794268168
3.114793642E9	0.0
3.1165009275E9	0.0
3.1166649055E9	0.0
3.1168033475E9	0.0
3.1173009555E9	0.0
3.117773698E9	0.0
3.117904112E9	0.0
3.1180957915E9	0.0
3.1183304505E9	0.0
3.1185453175E9	0.0
3.1187290865E9	0.0
3.1189129625E9	0.0
3.119051637E9	0.0
3.1196670135E9	0.0
3.120358526E9	0.0
3.1205574705E9	0.0
3.1207256815E9	0.0
3.1209034785E9	0.0
3.1210870935E9	0.0
3.1212284615E9	0.0
3.1214052355E9	0.0
3.1220442065E9	0.0
3.1226870745E9	0.0
3.1231494355E9	0.0
3.1235325875E9	0.0
3.123790701E9	0.0
3.124044676E9	0.0
3.1241297635E9	0.0
3.124227575E9	0.0
3.124459987E9	0.0
3.1246790295E9	0.0
3.1248266455E9	0.0
3.124943915E9	0.0
3.1250653335E9	0.0
3.1251809925E9	0.0
3.1254305495E9	0.0
3.1257397175E9	0.0
3.1259200925E9	0.0
3.1261657415E9	0.0
3.1264148E9	0.0
3.126614024E9	0.0
3.1268076365E9	0.0
3.12704463E9	0.0
3.127295107E9	0.0
3.12747434E9	0.0
3.1276520425E9	0.0
3.127848246E9	191.0
3.127977804E9	0.0
3.128104742E9	0.0
3.128281483E9	0.0
3.128569275E9	322.4352778736624
3.1287934555E9	0.0
3.1288739025E9	0.0
3.129053374E9	0.0
3.129196997E9	0.0
3.129281586E9	0.0
3.129410949E9	0.0
3.1295567135E9	0.0
3.1296928995E9	0.0
3.129844808E9	0.0
3.129974998E9	0.0
3.1300410955E9	0.0
3.1301650045E9	0.0
3.1303509995E9	0.0
3.1304930685E9	0.0
3.1306295515E9	0.0
3.130867575E9	0.0
3.131039675E9	0.0
3.1312194015E9	0.0
3.13213604E9	0.0
3.132981947E9	0.0
3.133747995E9	0.0
3.134663191E9	0.0
3.1350342175E9	0.0
3.1353294355E9	0.0
3.13564139E9	0.0
3.135912112E9	0.0
3.136228957E9	0.0
3.1366387835E9	0.0
3.13692132E9	0.0
3.1370204075E9	0.0
3.137148797E9	0.0
3.1372652255E9	0.0
3.1386151055E9	169.0
3.1400411865E9	0.0
3.1401822535E9	0.0
3.140414935E9	0.0
3.140798459E9	0.0
3.1410924815E9	0.0
3.1426293625E9	0.0
3.144206965E9	0.0
3.144381203E9	0.0
3.144482951E9	0.0
3.1449091835E9	0.0
3.1458201795E9	0.0
3.146483516E9	0.0
3.146713427E9	0.0
3.146885722E9	0.0
3.146985213E9	0.0
3.147119783E9	0.0
3.147265112E9	0.0
3.147465896E9	0.0
3.147693206E9	0.0
3.1478747395E9	0.0
3.1480261545E9	0.0
3.1481624055E9	0.0
3.148326154E9	0.0
3.148489927E9	0.0
3.1486047935E9	0.0
3.148662145E9	0.0
3.148881458E9	0.0
3.1491593975E9	0.0
3.1493385205E9	0.0
3.1495104645E9	0.0
3.1496099745E9	0.0
3.1497484335E9	0.0
3.1503591725E9	0.0
3.1509172235E9	0.0
3.1510408035E9	0.0
3.151129521E9	0.0
3.151250568E9	0.0
3.151374243E9	0.0
3.151489573E9	0.0
3.1516448945E9	0.0
3.151817443E9	0.0
3.151955368E9	0.0
3.152051039E9	0.0
3.1521507295E9	0.0
3.1523220325E9	0.0
3.1525451205E9	0.0
3.152790319E9	0.0
3.1530742195E9	0.0
3.153249269E9	0.0
3.1532999345E9	0.0
3.1533558455E9	0.0
3.153485713E9	0.0
3.153709553E9	0.0
3.1539240905E9	0.0
3.154120597E9	0.0
3.1543302E9	0.0
3.154493926E9	0.0
3.154657966E9	0.0
3.154845599E9	0.0
3.1550524745E9	0.0
3.1552349965E9	0.0
3.1553981115E9	0.0
3.15557571E9	0.0
3.1557532995E9	0.0
3.1559197455E9	0.0
3.1561079305E9	0.0
3.1562956185E9	0.0
3.1564576755E9	0.0
3.156728397E9	0.0
3.1574898795E9	0.0
3.158127567E9	0.0
3.159754588E9	0.0
3.1621522205E9	0.0
3.163083745E9	0.0
3.163247659E9	0.0
3.163475482E9	0.0
3.163688181E9	0.0
3.163848849E9	0.0
3.164242336E9	328.1879579059544
3.1646267025E9	0.0
3.167032335E9	225.46153846153845
3.169613042E9	0.0
3.169955169E9	0.0
3.170102579E9	0.0
3.1703440285E9	0.0
3.1705509635E9	0.0
3.1713065935E9	0.0
3.172105219E9	0.0
3.1722711045E9	0.0
3.1727147195E9	0.0
3.173116486E9	0.0
3.173290497E9	0.0
3.1735300985E9	0.0
3.173718028E9	0.0
3.1738956185E9	0.0
3.1740833425E9	0.0
3.174240364E9	0.0
3.17438727E9	0.0
3.174571623E9	0.0
3.1748117375E9	0.0
3.175046817E9	0.0
3.1752354605E9	0.0
3.1754134065E9	0.0
3.175774576E9	0.0
3.176707948E9	0.0
3.1790103535E9	0.0
3.1807719275E9	0.0
3.1809958745E9	0.0
3.1816373325E9	0.0
3.182257536E9	0.0
3.182438689E9	0.0
3.182632177E9	0.0
3.1828176375E9	0.0
3.1830105775E9	0.0
3.183203712E9	0.0
3.183377671E9	0.0
3.1835480905E9	0.0
3.1845084425E9	284.35880597014926
3.186847264E9	0.0
3.188853383E9	0.0
3.189497979E9	0.0
3.1915036825E9	0.0
3.193917589E9	0.0
3.1949576625E9	0.0
3.1955729425E9	0.0
3.1979582215E9	0.0
3.200762757E9	0.0
3.201346902E9	0.0
3.2014320305E9	0.0
3.203896665E9	0.0
3.2068525245E9	0.0
3.2073844505E9	0.0
3.207821066E9	0.0
3.2087527055E9	0.0
3.209372017E9	0.0
