#Read position (bp)	Clipping profile
0.0	1.8742552694192567
1.0	1.8576227360566582
2.0	1.8446657407783642
3.0	1.8409699438227285
4.0	1.8374564767090702
5.0	1.8318852870930962
6.0	1.8225864651522525
7.0	1.8134439259331034
8.0	1.8066051097967155
9.0	1.7967535100809882
10.0	1.792397852744863
11.0	1.6203681997770134
12.0	1.5430024642891087
13.0	1.4774910626542062
14.0	1.4148216912545692
15.0	1.344537878359022
16.0	1.2483863808985007
17.0	1.1131757795121686
18.0	1.0674862364122304
19.0	1.036782469848143
20.0	0.988094613791244
21.0	0.937270893871182
22.0	0.8804447597882472
23.0	0.8549127936624694
24.0	0.7859776427726592
25.0	0.722937823440116
26.0	0.6865991965215865
27.0	0.6711474659451268
28.0	0.5961693831497822
29.0	0.5327446452619536
30.0	0.4883950817943248
31.0	0.4573295496707586
32.0	0.3919628542596476
33.0	0.3237338697419402
34.0	0.2723400073001396
35.0	0.19809413799718018
36.0	0.19168654640769114
37.0	0.18946964705920488
38.0	0.1878084196100781
39.0	0.18650316947147846
40.0	0.1855915202615918
41.0	0.18494034225452993
42.0	0.18423417588242724
43.0	0.18350775063899374
44.0	0.1826366191717687
45.0	0.18169602871712376
46.0	0.1810564272079652
47.0	0.18037341383166916
48.0	0.17782658429293818
49.0	0.1773751008747086
50.0	0.1767499699879292
51.0	0.175693614554251
52.0	0.1624443127038983
53.0	0.14698968800296264
54.0	0.14653820458473307
55.0	0.1283804676233716
56.0	0.127604842263849
57.0	0.1270867939826753
58.0	0.12629669800077353
59.0	0.12570629660770408
60.0	0.11591257938149317
61.0	0.11529323674366541
62.0	0.11491989468628326
63.0	0.11461601161632105
64.0	0.10003251838261043
65.0	0.0994797406077268
66.0	0.09917585753776456
67.0	0.09879383310695491
68.0	0.09838286743138697
69.0	0.09804425486771477
70.0	0.08804216067924407
71.0	0.07100155576555323
72.0	0.0700262358171983
73.0	0.06917536322130409
74.0	0.06810453716524675
75.0	0.06771961860996127
76.0	0.0674186296644749
77.0	0.06696135799729365
78.0	0.06658801593991148
79.0	0.06634490948394173
80.0	0.06590500256361546
81.0	0.06566479023212152
82.0	0.06542168377615173
83.0	0.06510043595933454
84.0	0.06450714044178926
85.0	0.06422351624315785
86.0	0.06375756220254912
87.0	0.06336106714936032
88.0	0.06291247785560658
89.0	0.062631747781451
90.0	0.062333652960440446
91.0	0.06193715790725165
92.0	0.061523298107207865
93.0	0.06129176814914141
94.0	0.06099077920365502
95.0	0.060611648897321214
96.0	0.06020357734622909
97.0	0.05983891766227443
98.0	0.059506093347553905
99.0	0.058469996785206535
100.0	0.05804456048725942
101.0	0.05766253605644978
102.0	0.05801561924250112
103.0	0.05690716956825799
104.0	0.056753780971038954
105.0	0.05713869952632443
106.0	0.05693900493749211
107.0	0.05686954595007219
108.0	0.0559550026157097
109.0	0.05513596538904963
110.0	0.05483787056803907
111.0	0.054710529091102515
112.0	0.05436323415400284
113.0	0.05405356283508896
114.0	0.054232998552590464
115.0	0.05472210558900585
116.0	0.054646858352634255
117.0	0.054612128858924275
118.0	0.05455424636940767
119.0	0.05471631734005419
120.0	0.05462659948130343
121.0	0.05468737609529588
122.0	0.054675799597392556
123.0	0.05462659948130343
124.0	0.05459765823654513
125.0	0.0545195168756977
126.0	0.0546237053568276
127.0	0.054452952012753596
128.0	0.05454556399598018
129.0	0.054525305124649356
130.0	0.054539775747028514
131.0	0.054539775747028514
132.0	0.05449346975541522
133.0	0.05442111664351946
134.0	0.05435744590505118
135.0	0.05427930454420376
136.0	0.05432271641134122
137.0	0.0544442696393261
138.0	0.05401593921690316
139.0	0.054018833341379
140.0	0.054114339449081415
141.0	0.05421563380573548
142.0	0.05437481065190617
143.0	0.05436323415400284
144.0	0.05437481065190617
145.0	0.05431982228686538
146.0	0.05428798691763125
147.0	0.05413749244488806
148.0	0.05438349302533366
149.0	0.05443269314142278
150.0	0.05462949360577927
151.0	0.054762623331667475
152.0	0.054843658816990735
153.0	0.055040459281347216
154.0	0.05515622426038044
155.0	0.055966579113613024
156.0	0.05608523821712208
157.0	0.05627914455700274
158.0	0.05650778039059336
159.0	0.05670168673047401
160.0	0.056805875211603914
161.0	0.05689269894587883
162.0	0.057101075908138635
163.0	0.05733549999068091
164.0	0.05747441796552079
165.0	0.05776093628862802
166.0	0.058038772238307765
167.0	0.05827030219637422
168.0	0.05835712593064914
169.0	0.05869863261879715
170.0	0.058808609348878715
171.0	0.05902566868456602
172.0	0.05820952558238178
173.0	0.05740206485362503
174.0	0.057656747807498125
175.0	0.05781881877814464
176.0	0.058099548852300203
177.0	0.058762303357265434
178.0	0.05787670126766125
179.0	0.058649432502708036
180.0	0.07498676516877202
181.0	0.08458657605510228
182.0	0.08303821946053289
183.0	0.08341445564239086
184.0	0.08380805657110382
185.0	0.08363730322702982
186.0	0.08421612812219596
187.0	0.09864623275868756
188.0	0.09931477551260444
189.0	0.09994858877281135
190.0	0.10055056666378412
191.0	0.11043110762426994
192.0	0.11116910936560677
193.0	0.1122688766664224
194.0	0.11313132576021995
195.0	0.1142513519323664
196.0	0.1321775589356614
197.0	0.13344518545607525
198.0	0.14887376303672842
199.0	0.1617757699499814
200.0	0.16245299507732577
201.0	0.1629710433584995
202.0	0.16365405673479552
203.0	0.16615458028191318
204.0	0.16691862914353248
205.0	0.1672890770764388
206.0	0.16808785543176805
207.0	0.16936995257456103
208.0	0.17074466170058059
209.0	0.17211647670212432
210.0	0.1734738210812889
211.0	0.17549681408989454
212.0	0.17888004560214055
213.0	0.18308520846552245
214.0	0.1886043038409315
215.0	0.20345116240194275
216.0	0.2777520200699429
217.0	0.3265324881100684
218.0	0.39080520446931544
219.0	0.454742202389366
220.0	0.4848382028135289
221.0	0.5318706196702527
222.0	0.5953648165455012
223.0	0.6678192227979215
224.0	0.683036529291839
225.0	0.7197745453880332
226.0	0.7917022209858522
227.0	0.8605187127721533
228.0	0.8877292710939131
229.0	0.9345590992373287
230.0	0.9884216498570129
231.0	1.0763335749348446
232.0	1.1090053461424967
233.0	1.178982381843606
234.0	1.2762741643476048
235.0	1.3497038905483798
236.0	1.422566368351892
237.0	1.4783506176235277
238.0	1.5461049657271992
239.0	1.6212856372358517
240.0	1.7869540046058254
241.0	1.7941516921772163
242.0	1.8048425879909347
243.0	1.8129114070295504
244.0	1.8227601126208022
245.0	1.8340529863254935
246.0	1.8439769391531167
247.0	1.8594836580946172
248.0	1.8656192019833782
249.0	1.8814384863682685
250.0	1.8938340214982512
