#Read position (bp)	Clipping profile
0.0	1.9069887506014567
1.0	1.8953978462177186
2.0	1.8843808135487146
3.0	1.8803897966235161
4.0	1.8763922584288322
5.0	1.8711204641766583
6.0	1.8613933386119097
7.0	1.8517862044056965
8.0	1.842679903695979
9.0	1.8311776885772453
10.0	1.8266558403159174
11.0	1.622482718244587
12.0	1.5366132501657577
13.0	1.4626959648001698
14.0	1.4044375517234489
15.0	1.3318010436848364
16.0	1.2374395784818348
17.0	1.112600308210847
18.0	1.072996638624686
19.0	1.0437839598369099
20.0	0.9922620181388329
21.0	0.949251637373385
22.0	0.884727588574882
23.0	0.8542367409679243
24.0	0.7842087407235594
25.0	0.722465361233724
26.0	0.6867496725148889
27.0	0.6697056825872766
28.0	0.5979469374214285
29.0	0.5240179137707665
30.0	0.47624961478861144
31.0	0.44420148802848824
32.0	0.37981308163528604
33.0	0.30738264571241924
34.0	0.24847340994103365
35.0	0.1797327082931297
36.0	0.17380487433070255
37.0	0.17154590658088434
38.0	0.17001732101345535
39.0	0.16863481188250426
40.0	0.16779748088055085
41.0	0.16697319241756867
42.0	0.16626237404363625
43.0	0.16558285776323484
44.0	0.16475465653856128
45.0	0.1637477725299818
46.0	0.1630199988553868
47.0	0.16235613362175083
48.0	0.1607205992347577
49.0	0.16017150834406865
50.0	0.15969415141772136
51.0	0.1585777100817835
52.0	0.1442726533381309
53.0	0.13489115505612023
54.0	0.13473334033456827
55.0	0.12008004780038363
56.0	0.11920489343541364
57.0	0.1185632005180288
58.0	0.11784455662071362
59.0	0.11732415931576129
60.0	0.10759442524321858
61.0	0.10725792773776065
62.0	0.10696055784921644
63.0	0.10661101780478732
64.0	0.09310677295396866
65.0	0.09257202885614794
66.0	0.09233595890076855
67.0	0.09198120184075091
68.0	0.09162774903463039
69.0	0.09143080669616471
70.0	0.0820140935589317
71.0	0.06595742383144199
72.0	0.06526225650427506
73.0	0.06477185703895655
74.0	0.0641249471059832
75.0	0.06379105810831953
76.0	0.06353412009058618
77.0	0.06327326931116144
78.0	0.06299807173886833
79.0	0.06282069320885952
80.0	0.06269418058083852
81.0	0.06251288928913831
82.0	0.06237724688383746
83.0	0.06218421730706315
84.0	0.061721207173584244
85.0	0.06141862026945155
86.0	0.06105995044774254
87.0	0.06074040824294723
88.0	0.06050433828756784
89.0	0.06030217893351368
90.0	0.060128713165196225
91.0	0.059893947463713966
92.0	0.0596539647466432
93.0	0.05948310748612
94.0	0.05934224806523064
95.0	0.0591531312501477
96.0	0.05894184211881366
97.0	0.0586679488004177
98.0	0.05838492570474185
99.0	0.05771845196331165
100.0	0.05743282035984156
101.0	0.05707284628423542
102.0	0.05792843684074856
103.0	0.05746412245337253
104.0	0.057408039535796214
105.0	0.05779670719713907
106.0	0.05763106695220436
107.0	0.05756194149565681
108.0	0.057049369714087195
109.0	0.05678982318855959
110.0	0.056594185103991036
111.0	0.05671417646252641
112.0	0.05638811298824548
113.0	0.05609856862308403
114.0	0.05626681737581298
115.0	0.05680416998142795
116.0	0.05679112744245671
117.0	0.0568511231217244
118.0	0.0567246104937034
119.0	0.05691503156268346
120.0	0.05679243169635383
121.0	0.05687720819966687
122.0	0.05682634229767905
123.0	0.05680286572753082
124.0	0.05676504236451423
125.0	0.05667113608392133
126.0	0.05667635309950982
127.0	0.056591576596196784
128.0	0.05674287004826314
129.0	0.05668678713068681
130.0	0.05685764439121002
131.0	0.056875903945769746
132.0	0.056810691250913564
133.0	0.056781997665176845
134.0	0.05676504236451423
135.0	0.05670895944693792
136.0	0.0568237337898848
137.0	0.0568732954379755
138.0	0.05647028098376428
139.0	0.05652766815523772
140.0	0.0565759255494313
141.0	0.056632008467007625
142.0	0.056678961607304075
143.0	0.05661505316634501
144.0	0.05668417862289257
145.0	0.05666331056053858
146.0	0.056698525415760925
147.0	0.05652766815523772
148.0	0.056638529736493234
149.0	0.05674808706385162
150.0	0.056886337976946734
151.0	0.05702328463614472
152.0	0.057089801584898035
153.0	0.05718501211938806
154.0	0.05728935243115796
155.0	0.05777975189647646
156.0	0.057842356083538396
157.0	0.05790235176280609
158.0	0.05798582401222201
159.0	0.058121466417522874
160.0	0.058215372698115775
161.0	0.05832623427937129
162.0	0.05839405548202172
163.0	0.05853882766460245
164.0	0.058677078577697564
165.0	0.058872716662266115
166.0	0.059114003633234
167.0	0.059325292764568036
168.0	0.059503975548473975
169.0	0.059646139223260466
170.0	0.05961353287583236
171.0	0.0591583482657362
172.0	0.0569006847698151
173.0	0.05606465802175882
174.0	0.05569424991497569
175.0	0.05565120953637061
176.0	0.05587945396836725
177.0	0.05639333000383399
178.0	0.05568512013769582
179.0	0.056251166329047496
180.0	0.07192568966467996
181.0	0.08099155850358672
182.0	0.08120936890440639
183.0	0.08162020888200035
184.0	0.08201018079724032
185.0	0.08117937106477253
186.0	0.08176367681068394
187.0	0.09626045887721373
188.0	0.09682911357635966
189.0	0.09760384039125113
190.0	0.09818553762936828
191.0	0.10897693437416968
192.0	0.11021467132254006
193.0	0.11124503190126776
194.0	0.11142893170076221
195.0	0.11254276452890583
196.0	0.12717388474683936
197.0	0.12828510906718876
198.0	0.13791050282796155
199.0	0.15185036848041952
200.0	0.1525259719991296
201.0	0.15296550556246027
202.0	0.1535511155622688
203.0	0.15519317121874754
204.0	0.1558909470537087
205.0	0.1561113659623226
206.0	0.15693304591751053
207.0	0.15814078502624707
208.0	0.15947764527079886
209.0	0.1607532055821858
210.0	0.16194007662856835
211.0	0.16366169177277162
212.0	0.166649737451082
213.0	0.17061597355223515
214.0	0.17547301506512375
215.0	0.19012500334541124
216.0	0.26003562073903513
217.0	0.3163741720791899
218.0	0.38685083566416545
219.0	0.4497080479821444
220.0	0.480188461557925
221.0	0.5301335602943794
222.0	0.6036986971077439
223.0	0.67385320998013
224.0	0.6903702813333044
225.0	0.7263937739718606
226.0	0.7931402714110624
227.0	0.8632895672678599
228.0	0.895505942780712
229.0	0.9496142199567854
230.0	0.9951861553761842
231.0	1.078034971429275
232.0	1.1099931046704967
233.0	1.173930239215294
234.0	1.268895573972664
235.0	1.3401000112322345
236.0	1.4151180868869948
237.0	1.4656474913693607
238.0	1.5424393523242093
239.0	1.6257042253704823
240.0	1.8240316814749045
241.0	1.8307577188223714
242.0	1.8424542677717766
243.0	1.852602667345296
244.0	1.862430220460123
245.0	1.8735685487415592
246.0	1.8825326857764904
247.0	1.8949087510062972
248.0	1.9008274551914444
249.0	1.9144373446079301
250.0	1.9232188860972639
