#Position (bp)	Coverage
4011823.0	8.06612281575269
1.2035468E7	3.4025681594836263
2.0059113E7	1.9878303439396932
2.8082758E7	0.0035634677257032183
3.6106403E7	0.0016787881318278662
4.4130048E7	0.0022346452267018296
5.2153693E7	9.344880038934923E-4
6.0177338E7	2.8914539464295843E-4
6.8200983E7	1.2288679272325732E-4
7.6224628E7	9.883288704821811E-5
8.4248273E7	1.1720695519305753
9.2271918E7	1.2363458253698912E-4
1.00295563E8	2.1162451728609627E-4
1.08319208E8	2.649668573322972E-4
1.16342853E8	1.7386113169264093E-4
1.24366498E8	2.7668223108076193E-5
1.32390143E8	0.0
1.40413788E8	1.2540809071188967
1.48437433E8	0.9124841639927987
1.56461078E8	2.852818139386775E-4
1.64484723E8	3.509151389424632
1.72508368E8	1.357238511923197E-4
1.80532013E8	4.2187808658035095E-4
1.88555658E8	1.38216483904759E-4
1.96579303E8	2.9762034586525203E-4
2.04602948E8	0.0016210836845348966
2.12626593E8	7.801940389934999E-5
2.20650238E8	4.845677992981993E-4
2.28673883E8	0.0010528880577343588
2.36697528E8	2.774300208944937E-4
2.44721173E8	1.3659627264167346E-4
2.48844709E8	3.9834039753476526E-4
2.528565315E8	3.226832891080736E-4
2.60768463E8	0.001442361919052999
2.68792108E8	6.970647380336493E-4
2.76815753E8	0.0011356434637873436
2.84839398E8	0.5799301938208882
2.92863043E8	1.7211628879393342E-4
3.00886688E8	2.264556819251101E-4
3.08910333E8	1.9155882395095994E-4
3.16933978E8	2.3929274039417248E-4
3.24957623E8	9.258884210355768E-4
3.32981268E8	1.9430071993464316E-4
3.41004913E8	3.620667913398462
3.49028558E8	0.002479671022334612
3.57052203E8	8.203254256637725E-4
3.65075848E8	0.0015515392318578402
3.73099493E8	0.8780114274746702
3.81123138E8	6.736339905367199E-4
3.89146783E8	1.8757061161105707E-4
3.97170428E8	1.5217522709441906E-4
4.05194073E8	7.649889794476201E-4
4.13217718E8	1.2213900290952554E-4
4.21241363E8	0.002030373975917429
4.29265008E8	1.0120088812503545E-4
4.37288653E8	6.867203122770262E-5
4.45312298E8	9.45954114370713E-5
4.53335943E8	2.852818139386775E-4
4.61359588E8	4.461812555266341E-5
4.69383233E8	0.001562257552521329
4.77406878E8	0.0024541215370321094
4.85430523E8	0.0011135836642822557
4.902961485E8	0.006592855729014773
4.94307971E8	5.161462745876015E-5
5.01477813E8	0.0026264870890972867
5.09501458E8	2.147403081766454E-4
5.17525103E8	1.2388384580823303E-4
5.25548748E8	4.898023279943218E-4
5.33572393E8	3.923403889379453E-4
5.41596038E8	1.183995179248334
5.49619683E8	1.3372974502236825E-4
5.57643328E8	1.2488089889320877E-4
5.65666973E8	8.78653031134852E-5
5.73690618E8	1.6251965285104213E-4
5.81714263E8	3.2030330354844964E-5
5.89737908E8	7.440508646631301E-5
5.97761553E8	8.985940928343665E-5
6.05785198E8	1.8719671670419118E-4
6.13808843E8	4.6549915904803865E-4
6.21832488E8	2.579449240339023
6.29856133E8	3.1207761559739995E-4
6.37879778E8	1.9018787595911834E-4
6.45903423E8	2.3244929206115175
6.53927068E8	3.9632860127784815E-5
6.61950713E8	3.1407172176735135E-5
6.69974358E8	3.200540402772057E-4
6.77998003E8	3.2989993949134093E-4
6.85727668E8	7.051132478043381E-4
6.897394905E8	3.0614327505272467E-4
6.94045293E8	4.597380492282498
7.02068938E8	1.9018787595911834E-4
7.10092583E8	0.001069962591814568
7.18116228E8	3.568203727856853E-4
7.26139873E8	3.165643544797907E-5
7.34163518E8	7.278487520322746E-5
7.42187163E8	8.57465653079118E-4
7.50210808E8	2.5823674900871113E-4
7.58234453E8	8.175835296800893E-5
7.66258098E8	3.4460647249473275E-4
7.74281743E8	5.618394133838175E-4
7.82305388E8	2.1810536233843844E-5
7.90329033E8	1.6002702013860284E-4
7.98352678E8	4.4767683515409767E-4
8.06376323E8	6.742571487148297E-5
8.14399968E8	1.8619966361921544E-4
8.22423613E8	3.6778795672041823E-4
8.30447258E8	7.128929557576388E-5
8.38470903E8	7.595051874802537E-4
8.46494548E8	5.283135034015089E-4
8.54518193E8	1.924312454003137E-4
8.62541838E8	3.4647594702906226E-5
8.70565483E8	2.812936015987746E-4
8.771186855E8	0.0015875233141049352
8.81130508E8	0.003117428937207677
8.86612773E8	0.9101624012527972
8.94636418E8	2.4091295165725802E-4
9.02660063E8	4.000675503465071E-5
9.10683708E8	4.8606337892566285E-5
9.18707353E8	2.143664132697795E-5
9.26730998E8	3.3401278346686575E-5
9.34754643E8	0.003938359685654089
9.42778288E8	1.324834286661486E-4
9.50801933E8	4.835707462132236E-5
9.58825578E8	9.970530849757187E-5
9.66849223E8	2.4377947927656322E-4
9.74872868E8	2.2072262668649972E-4
9.82896513E8	8.425098568044822E-5
9.90920158E8	3.2616099042268195E-4
9.98943803E8	6.131876472600669E-5
1.006967448E9	2.883976048292266E-4
1.014991093E9	0.0012079298124480831
1.023014738E9	3.1556730139481497E-4
1.031038383E9	7.370714930683E-4
1.039062028E9	2.2620641865386617E-4
1.047085673E9	5.976086928073214E-4
1.055109318E9	7.765797215604629E-4
1.0601597325E9	6.171817229479911E-4
1.064171555E9	1.0493636467135663E-4
1.071156608E9	4.4705367697598784E-4
1.079180253E9	0.001045784054503907
1.087203898E9	6.699762389786687
1.095227543E9	0.003920537361760148
1.103251188E9	0.0011059811345093158
1.111274833E9	1.2375921417261108E-4
1.119298478E9	1.1291626187350014E-4
1.127322123E9	4.9104864435054146E-5
1.135345768E9	3.900970194967499E-5
1.143369413E9	3.527075288101605E-5
1.151393058E9	1.7273944697204327E-4
1.159416703E9	4.9354127706298074E-5
1.167440348E9	1.8732134833981313E-4
1.175463993E9	9.260130526711987E-5
1.183487638E9	1.2263752945201338E-4
1.191511283E9	1.5703586088367568E-4
1.199534928E9	0.33264669610881337
1.207558573E9	12.10983748657873
1.215582218E9	3.65046060736735E-4
1.223605863E9	6.098225930982739E-4
1.2298109945E9	0.004642072776795244
1.233822817E9	0.009557806417164348
1.239653153E9	2.5661192637510757
1.247676798E9	4.081686066619348E-4
1.255700443E9	1.4993185765322368E-4
1.263724088E9	2.685811747653342E-4
1.271747733E9	1.903125075947403E-4
1.279771378E9	3.9283891548043317E-4
1.287795023E9	0.0018516522104355315
1.295818668E9	9.494438001681281E-4
1.303842313E9	0.005322767894142874
1.311865958E9	2.575199301564314
1.319889603E9	0.022808212476997675
1.327913248E9	1.7311334187890916E-4
1.335936893E9	0.0016026382024628457
1.343960538E9	1.4905943620386992E-4
1.351984183E9	21.711354627479157
1.360007828E9	0.0017523207968448255
1.368031473E9	9.559246452204703E-4
1.376055118E9	5.945356131782999
1.384078763E9	7.246083295061036E-4
1.389720431E9	0.03736765233269043
1.3937322535E9	0.0028121598151451504
1.400126053E9	0.0011243019849457448
1.408149698E9	1.9579629956210674E-4
1.416173343E9	2.467706385314904E-4
1.424196988E9	2.8204139141250643E-4
1.432220633E9	2.8540644557429945E-4
1.440244278E9	1.718670255226895E-4
1.448267923E9	6.174251228712138E-4
1.456291568E9	5.052566508114455E-4
1.464315213E9	3.297753078557189E-4
1.472338858E9	0.001445976236486036
1.480362503E9	4.600153670806722E-4
1.488386148E9	0.0015987746217585648
1.496409793E9	4.694319850890711
1.504433438E9	1.6027628340984677E-4
1.512457083E9	3.79254067197639E-4
1.520480728E9	0.0013227155488559127
1.528504373E9	0.001258031729968113
1.534502554E9	0.0033181321498611657
1.5385143765E9	0.0011506005537496593
1.544551663E9	9.837174999641684E-4
1.552575308E9	5.222065532560326E-5
1.560598953E9	1.3983669516784455E-4
1.568622598E9	7.764550899248409E-5
1.576646243E9	0.023596881467213466
1.584669888E9	0.0
1.592693533E9	0.0
1.600717178E9	0.009459042617164643
1.608740823E9	1.6700639173343286E-4
1.616764468E9	1.5170410704860446
1.624788113E9	0.006403074911714065
1.632811758E9	4.5814589254634274E-4
1.640835403E9	1.2114194982454982E-4
1.648859048E9	3.478468950209038E-4
1.656882693E9	0.0012537942543569662
1.664906338E9	5.200489802327994
1.671900895E9	0.0015189082367203651
1.6759127175E9	0.016720144438570853
1.680953628E9	4.7758842770336923E-4
1.688977273E9	1.814636614655808E-4
1.697000918E9	4.823244298570039E-5
1.705024563E9	0.001441738760874889
1.713048208E9	1.0768173317737762E-4
1.721071853E9	0.0018395629417802008
1.729095498E9	4.274865101833394E-5
1.737119143E9	8.811456638472913E-5
1.745142788E9	0.0014426111823242428
1.753166433E9	0.0024366731080450346
1.761190078E9	4.964078046822859E-4
1.769213723E9	2.6947189213879725
1.777237368E9	7.077830586971383E-4
1.785261013E9	5.431446680405227E-4
1.793284658E9	9.434614816582738E-5
1.801308303E9	0.005588233278017659
1.8070005885E9	0.004106011259992038
1.811012411E9	0.002579181803578556
1.817355593E9	0.0017129371999882847
1.825379238E9	3.1207761559739995E-4
1.833402883E9	2.0701314676808359E-4
1.841426528E9	1.5043038419571155E-4
1.849450173E9	8.010075221423679E-4
1.857473818E9	5.572280428658048E-4
1.865497463E9	3.186830922853641E-4
1.873521108E9	0.0010852922829960698
1.881544753E9	0.009113688354856177
1.889568398E9	1.038181524730967E-4
1.897592043E9	0.004449100128432901
1.905615688E9	6.792424141397083E-5
1.913639333E9	2.94130660067837E-5
1.921662978E9	0.0011074767141367795
1.929686623E9	0.0034587771517807678
1.937710268E9	0.0013548705108463797
1.942744882E9	0.0
1.9467567045E9	0.0015665612032795912
1.953757558E9	23.33026398849899
1.961781203E9	4.810781135007842E-5
1.969804848E9	8.896206150695849E-4
1.977828493E9	4.957846465041761E-4
1.985852138E9	8.280525870723343E-4
1.993875783E9	0.0020752413647413363
2.001899428E9	8.998404091905861E-5
2.009923073E9	0.0045557848085253025
2.017946718E9	6.954445267705637E-5
2.025970363E9	7.415582319506908E-4
2.033994008E9	8.013814170492339E-5
2.042017653E9	1.2313605599450125E-4
2.050041298E9	1.4968259438197977E-4
2.058064943E9	0.0037930391985188778
2.066088588E9	0.002626736352368531
2.0735716965E9	0.0070881511923823045
2.077583519E9	0.0
2.082135878E9	0.0
2.090159523E9	0.0
2.098183168E9	6.737586221723419E-4
2.106206813E9	1.1403794659409782E-4
2.114230458E9	2.4303168946283142E-4
2.122254103E9	1.814636614655808E-4
2.130277748E9	3.912187042173476E-4
2.138301393E9	1.3298195520863648E-4
2.146325038E9	4.5864441908883056E-5
2.154348683E9	1.5279838527252888E-4
2.162372328E9	8.54100598917325E-4
2.170395973E9	9.982994013319382E-5
2.178419618E9	1.3622237773480757E-4
2.186443263E9	4.907993810792976E-4
2.190931198E9	3.255533093544068E-5
2.1949430205E9	0.0
2.202490553E9	0.0
2.210514198E9	1.845794523561299E-4
2.218537843E9	4.469290453403659E-4
2.226561488E9	2.2795126155257368E-4
2.234585133E9	3.9159259912421347E-4
2.242608778E9	8.013814170492339E-5
2.250632423E9	3.264102536939259E-4
2.258656068E9	0.002692915750883794
2.266679713E9	3.674140618135523E-4
2.274703358E9	2.3891884548730657E-4
2.282727003E9	0.08065424130803395
2.290750648E9	0.002423586786304728
2.2966067495E9	0.0168244609411049
2.300618572E9	0.0
2.306797938E9	0.0
2.314821583E9	4.237475611146805E-6
2.322845228E9	5.372869811662904E-4
2.330868873E9	0.0026871826956451836
2.338892518E9	3.7910819833130702
2.346916163E9	6.190453341342994E-4
2.354939808E9	0.004692381081166976
2.362963453E9	0.0032083921958162404
2.370987098E9	7.718437194068282E-4
2.379010743E9	0.0012749816324127002
2.387034388E9	5.438924578542545E-4
2.395058033E9	4.4393788608543873E-4
2.3997560365E9	0.0017007174491861477
2.403767859E9	0.005274170411934059
2.411105323E9	0.0012291171905038172
2.419128968E9	0.012875195749562699
2.427152613E9	12.010920597808104
2.435176258E9	0.005845099079034528
2.443199903E9	3.103327726986924E-5
2.451223548E9	5.118621274994095E-4
2.459247193E9	4.434904211240652
2.467270838E9	2.204510169629888
2.475294483E9	1.0892804953359726E-4
2.483318128E9	0.0011078506090436454
2.4890552565E9	0.003932635717953801
2.493067079E9	0.003603735201560977
2.499365418E9	0.009571958879038143
2.507389063E9	6.91082419523795E-4
2.515412708E9	2.508834825070152E-4
2.523436353E9	0.0026372054097607758
2.531459998E9	0.012270732316796169
2.539483643E9	0.009588160991668999
2.547507288E9	5.982318509854312E-5
2.555530933E9	2.4976179778641753E-4
2.563554578E9	4.848170625694432E-4
2.570802202E9	0.004179180954085101
2.5748140245E9	7.66731828133517E-5
2.579601868E9	2.3879421385168462E-4
2.587625513E9	6.335026038664473E-4
2.595649158E9	3.93337442022921E-4
2.603672803E9	4.486738882390734E-5
2.611696448E9	3.269087802364138E-4
2.619720093E9	2.1386788672729165E-4
2.627743738E9	2.0015840680887552E-4
2.635767383E9	7.162580099194319E-4
2.643791028E9	9.521856961518114E-5
2.6511070695E9	0.008397445810946551
2.655118892E9	6.090981743306809E-4
2.659838318E9	0.030516554508580578
2.667861963E9	0.0019583368905279333
2.675885608E9	0.003931504945694881
2.683909253E9	0.0019862543769072535
2.691932898E9	5.977593724547883
2.699956543E9	0.0014356318107294128
2.707980188E9	0.001127293144200672
2.7125104575E9	4.0505586877732924E-4
2.71652228E9	8.078146766644467E-4
2.724027478E9	4.183884007829359E-4
2.732051123E9	2.8229065468375034E-4
2.740074768E9	0.07834992699701944
2.748098413E9	0.0013581109333725507
2.756122058E9	4.380801992112064E-4
2.764145703E9	7.359498083477023E-4
2.772169348E9	2.091441483266022
2.776827121E9	0.019804923132654903
2.7808389435E9	6.831810597669786E-4
2.788216638E9	2.711984391133955E-4
2.796240283E9	3.4996563282647724E-4
2.804263928E9	5.396549822431077E-5
2.812287573E9	0.0012944241675697267
2.820241225E9	0.0025084798822475707
2.8242530475E9	0.0
2.828334863E9	0.0
2.836358508E9	0.002714352392210772
2.844382153E9	0.0032837943353675294
2.852405798E9	0.0010942657607608513
2.860429443E9	0.0016640815988244744
2.868453088E9	0.00957495003829307
2.8737332165E9	0.03257179261156219
2.877745039E9	0.0013628494670981568
2.884500378E9	7.415582319506907E-5
2.892524023E9	1.640152324785057E-4
2.900547668E9	3.6554458727922285E-4
2.908571313E9	9.472004307269327E-5
2.916594958E9	0.0010270893091606122
2.924618603E9	1.388396420828688E-4
2.932642248E9	2.3680010768173317E-5
2.940665893E9	1.4868554129700404E-4
2.948689538E9	1.562880710699439E-4
2.956713183E9	1.0057772994692561E-4
2.964736828E9	1.328573235730145E-4
2.972760473E9	1.232606876301232E-4
2.980784118E9	3.377517325355247E-5
2.988807763E9	1.962948261045946E-4
2.996831408E9	9.197814708901005E-5
3.004855053E9	4.5241283730773234E-4
3.012878698E9	8.951044070369514E-4
3.020902343E9	8.624509185039967E-5
3.0279782915E9	0.007065473156130002
3.031990114E9	0.0
3.036949633E9	9.472004307269327E-5
3.044973278E9	0.0013189765997872539
3.052996923E9	3.041011909175942E-5
3.061020568E9	8.350319586671644E-6
3.069044213E9	0.0
3.077067858E9	0.0
3.0846747565E9	7.78843062010372E-6
3.088278117E9	0.0
3.088373929E9	0.0
3.0884774725E9	0.0
3.0885573295E9	5.952287714791435E-4
3.0886546005E9	0.0
3.0887081185E9	0.0
3.0887493115E9	0.0
3.088858438E9	41.229000869105846
3.088966832E9	0.0
3.089008063E9	0.0
3.0890661235E9	0.0
3.089146859E9	0.0
3.089267292E9	0.0
3.08942189E9	0.0
3.089604443E9	0.0
3.089755642E9	0.0
3.0898220175E9	0.0
3.0898610755E9	0.0
3.089968525E9	0.0
3.0900764725E9	0.0
3.0901461555E9	0.0
3.090297168E9	0.0
3.090503609E9	0.002954923214615505
3.0907062205E9	0.0
3.09089898E9	0.001786189931529386
3.091013772E9	0.022091040272858454
3.091052607E9	0.0
3.0911587895E9	0.0
3.091267064E9	0.0
3.0915130575E9	0.0015660973389730684
3.092673561E9	0.0
3.093702736E9	0.0
3.093935951E9	1.4243036045563472E-4
3.094132646E9	0.0
3.0942642985E9	0.0016118975284237897
3.094360447E9	0.0
3.0944711045E9	1.891284515942416E-4
3.0946435155E9	0.004410784610724023
3.094747446E9	0.0
3.0948598115E9	0.0
3.0950026905E9	0.0
3.095104297E9	3.018867924528302E-4
3.095190977E9	0.0
3.0952465895E9	0.0
3.0952663465E9	0.0
3.095268566E9	0.0
3.0952706195E9	0.0
3.0952723265E9	0.0
3.0952838005E9	0.0
3.0952967465E9	0.0
3.095299555E9	0.0
3.0953008775E9	0.0
3.0953027375E9	0.0
3.0953043745E9	0.0
3.095311073E9	0.0
3.0953361175E9	0.0
3.095355552E9	0.0
3.0953574645E9	0.0
3.095360032E9	0.0
3.095361791E9	0.0
3.095363378E9	0.0
3.095365611E9	0.0
3.0953678415E9	0.0
3.095369933E9	0.0
3.095371677E9	0.0
3.09537289E9	0.0
3.0953743225E9	0.0
3.095375945E9	0.0
3.095572656E9	0.0
3.095769303E9	0.0
3.0957708065E9	0.0
3.0957736535E9	0.0
3.095822105E9	0.0
3.095924849E9	0.0
3.095983129E9	0.0
3.095986364E9	0.0
3.0959887305E9	0.0
3.0959909825E9	0.0
3.095993051E9	0.0
3.0959946765E9	0.0
3.096006671E9	0.0
3.0960870785E9	0.003482327729753993
3.0961589785E9	0.0
3.096165879E9	0.0
3.096173123E9	0.0
3.09617898E9	0.0
3.096183283E9	0.0
3.096185859E9	0.0
3.0961883E9	0.0
3.0961908755E9	0.0
3.096192456E9	0.0
3.096238607E9	0.0
3.0962848625E9	0.0
3.096286263E9	0.0
3.0962877625E9	0.0
3.096289947E9	0.0
3.096292208E9	0.0
3.0962965075E9	0.0
3.096315547E9	0.0
3.0963533005E9	0.0
3.09637788E9	0.0
3.096382479E9	0.0
3.0963879875E9	0.0
3.0963943185E9	0.0
3.096398918E9	0.0
3.0964033365E9	0.0
3.0964070605E9	0.0
3.0964084065E9	0.0
3.0964096105E9	0.0
3.096411644E9	0.0
3.0964135175E9	0.0
3.0964147555E9	0.0
3.0964161835E9	0.0
3.0964174105E9	0.0
3.096418484E9	0.0
3.096419946E9	0.0
3.096422275E9	0.0
3.0964254675E9	0.0
3.0964313925E9	0.0
3.0964360765E9	0.0
3.096437123E9	0.0
3.0964382945E9	0.0
3.096440137E9	0.0
3.096442099E9	0.0
3.096443439E9	0.0
3.0964449505E9	0.0
3.0964464985E9	0.0
3.0964475915E9	0.0
3.0964489705E9	0.0
3.0964506065E9	0.0
3.0964522235E9	0.0
3.0964537525E9	0.0
3.0964552355E9	0.0
3.09645655E9	0.0
3.0964580005E9	0.0
3.0964594605E9	0.0
3.096462063E9	0.0
3.0964647385E9	0.0
3.0964666345E9	0.0
3.0964687875E9	0.0
3.096470338E9	0.0
3.0964722525E9	0.0
3.096474844E9	0.0
3.0964802425E9	0.0
3.0964880595E9	0.0
3.0965833285E9	0.0
3.0967643755E9	0.002974363553164656
3.0969348755E9	0.0
3.0970713735E9	4.867699696026764
3.09716122E9	0.0
3.0972741855E9	0.009566034859494893
3.0973604055E9	0.0
3.097450029E9	0.0
3.0976374775E9	0.0016329785719032745
3.0978270425E9	0.0013117906833182962
3.097932224E9	0.0
3.0979864125E9	0.0
3.098119023E9	0.0
3.098265051E9	0.0
3.098391091E9	9.550028659792515
3.0985448955E9	0.0
3.0986946915E9	0.0
3.098783935E9	0.0
3.0988292795E9	0.0
3.098880847E9	0.0
3.098919304E9	0.0
3.0989774605E9	0.0
3.099052881E9	0.0
3.0991573655E9	0.0
3.099319594E9	0.0
3.0995012675E9	0.0
3.099670145E9	2.3580954035756172E-4
3.0999279405E9	0.0
3.100233298E9	0.0
3.1004161975E9	0.0
3.100563604E9	0.0
3.100747466E9	0.0
3.1008938195E9	0.0
3.1011322435E9	0.0
3.1013406625E9	0.0
3.1018216205E9	0.0
3.10249025E9	0.0
3.1027859675E9	0.0
3.1029370045E9	0.0
3.103040568E9	0.0
3.103187824E9	0.0
3.1033599445E9	0.0
3.1034919475E9	0.0
3.103630163E9	0.0
3.103765693E9	0.0
3.1038899E9	0.0
3.104000147E9	0.0
3.104103262E9	0.0091541750319876
3.104213238E9	0.0
3.1043622315E9	0.0
3.1045301035E9	0.0
3.104697468E9	0.0
3.104838637E9	0.0
3.1050052845E9	0.0
3.105133977E9	0.0
3.1052243125E9	0.0
3.105384834E9	0.0
3.1055957845E9	0.0
3.1057764275E9	0.0
3.1059356005E9	0.0
3.106119471E9	0.0
3.1062928875E9	0.0
3.1064952125E9	0.0
3.106793429E9	0.0
3.107037494E9	0.0
3.1073867035E9	0.0
3.107759424E9	0.0
3.1079211745E9	0.0
3.1080633985E9	0.0
3.1082263265E9	0.0
3.1084513465E9	0.0
3.1086364625E9	0.0
3.108789052E9	0.0
3.1089764285E9	0.0
3.1091156475E9	0.0
3.1092704375E9	0.0
3.1094661425E9	0.0
3.1103548855E9	2.1699666693119595E-5
3.11121197E9	0.0
3.1113489445E9	0.0
3.111522028E9	0.0
3.1116747035E9	0.0
3.112457455E9	0.036574775165648145
3.114793642E9	0.0
3.1165009275E9	0.0
3.1166649055E9	0.0
3.1168033475E9	0.0
3.1173009555E9	0.0
3.117773698E9	0.0
3.117904112E9	0.0
3.1180957915E9	0.0
3.1183304505E9	0.0
3.1185453175E9	0.0
3.1187290865E9	0.0
3.1189129625E9	0.0
3.119051637E9	0.0
3.1196670135E9	0.0
3.120358526E9	0.0
3.1205574705E9	0.0
3.1207256815E9	0.0
3.1209034785E9	0.0
3.1210870935E9	0.0
3.1212284615E9	0.0
3.1214052355E9	0.0
3.1220442065E9	0.0
3.1226870745E9	0.0
3.1231494355E9	0.0
3.1235325875E9	0.0
3.123790701E9	0.0
3.124044676E9	0.0
3.1241297635E9	0.0
3.124227575E9	0.0
3.124459987E9	0.0
3.1246790295E9	0.0
3.1248266455E9	0.0
3.124943915E9	0.0
3.1250653335E9	0.0
3.1251809925E9	0.0
3.1254305495E9	0.0
3.1257397175E9	0.0
3.1259200925E9	0.0
3.1261657415E9	0.0
3.1264148E9	0.0
3.126614024E9	1.7132006871838312E-4
3.1268076365E9	0.0
3.12704463E9	0.0
3.127295107E9	0.0
3.12747434E9	3.3677229659277106E-4
3.1276520425E9	0.0
3.127848246E9	0.009978632143734099
3.127977804E9	0.0
3.128104742E9	0.0
3.128281483E9	0.0
3.128569275E9	12.83515116185083
3.1287934555E9	0.0
3.1288739025E9	0.0
3.129053374E9	0.0
3.129196997E9	0.0
3.129281586E9	0.0
3.129410949E9	0.0
3.1295567135E9	0.0
3.1296928995E9	0.0
3.129844808E9	0.0
3.129974998E9	0.0
3.1300410955E9	0.0
3.1301650045E9	0.0
3.1303509995E9	0.0
3.1304930685E9	0.0
3.1306295515E9	0.0
3.130867575E9	0.0
3.131039675E9	0.0
3.1312194015E9	0.0
3.13213604E9	0.0
3.132981947E9	0.0
3.133747995E9	0.0
3.134663191E9	0.0
3.1350342175E9	0.0
3.1353294355E9	0.0
3.13564139E9	0.0
3.135912112E9	0.0
3.136228957E9	0.0
3.1366387835E9	0.0
3.13692132E9	0.0
3.1370204075E9	0.0
3.137148797E9	0.0
3.1372652255E9	0.0
3.1386151055E9	0.0011437380155656653
3.1400411865E9	0.0
3.1401822535E9	0.0
3.140414935E9	0.004666068657487137
3.140798459E9	0.0
3.1410924815E9	0.0
3.1426293625E9	2.293997304205592E-5
3.144206965E9	0.0
3.144381203E9	0.0
3.144482951E9	0.0
3.1449091835E9	0.0
3.1458201795E9	0.0
3.146483516E9	6.785865755932052E-4
3.146713427E9	0.0
3.146885722E9	0.0
3.146985213E9	0.0
3.147119783E9	0.0
3.147265112E9	0.0
3.147465896E9	0.0
3.147693206E9	0.0
3.1478747395E9	0.0
3.1480261545E9	0.0
3.1481624055E9	0.0014349508782375707
3.148326154E9	0.0
3.148489927E9	0.0
3.1486047935E9	0.0
3.148662145E9	0.0
3.148881458E9	0.0
3.1491593975E9	0.0
3.1493385205E9	0.0
3.1495104645E9	0.0
3.1496099745E9	0.0
3.1497484335E9	0.0
3.1503591725E9	0.0
3.1509172235E9	0.0
3.1510408035E9	0.0
3.151129521E9	0.0
3.151250568E9	0.0
3.151374243E9	0.0
3.151489573E9	0.0
3.1516448945E9	0.0
3.151817443E9	0.0
3.151955368E9	0.0015002746038337374
3.152051039E9	0.0
3.1521507295E9	0.0
3.1523220325E9	0.0
3.1525451205E9	0.0
3.152790319E9	0.0
3.1530742195E9	0.0
3.153249269E9	0.0
3.1532999345E9	0.0
3.1533558455E9	0.0
3.153485713E9	0.0
3.153709553E9	0.0
3.1539240905E9	0.0
3.154120597E9	0.0
3.1543302E9	0.0
3.154493926E9	0.0
3.154657966E9	0.0
3.154845599E9	0.0
3.1550524745E9	0.0
3.1552349965E9	0.0
3.1553981115E9	0.0
3.15557571E9	0.0
3.1557532995E9	0.0
3.1559197455E9	0.0
3.1561079305E9	9.198815827566563E-4
3.1562956185E9	0.0
3.1564576755E9	0.0
3.156728397E9	0.0
3.1574898795E9	0.0
3.158127567E9	0.0
3.159754588E9	1.1302926433318337E-4
3.1621522205E9	6.398832661555574E-5
3.163083745E9	0.0
3.163247659E9	0.0
3.163475482E9	0.0
3.163688181E9	0.0
3.163848849E9	1.39778683750728E-4
3.164242336E9	54.75244824399099
3.1646267025E9	0.0
3.167032335E9	0.004342690526581292
3.169613042E9	9.880464674594215E-5
3.169955169E9	0.0
3.170102579E9	0.0
3.1703440285E9	0.0
3.1705509635E9	0.0
3.1713065935E9	2.3398140796379965E-4
3.172105219E9	0.0
3.1722711045E9	0.0
3.1727147195E9	0.0
3.173116486E9	0.0
3.173290497E9	0.0
3.1735300985E9	0.0
3.173718028E9	0.0
3.1738956185E9	0.0
3.1740833425E9	0.0
3.174240364E9	0.0
3.17438727E9	0.0
3.174571623E9	0.0
3.1748117375E9	0.0
3.175046817E9	0.0
3.1752354605E9	0.0
3.1754134065E9	0.0
3.175774576E9	0.0
3.176707948E9	0.0
3.1790103535E9	1.9369336821837925E-4
3.1807719275E9	0.0
3.1809958745E9	0.0
3.1816373325E9	0.0
3.182257536E9	0.0
3.182438689E9	0.0
3.182632177E9	0.0
3.1828176375E9	0.0
3.1830105775E9	0.0
3.183203712E9	0.0
3.183377671E9	0.0
3.1835480905E9	0.0
3.1845084425E9	0.06273225262712222
3.186847264E9	2.3318747416875172E-4
3.188853383E9	0.0
3.189497979E9	0.0
3.1915036825E9	6.10898214394335E-5
3.193917589E9	0.0
3.1949576625E9	0.0
3.1955729425E9	0.0
3.1979582215E9	0.0
3.200762757E9	0.0
3.201346902E9	0.0
3.2014320305E9	0.0
3.203896665E9	2.741328821579903E-5
3.2068525245E9	1.0738526998277784E-4
3.2073844505E9	0.0
3.207821066E9	0.0
3.2087527055E9	0.0
3.209372017E9	0.0
