#Position (bp)	mapping quality
4011823.0	59.98044009655773
1.2035468E7	59.98756814148304
2.0059113E7	59.98179867106223
2.8082758E7	58.92565469115448
3.6106403E7	53.525374503210024
4.4130048E7	54.392895586652315
5.2153693E7	56.71389080856945
6.0177338E7	55.367913148371535
6.8200983E7	43.34065934065934
7.6224628E7	0.0
8.4248273E7	59.971881407080716
9.2271918E7	53.54960224613945
1.00295563E8	56.549157303370784
1.08319208E8	46.07872784150156
1.16342853E8	33.79810495626822
1.24366498E8	3.5555555555555554
1.32390143E8	0.0
1.40413788E8	5.6445493631647565
1.48437433E8	0.012402965530409869
1.56461078E8	55.3648680770145
1.64484723E8	59.985561232894405
1.72508368E8	35.989498249708284
1.80532013E8	22.659974905897116
1.88555658E8	7.086896551724138
1.96579303E8	26.636488340192045
2.04602948E8	56.12643678160919
2.12626593E8	3.3980582524271843
2.20650238E8	43.92643968053804
2.28673883E8	57.67533829854191
2.36697528E8	0.3774403470715835
2.44721173E8	6.052307692307692
2.48844709E8	0.0
2.528565315E8	52.78258928571429
2.60768463E8	53.94345238095238
2.68792108E8	54.062047963456415
2.76815753E8	58.086486486486486
2.84839398E8	2.7041376857617245
2.92863043E8	0.5040916530278232
3.00886688E8	46.224605422905704
3.08910333E8	43.706896551724135
3.16933978E8	55.04559915164369
3.24957623E8	51.489401968205904
3.32981268E8	15.483870967741936
3.41004913E8	36.65169114763366
3.49028558E8	56.97644539614561
3.57052203E8	13.454164727780363
3.65075848E8	49.72381615598886
3.73099493E8	59.98164360759051
3.81123138E8	47.92016642829281
3.89146783E8	14.802271209084836
3.97170428E8	14.606822262118492
4.05194073E8	6.88314005352364
4.13217718E8	0.5994962216624685
4.21241363E8	57.9516103692066
4.29265008E8	0.8659217877094972
4.37288653E8	44.0
4.45312298E8	43.968384074941454
4.53335943E8	1.7567567567567568
4.61359588E8	0.0
4.69383233E8	49.377077434445404
4.77406878E8	57.683416659605115
4.85430523E8	53.67221375834993
4.902961485E8	59.75400670890794
4.94307971E8	42.125
5.01477813E8	56.532696118428724
5.09501458E8	1.40625
5.17525103E8	2.4837451235370613
5.25548748E8	32.20645161290322
5.33572393E8	37.414512093411176
5.41596038E8	59.97798580589757
5.49619683E8	2.858611825192802
5.57643328E8	23.623076923076923
5.65666973E8	37.26990632318501
5.73690618E8	1.9864864864864864
5.81714263E8	1.4224924012158056
5.89737908E8	8.302631578947368
5.97761553E8	42.48375451263538
6.05785198E8	0.7714932126696833
6.13808843E8	0.3467094703049759
6.21832488E8	59.984238601757056
6.29856133E8	3.262237762237762
6.37879778E8	55.79382303839733
6.45903423E8	59.983856475604824
6.53927068E8	52.80143971205759
6.61950713E8	0.0
6.69974358E8	30.952380952380953
6.77998003E8	49.754375377187685
6.85727668E8	56.223684210526315
6.897394905E8	0.0
6.94045293E8	59.90794926417681
7.02068938E8	47.23274478330658
7.10092583E8	7.86196980589504
7.18116228E8	0.33488372093023255
7.26139873E8	0.0
7.34163518E8	40.7897545357524
7.42187163E8	17.05261737722612
7.50210808E8	0.0
7.58234453E8	2.56
7.66258098E8	27.508404600412856
7.74281743E8	17.97873711340206
7.82305388E8	0.8065843621399177
7.90329033E8	4.320209973753281
7.98352678E8	55.209539564378275
8.06376323E8	32.92632612966601
8.14399968E8	0.5416666666666666
8.22423613E8	14.403023758099351
8.30447258E8	3.6538461538461537
8.38470903E8	56.128567755206994
8.46494548E8	40.15
8.54518193E8	6.2842686292548295
8.62541838E8	46.766129032258064
8.70565483E8	55.83317390472546
8.771186855E8	18.10521386200437
8.81130508E8	58.564683663833804
8.86612773E8	59.98304207388108
8.94636418E8	56.72638052865742
9.02660063E8	0.9041095890410958
9.10683708E8	48.59781477627472
9.18707353E8	47.99520383693046
9.26730998E8	53.08226691042047
9.34754643E8	59.38920246298197
9.42778288E8	1.5328947368421053
9.50801933E8	27.314415437003404
9.58825578E8	1.769060773480663
9.66849223E8	20.038740920096853
9.74872868E8	0.20298507462686566
9.82896513E8	37.17013463892289
9.90920158E8	0.0
9.98943803E8	3.943396226415094
1.006967448E9	53.57075913776945
1.014991093E9	43.31053435114504
1.023014738E9	0.7379454926624738
1.031038383E9	46.67584745762712
1.039062028E9	3.581818181818182
1.047085673E9	5.68957345971564
1.055109318E9	53.82692307692308
1.0601597325E9	57.396449704142015
1.064171555E9	52.64635834948768
1.071156608E9	3.893848009650181
1.079180253E9	21.65652364273205
1.087203898E9	59.98034550446311
1.095227543E9	47.90370582343683
1.103251188E9	53.25548226065252
1.111274833E9	52.44984802431611
1.119298478E9	0.48036253776435045
1.127322123E9	49.00316455696203
1.135345768E9	3.3986928104575163
1.143369413E9	1.226628895184136
1.151393058E9	4.20704845814978
1.159416703E9	2.9923273657289005
1.167440348E9	32.28691983122363
1.175463993E9	21.065289256198348
1.183487638E9	0.5739910313901345
1.191511283E9	1.7609756097560976
1.199534928E9	59.980212286699306
1.207558573E9	59.97922646069385
1.215582218E9	27.239473684210527
1.223605863E9	44.02282360612977
1.2298109945E9	50.13471430557487
1.233822817E9	57.624697336561745
1.239653153E9	59.94425974805388
1.247676798E9	1.591160220994475
1.255700443E9	38.8569374550683
1.263724088E9	13.5546875
1.271747733E9	9.588990825688073
1.279771378E9	51.64430379746835
1.287795023E9	58.10457516339869
1.295818668E9	55.40681767212379
1.303842313E9	4.3579073629821
1.311865958E9	59.982947980748435
1.319889603E9	59.4993999331073
1.327913248E9	3.0250368188512518
1.335936893E9	18.479417122040072
1.343960538E9	0.0
1.351984183E9	59.97293679110614
1.360007828E9	53.19249278152069
1.368031473E9	24.582405588299498
1.376055118E9	59.982754121110744
1.384078763E9	53.47351618052532
1.389720431E9	59.25005988465295
1.3937322535E9	59.09678444331469
1.400126053E9	57.94478155339806
1.408149698E9	24.809278350515463
1.416173343E9	55.82716480446928
1.424196988E9	57.91390034244182
1.432220633E9	55.78391019644528
1.440244278E9	41.04154645124062
1.448267923E9	55.902977082887126
1.456291568E9	55.69343370974487
1.464315213E9	59.126148330719246
1.472338858E9	54.69172932330827
1.480362503E9	40.74101921470343
1.488386148E9	54.703535640007566
1.496409793E9	59.98360423017145
1.504433438E9	18.81324876673714
1.512457083E9	42.98745819397993
1.520480728E9	34.012320328542096
1.528504373E9	56.51565971475668
1.534502554E9	59.045004427984864
1.5385143765E9	37.70192685804168
1.544551663E9	51.173682743239475
1.552575308E9	28.066305818673882
1.560598953E9	3.3865030674846626
1.568622598E9	52.82544271774485
1.576646243E9	28.874404733272403
1.584669888E9	0.0
1.592693533E9	0.0
1.600717178E9	20.80194737932463
1.608740823E9	0.0
1.616764468E9	59.966100397867955
1.624788113E9	57.743775430213894
1.632811758E9	47.07336956521739
1.640835403E9	1.2907488986784141
1.648859048E9	50.969889982628835
1.656882693E9	55.76096096096096
1.664906338E9	59.969794232829365
1.671900895E9	58.57380233059991
1.6759127175E9	59.454393616034146
1.680953628E9	55.285781030992055
1.688977273E9	42.8991825613079
1.697000918E9	0.0
1.705024563E9	56.292764069864155
1.713048208E9	36.46500920810313
1.721071853E9	55.66386804368824
1.729095498E9	1.4102564102564104
1.737119143E9	1.2619718309859156
1.745142788E9	55.381822672264754
1.753166433E9	58.42599235518965
1.761190078E9	51.30184331797235
1.769213723E9	59.985325463214785
1.777237368E9	51.63802605210421
1.785261013E9	39.579220240564084
1.793284658E9	6.403755868544601
1.801308303E9	58.23552894211577
1.8070005885E9	35.82813824277239
1.811012411E9	57.7156191661481
1.817355593E9	33.13868613138686
1.825379238E9	21.4862535904801
1.833402883E9	47.314207650273225
1.841426528E9	51.91417464114833
1.849450173E9	47.75716900549115
1.857473818E9	49.625
1.865497463E9	38.85690235690236
1.873521108E9	15.506122448979593
1.881544753E9	59.2319063595772
1.889568398E9	42.199710564399425
1.897592043E9	59.6687084807178
1.905615688E9	51.6437054631829
1.913639333E9	38.5426251691475
1.921662978E9	58.06487179487179
1.929686623E9	58.8543104530054
1.937710268E9	57.93353873239437
1.942744882E9	60.0
1.9467567045E9	52.27723611699873
1.953757558E9	59.322040048801775
1.961781203E9	3.3811563169164884
1.969804848E9	57.04832
1.977828493E9	58.69414362317317
1.985852138E9	58.45753899480069
1.993875783E9	48.8042049934297
2.001899428E9	58.09089467005076
2.009923073E9	10.520900609974884
2.017946718E9	33.33772652388797
2.025970363E9	40.60158862876254
2.033994008E9	3.265957446808511
2.042017653E9	2.1263736263736264
2.050041298E9	47.71035332785538
2.058064943E9	56.922457771227755
2.066088588E9	58.76551899055228
2.0735716965E9	58.343073231479515
2.077583519E9	0.0
2.082135878E9	0.0
2.090159523E9	0.0
2.098183168E9	56.85693940963232
2.106206813E9	47.56269113149847
2.114230458E9	18.086021505376344
2.122254103E9	48.90695067264574
2.130277748E9	41.117600631412785
2.138301393E9	3.6053811659192827
2.146325038E9	14.452961672473867
2.154348683E9	35.6548463356974
2.162372328E9	28.2447216890595
2.170395973E9	0.2846299810246679
2.178419618E9	42.602777777777774
2.186443263E9	55.04353083434099
2.190931198E9	60.0
2.1949430205E9	0.0
2.202490553E9	0.0
2.210514198E9	55.68446601941748
2.218537843E9	35.35328467153285
2.226561488E9	52.77510188958874
2.234585133E9	55.6656346749226
2.242608778E9	45.12900703674746
2.250632423E9	54.31184176727459
2.258656068E9	54.938845144356954
2.266679713E9	0.5664893617021277
2.274703358E9	5.685466377440347
2.282727003E9	59.945360794460775
2.290750648E9	45.04267733053625
2.2966067495E9	59.41525056563809
2.300618572E9	0.0
2.306797938E9	0.0
2.314821583E9	0.0
2.322845228E9	32.16084922634041
2.330868873E9	59.119098322339376
2.338892518E9	59.93121858410941
2.346916163E9	42.437133550488596
2.354939808E9	50.69817226322501
2.362963453E9	56.33544151789288
2.370987098E9	52.32503787059078
2.379010743E9	51.879008123129545
2.387034388E9	53.30004539264639
2.395058033E9	49.35960591133005
2.3997560365E9	0.0
2.403767859E9	56.0660701373825
2.411105323E9	53.04026245153594
2.419128968E9	59.094687445375214
2.427152613E9	59.98302227642685
2.435176258E9	59.223829679701815
2.443199903E9	56.193548387096776
2.451223548E9	47.81255977048135
2.459247193E9	59.783383301929895
2.467270838E9	59.983495236755864
2.475294483E9	21.624223602484474
2.483318128E9	30.86922406277245
2.4890552565E9	59.040312535386704
2.493067079E9	56.60050794845264
2.499365418E9	59.504450348721356
2.507389063E9	43.86698093871695
2.515412708E9	54.89433170048985
2.523436353E9	56.57123012810619
2.531459998E9	59.21027564446032
2.539483643E9	58.94635357006491
2.547507288E9	55.67428027599334
2.555530933E9	3.216842105263158
2.563554578E9	55.21887698559291
2.570802202E9	58.18607540497921
2.5748140245E9	1.489051094890511
2.579601868E9	4.8353174603174605
2.587625513E9	51.13885647607935
2.595649158E9	3.8003355704697985
2.603672803E9	1.0364741641337385
2.611696448E9	49.6333021515435
2.619720093E9	39.3397823458283
2.627743738E9	49.35598227474151
2.635767383E9	35.937369519832984
2.643791028E9	51.52596537949401
2.6511070695E9	59.23781066211345
2.655118892E9	56.03024574669187
2.659838318E9	59.71609229752898
2.667861963E9	48.4219562955255
2.675885608E9	57.92136794807789
2.683909253E9	58.262770847012476
2.691932898E9	54.51654145612648
2.699956543E9	55.31357610848697
2.707980188E9	57.22163850631833
2.7125104575E9	56.86125852918878
2.71652228E9	57.691659646166805
2.724027478E9	50.08533916849015
2.732051123E9	54.19713831478538
2.740074768E9	58.970934109492205
2.748098413E9	49.348506069094306
2.756122058E9	42.5918812745526
2.764145703E9	35.556930693069305
2.772169348E9	59.97081472110458
2.776827121E9	60.0
2.7808389435E9	0.0
2.788216638E9	30.601900739176347
2.796240283E9	3.4963636363636366
2.804263928E9	6.6116838487972505
2.812287573E9	55.25604927408711
2.820241225E9	49.18990384615385
2.8242530475E9	0.0
2.828334863E9	0.0
2.836358508E9	41.21564203797706
2.844382153E9	50.058490746955606
2.852405798E9	53.555429091736855
2.860429443E9	49.645014245014245
2.868453088E9	58.887096229790394
2.8737332165E9	59.87845877990138
2.877745039E9	55.193770041227666
2.884500378E9	9.393939393939394
2.892524023E9	35.49045643153527
2.900547668E9	5.142329020332717
2.908571313E9	31.533573141486812
2.916594958E9	20.238569753810083
2.924618603E9	37.749044585987264
2.932642248E9	0.0
2.940665893E9	1.086115992970123
2.948689538E9	32.82297297297297
2.956713183E9	0.6268656716417911
2.964736828E9	49.294298921417564
2.972760473E9	31.08651911468813
2.980784118E9	4.112903225806452
2.988807763E9	1.1450719822812847
2.996831408E9	1.059390048154093
3.004855053E9	44.4
3.012878698E9	52.839473684210525
3.020902343E9	27.695652173913043
3.0279782915E9	55.38581600683566
3.031990114E9	0.0
3.036949633E9	37.5611620795107
3.044973278E9	12.77889447236181
3.052996923E9	0.0
3.061020568E9	0.0
3.069044213E9	0.0
3.077067858E9	0.0
3.0846747565E9	0.0
3.088278117E9	0.0
3.088373929E9	0.0
3.0884774725E9	0.0
3.0885573295E9	0.0
3.0886546005E9	0.0
3.0887081185E9	0.0
3.0887493115E9	0.0
3.088858438E9	0.16616878894207845
3.088966832E9	0.0
3.089008063E9	0.0
3.0890661235E9	0.0
3.089146859E9	0.0
3.089267292E9	0.0
3.08942189E9	0.0
3.089604443E9	0.0
3.089755642E9	0.0
3.0898220175E9	0.0
3.0898610755E9	0.0
3.089968525E9	0.0
3.0900764725E9	0.0
3.0901461555E9	0.0
3.090297168E9	0.0
3.090503609E9	20.25655976676385
3.0907062205E9	0.0
3.09089898E9	0.0
3.091013772E9	0.0
3.091052607E9	0.0
3.0911587895E9	0.0
3.091267064E9	0.0
3.0915130575E9	0.0
3.092673561E9	18.58087367178276
3.093702736E9	0.0
3.093935951E9	0.0
3.094132646E9	0.0
3.0942642985E9	0.0
3.094360447E9	0.0
3.0944711045E9	0.0
3.0946435155E9	24.0
3.094747446E9	0.0
3.0948598115E9	0.0
3.0950026905E9	0.0
3.095104297E9	0.0
3.095190977E9	0.0
3.0952465895E9	0.0
3.0952663465E9	0.0
3.095268566E9	0.0
3.0952706195E9	0.0
3.0952723265E9	0.0
3.0952838005E9	0.0
3.0952967465E9	0.0
3.095299555E9	0.0
3.0953008775E9	0.0
3.0953027375E9	0.0
3.0953043745E9	0.0
3.095311073E9	0.0
3.0953361175E9	0.0
3.095355552E9	0.0
3.0953574645E9	0.0
3.095360032E9	0.0
3.095361791E9	0.0
3.095363378E9	0.0
3.095365611E9	0.0
3.0953678415E9	0.0
3.095369933E9	0.0
3.095371677E9	0.0
3.09537289E9	0.0
3.0953743225E9	0.0
3.095375945E9	0.0
3.095572656E9	0.0
3.095769303E9	0.0
3.0957708065E9	0.0
3.0957736535E9	0.0
3.095822105E9	0.0
3.095924849E9	0.0
3.095983129E9	0.0
3.095986364E9	0.0
3.0959887305E9	0.0
3.0959909825E9	0.0
3.095993051E9	0.0
3.0959946765E9	0.0
3.096006671E9	0.0
3.0960870785E9	0.0
3.0961589785E9	0.0
3.096165879E9	0.0
3.096173123E9	0.0
3.09617898E9	0.0
3.096183283E9	0.0
3.096185859E9	0.0
3.0961883E9	0.0
3.0961908755E9	0.0
3.096192456E9	0.0
3.096238607E9	0.0
3.0962848625E9	0.0
3.096286263E9	0.0
3.0962877625E9	0.0
3.096289947E9	0.0
3.096292208E9	0.0
3.0962965075E9	0.0
3.096315547E9	0.0
3.0963533005E9	0.0
3.09637788E9	0.0
3.096382479E9	0.0
3.0963879875E9	0.0
3.0963943185E9	0.0
3.096398918E9	0.0
3.0964033365E9	0.0
3.0964070605E9	0.0
3.0964084065E9	0.0
3.0964096105E9	0.0
3.096411644E9	0.0
3.0964135175E9	0.0
3.0964147555E9	0.0
3.0964161835E9	0.0
3.0964174105E9	0.0
3.096418484E9	0.0
3.096419946E9	0.0
3.096422275E9	0.0
3.0964254675E9	0.0
3.0964313925E9	0.0
3.0964360765E9	0.0
3.096437123E9	0.0
3.0964382945E9	0.0
3.096440137E9	0.0
3.096442099E9	0.0
3.096443439E9	0.0
3.0964449505E9	0.0
3.0964464985E9	0.0
3.0964475915E9	0.0
3.0964489705E9	0.0
3.0964506065E9	0.0
3.0964522235E9	0.0
3.0964537525E9	0.0
3.0964552355E9	0.0
3.09645655E9	0.0
3.0964580005E9	0.0
3.0964594605E9	0.0
3.096462063E9	0.0
3.0964647385E9	0.0
3.0964666345E9	0.0
3.0964687875E9	0.0
3.096470338E9	0.0
3.0964722525E9	0.0
3.096474844E9	0.0
3.0964802425E9	0.0
3.0964880595E9	0.0
3.0965833285E9	0.0
3.0967643755E9	0.0
3.0969348755E9	0.0
3.0970713735E9	0.013553296672776759
3.09716122E9	0.0
3.0972741855E9	0.0
3.0973604055E9	0.0
3.097450029E9	0.0
3.0976374775E9	0.0
3.0978270425E9	59.0188679245283
3.097932224E9	0.0
3.0979864125E9	0.0
3.098119023E9	0.0
3.098265051E9	0.0
3.098391091E9	59.8658859349396
3.0985448955E9	0.0
3.0986946915E9	0.0
3.098783935E9	0.0
3.0988292795E9	0.0
3.098880847E9	0.0
3.098919304E9	0.0
3.0989774605E9	0.0
3.099052881E9	0.0
3.0991573655E9	0.0
3.099319594E9	0.0
3.0995012675E9	0.0
3.099670145E9	0.0
3.0999279405E9	0.0
3.100233298E9	0.0
3.1004161975E9	0.0
3.100563604E9	0.0
3.100747466E9	0.0
3.1008938195E9	0.0
3.1011322435E9	0.0
3.1013406625E9	0.0
3.1018216205E9	0.0
3.10249025E9	0.0
3.1027859675E9	0.0
3.1029370045E9	0.0
3.103040568E9	0.0
3.103187824E9	0.0
3.1033599445E9	0.0
3.1034919475E9	0.0
3.103630163E9	0.0
3.103765693E9	0.0
3.1038899E9	0.0
3.104000147E9	0.0
3.104103262E9	13.806902218570254
3.104213238E9	0.0
3.1043622315E9	0.0
3.1045301035E9	0.0
3.104697468E9	0.0
3.104838637E9	0.0
3.1050052845E9	0.0
3.105133977E9	0.0
3.1052243125E9	0.0
3.105384834E9	0.0
3.1055957845E9	0.0
3.1057764275E9	0.0
3.1059356005E9	0.0
3.106119471E9	0.0
3.1062928875E9	0.0
3.1064952125E9	0.0
3.106793429E9	0.0
3.107037494E9	0.0
3.1073867035E9	0.0
3.107759424E9	0.0
3.1079211745E9	0.0
3.1080633985E9	0.0
3.1082263265E9	0.0
3.1084513465E9	0.0
3.1086364625E9	0.0
3.108789052E9	0.0
3.1089764285E9	0.0
3.1091156475E9	0.0
3.1092704375E9	0.0
3.1094661425E9	0.0
3.1103548855E9	0.0
3.11121197E9	59.44827586206897
3.1113489445E9	0.0
3.111522028E9	0.0
3.1116747035E9	0.0
3.112457455E9	2.7041407952629632
3.114793642E9	0.0
3.1165009275E9	0.0
3.1166649055E9	0.0
3.1168033475E9	0.0
3.1173009555E9	0.0
3.117773698E9	0.0
3.117904112E9	0.0
3.1180957915E9	0.0
3.1183304505E9	0.0
3.1185453175E9	0.0
3.1187290865E9	0.0
3.1189129625E9	8.0
3.119051637E9	0.0
3.1196670135E9	0.0
3.120358526E9	0.0
3.1205574705E9	0.0
3.1207256815E9	0.0
3.1209034785E9	0.0
3.1210870935E9	0.0
3.1212284615E9	0.0
3.1214052355E9	0.0
3.1220442065E9	0.0
3.1226870745E9	0.0
3.1231494355E9	0.0
3.1235325875E9	0.0
3.123790701E9	0.0
3.124044676E9	0.0
3.1241297635E9	0.0
3.124227575E9	0.0
3.124459987E9	0.0
3.1246790295E9	0.0
3.1248266455E9	0.0
3.124943915E9	0.0
3.1250653335E9	0.0
3.1251809925E9	0.0
3.1254305495E9	0.0
3.1257397175E9	0.0
3.1259200925E9	0.0
3.1261657415E9	0.0
3.1264148E9	0.0
3.126614024E9	0.0
3.1268076365E9	0.0
3.12704463E9	5.0
3.127295107E9	0.0
3.12747434E9	0.0
3.1276520425E9	0.0
3.127848246E9	55.0
3.127977804E9	0.0
3.128104742E9	0.0
3.128281483E9	0.0
3.128569275E9	3.7002450907872606
3.1287934555E9	0.0
3.1288739025E9	0.0
3.129053374E9	0.0
3.129196997E9	0.0
3.129281586E9	0.0
3.129410949E9	0.0
3.1295567135E9	0.0
3.1296928995E9	0.0
3.129844808E9	4.568965517241379
3.129974998E9	0.0
3.1300410955E9	0.0
3.1301650045E9	0.0
3.1303509995E9	0.0
3.1304930685E9	0.0
3.1306295515E9	0.0
3.130867575E9	0.0
3.131039675E9	0.0
3.1312194015E9	0.0
3.13213604E9	0.0
3.132981947E9	0.0
3.133747995E9	0.0
3.134663191E9	0.0
3.1350342175E9	0.0
3.1353294355E9	0.0
3.13564139E9	0.0
3.135912112E9	0.0
3.136228957E9	0.0
3.1366387835E9	0.0
3.13692132E9	0.0
3.1370204075E9	0.0
3.137148797E9	0.0
3.1372652255E9	0.0
3.1386151055E9	7.0
3.1400411865E9	0.0
3.1401822535E9	0.0
3.140414935E9	0.0
3.140798459E9	0.0
3.1410924815E9	0.0
3.1426293625E9	0.0
3.144206965E9	0.0
3.144381203E9	0.0
3.144482951E9	0.0
3.1449091835E9	0.0
3.1458201795E9	3.0
3.146483516E9	13.818181818181818
3.146713427E9	0.0
3.146885722E9	0.0
3.146985213E9	0.0
3.147119783E9	0.0
3.147265112E9	0.0
3.147465896E9	0.0
3.147693206E9	2.0
3.1478747395E9	0.0
3.1480261545E9	0.0
3.1481624055E9	4.0
3.148326154E9	0.0
3.148489927E9	0.0
3.1486047935E9	0.0
3.148662145E9	0.0
3.148881458E9	0.0
3.1491593975E9	0.0
3.1493385205E9	0.0
3.1495104645E9	0.0
3.1496099745E9	0.0
3.1497484335E9	0.0
3.1503591725E9	0.0
3.1509172235E9	0.0
3.1510408035E9	0.0
3.151129521E9	0.0
3.151250568E9	0.0
3.151374243E9	0.0
3.151489573E9	0.0
3.1516448945E9	0.0
3.151817443E9	0.0
3.151955368E9	60.0
3.152051039E9	0.0
3.1521507295E9	0.0
3.1523220325E9	60.0
3.1525451205E9	0.0
3.152790319E9	0.0
3.1530742195E9	0.0
3.153249269E9	0.0
3.1532999345E9	0.0
3.1533558455E9	0.0
3.153485713E9	0.0
3.153709553E9	0.0
3.1539240905E9	0.0
3.154120597E9	0.0
3.1543302E9	0.0
3.154493926E9	0.0
3.154657966E9	0.0
3.154845599E9	0.0
3.1550524745E9	0.0
3.1552349965E9	0.0
3.1553981115E9	0.0
3.15557571E9	0.0
3.1557532995E9	0.0
3.1559197455E9	0.0
3.1561079305E9	0.0
3.1562956185E9	0.0
3.1564576755E9	0.0
3.156728397E9	0.0
3.1574898795E9	0.0
3.158127567E9	0.0
3.159754588E9	5.513927576601671
3.1621522205E9	0.0
3.163083745E9	0.0
3.163247659E9	0.0
3.163475482E9	0.0
3.163688181E9	0.0
3.163848849E9	0.0
3.164242336E9	4.297621180285551
3.1646267025E9	0.0
3.167032335E9	5.985514129660413
3.169613042E9	5.0
3.169955169E9	0.0
3.170102579E9	0.0
3.1703440285E9	0.0
3.1705509635E9	0.0
3.1713065935E9	19.0
3.172105219E9	0.0
3.1722711045E9	0.0
3.1727147195E9	0.0
3.173116486E9	0.0
3.173290497E9	0.0
3.1735300985E9	0.0
3.173718028E9	0.0
3.1738956185E9	0.0
3.1740833425E9	0.0
3.174240364E9	0.0
3.17438727E9	0.0
3.174571623E9	0.0
3.1748117375E9	0.0
3.175046817E9	0.0
3.1752354605E9	0.0
3.1754134065E9	0.0
3.175774576E9	0.0
3.176707948E9	0.0
3.1790103535E9	0.0
3.1807719275E9	0.0
3.1809958745E9	0.0
3.1816373325E9	0.0
3.182257536E9	0.0
3.182438689E9	0.0
3.182632177E9	0.0
3.1828176375E9	0.0
3.1830105775E9	0.0
3.183203712E9	0.0
3.183377671E9	0.0
3.1835480905E9	0.0
3.1845084425E9	10.93035437914203
3.186847264E9	6.573426573426573
3.188853383E9	0.0
3.189497979E9	0.0
3.1915036825E9	0.0
3.193917589E9	0.0
3.1949576625E9	0.0
3.1955729425E9	0.0
3.1979582215E9	0.0
3.200762757E9	0.0
3.201346902E9	2.0
3.2014320305E9	0.0
3.203896665E9	10.351851851851851
3.2068525245E9	0.0
3.2073844505E9	0.0
3.207821066E9	0.0
3.2087527055E9	0.0
3.209372017E9	60.0
