#Position (bp)	Coverage
4011823.0	3.683594675487263
1.2035468E7	1.9366035012765395
2.0059113E7	0.9015512276527687
2.8082758E7	0.002277767772627029
3.6106403E7	5.937451121030404E-4
4.4130048E7	4.6437747432744096E-4
5.2153693E7	2.881483415579827E-4
6.0177338E7	3.564464778788194E-4
6.8200983E7	1.3435290320047808E-4
7.6224628E7	0.0
8.4248273E7	0.5286198479618677
9.2271918E7	2.94130660067837E-5
1.00295563E8	1.6576007537721324E-5
1.08319208E8	1.084295229911094E-4
1.16342853E8	1.9866282718141194E-4
1.24366498E8	3.738949068658945E-6
1.32390143E8	0.0
1.40413788E8	0.7353407335444178
1.48437433E8	0.41848199914128803
1.56461078E8	2.6870580640095615E-4
1.64484723E8	1.8088472259178965
1.72508368E8	1.8196218800806866E-5
1.80532013E8	1.5317228017939477E-4
1.88555658E8	1.4482196059272312E-4
1.96579303E8	2.0788556821743734E-4
2.04602948E8	0.0010491491086657
2.12626593E8	8.848846129159504E-6
2.20650238E8	2.0302493442818072E-4
2.28673883E8	3.0609529708754563E-4
2.36697528E8	7.814403553497195E-5
2.44721173E8	4.387033573893162E-5
2.48844709E8	0.0
2.528565315E8	7.211336913917021E-4
2.60768463E8	4.001921819821291E-4
2.68792108E8	6.69770409832439E-4
2.76815753E8	3.787555406551511E-4
2.84839398E8	0.37689803075784134
2.92863043E8	3.108312992411803E-4
3.00886688E8	3.664170087285766E-5
3.08910333E8	5.957392182729919E-5
3.16933978E8	3.5993616367623445E-4
3.24957623E8	2.0190324970758303E-4
3.32981268E8	2.3006999935814708E-4
3.41004913E8	2.0260217145698745
3.49028558E8	0.001014127619055928
3.57052203E8	2.507588508713932E-4
3.65075848E8	2.0526830386937607E-4
3.73099493E8	0.4347849387653616
3.81123138E8	4.401989370167798E-4
3.89146783E8	1.5392006999312657E-4
3.97170428E8	4.461812555266341E-5
4.05194073E8	1.952977730196189E-4
4.13217718E8	7.178782211825174E-5
4.21241363E8	4.7372484699908835E-4
4.29265008E8	3.988212339902875E-6
4.37288653E8	1.3335585011550237E-5
4.45312298E8	3.527075288101605E-5
4.53335943E8	5.1472865511871474E-5
4.61359588E8	4.7235389900724673E-5
4.69383233E8	0.0012018228623026069
4.77406878E8	0.0010677192223733727
4.85430523E8	6.186714392274334E-4
4.902961485E8	0.004261521685915838
4.94307971E8	5.335622531779807E-5
5.01477813E8	3.6753869344917427E-4
5.09501458E8	8.40017224092043E-5
5.17525103E8	1.8844303306041083E-4
5.25548748E8	1.4058448498157632E-4
5.33572393E8	1.5491712307810228E-4
5.41596038E8	0.5464950156693124
5.49619683E8	9.634025433577881E-5
5.57643328E8	4.200086120460215E-5
5.65666973E8	2.0963041111614485E-4
5.73690618E8	6.568087197277546E-5
5.81714263E8	2.2882368300192744E-4
5.89737908E8	2.0439588242002233E-5
5.97761553E8	2.1810536233843844E-5
6.05785198E8	1.070585749992678E-4
6.13808843E8	4.0779471175506895E-4
6.21832488E8	1.281600693948947
6.29856133E8	8.088593151865518E-5
6.37879778E8	6.043388011309074E-4
6.45903423E8	1.2290401681530028
6.53927068E8	1.5367080672188264E-4
6.61950713E8	2.505095876001493E-5
6.69974358E8	3.589391105912587E-5
6.77998003E8	7.104003230451995E-5
6.85727668E8	3.255920604490373E-4
6.897394905E8	1.8028437308660454E-4
6.94045293E8	2.54698843231474
7.02068938E8	9.222741036025397E-6
7.10092583E8	3.86108807156847E-4
7.18116228E8	8.961014601219271E-5
7.26139873E8	1.2961690104684342E-5
7.34163518E8	5.571034112301828E-5
7.42187163E8	3.0385192764635025E-4
7.50210808E8	2.9288434371161735E-5
7.58234453E8	3.9134333585296954E-5
7.66258098E8	1.7635376440508025E-4
7.74281743E8	2.0215251297882696E-4
7.82305388E8	1.5990238850298089E-4
7.90329033E8	1.1291626187350014E-4
7.98352678E8	1.4332638096525955E-4
8.06376323E8	5.5585709487396314E-5
8.14399968E8	3.327664671106461E-5
8.22423613E8	2.76308336173896E-4
8.30447258E8	8.350319586671644E-6
8.38470903E8	4.6687010703988025E-4
8.46494548E8	3.50962685911453E-4
8.54518193E8	9.210277872463201E-5
8.62541838E8	1.293676377755995E-4
8.70565483E8	3.217988831759132E-4
8.771186855E8	9.620757226388812E-4
8.81130508E8	0.0014679254714142173
8.86612773E8	0.37725933786950944
8.94636418E8	2.5287758867696664E-4
9.02660063E8	1.59528493596115E-5
9.10683708E8	7.677308754313033E-5
9.18707353E8	2.068885151324616E-5
9.26730998E8	3.86358070428091E-6
9.34754643E8	0.0018971427574375485
9.42778288E8	2.5113274577825913E-4
9.50801933E8	9.696341251388863E-5
9.58825578E8	4.698612662948074E-5
9.66849223E8	2.122476754642061E-4
9.74872868E8	2.2496010229764652E-4
9.82896513E8	2.0439588242002233E-5
9.90920158E8	8.089839468221737E-4
9.98943803E8	1.8196218800806866E-5
1.006967448E9	9.646488597140078E-5
1.014991093E9	0.0015886794592731856
1.023014738E9	4.773391644321253E-5
1.031038383E9	3.905955460392378E-4
1.039062028E9	3.452296306728426E-5
1.047085673E9	2.218443114070974E-5
1.055109318E9	0.0012097992869824126
1.0601597325E9	2.575602353956125E-4
1.064171555E9	1.5135052596830284E-4
1.071156608E9	2.660885420528949E-4
1.079180253E9	4.2474461419965615E-4
1.087203898E9	3.1878223675150132
1.095227543E9	0.0011190674562496221
1.103251188E9	7.077830586971383E-4
1.111274833E9	3.041011909175942E-5
1.119298478E9	4.137770302649232E-5
1.127322123E9	9.70880441495106E-5
1.135345768E9	3.9632860127784815E-5
1.143369413E9	5.907539528481133E-5
1.151393058E9	5.807834219983561E-5
1.159416703E9	3.078401399862531E-5
1.167440348E9	2.9039171099917804E-5
1.175463993E9	3.227959362608889E-5
1.183487638E9	2.3555379132551353E-5
1.191511283E9	5.384086658868881E-5
1.199534928E9	0.2902057605988301
1.207558573E9	5.999478416604922
1.215582218E9	1.5329691181501675E-4
1.223605863E9	2.69453596214688E-4
1.2298109945E9	0.0018282877606392897
1.233822817E9	0.0022042728855188594
1.239653153E9	1.1580563447161483
1.247676798E9	3.514612124539408E-5
1.255700443E9	1.9230661376469174E-4
1.263724088E9	2.045205140556443E-4
1.271747733E9	2.0152935480071714E-4
1.279771378E9	5.88385951771296E-4
1.287795023E9	4.891791698162119E-4
1.295818668E9	7.889182534870373E-4
1.303842313E9	0.001545058386805498
1.311865958E9	1.0930240557751496
1.319889603E9	0.015583441191627995
1.327913248E9	1.789710287531415E-4
1.335936893E9	6.715152527311465E-4
1.343960538E9	8.051203661178927E-5
1.351984183E9	11.823960307316687
1.360007828E9	7.851793044183784E-4
1.368031473E9	2.6347127770483367E-4
1.376055118E9	2.789756027341688
1.384078763E9	2.5325148358383256E-4
1.389720431E9	0.13355130900444245
1.3937322535E9	0.0025313006800653406
1.400126053E9	8.211978471131262E-4
1.408149698E9	3.5520016152259975E-5
1.416173343E9	5.438924578542545E-4
1.424196988E9	1.0755710154175565E-4
1.432220633E9	1.5578954452745604E-4
1.440244278E9	2.8291381286186015E-5
1.448267923E9	2.2795126155257368E-4
1.456291568E9	9.92317082822084E-4
1.464315213E9	1.889415596028987E-4
1.472338858E9	7.130175873932608E-4
1.480362503E9	1.201448967395741E-4
1.488386148E9	6.545653502865593E-4
1.496409793E9	2.068767499060589
1.504433438E9	2.3866958221606266E-4
1.512457083E9	9.023330419030253E-5
1.520480728E9	4.8020569205143047E-4
1.528504373E9	9.489452736256402E-4
1.534502554E9	0.0022387700910988626
1.5385143765E9	1.703313413617818E-4
1.544551663E9	3.467252103003062E-4
1.552575308E9	3.938359685654089E-5
1.560598953E9	1.4332638096525955E-5
1.568622598E9	1.4394953914336937E-4
1.576646243E9	0.011733694598901123
1.584669888E9	0.0
1.592693533E9	0.0
1.600717178E9	5.382840342512661E-4
1.608740823E9	3.389980488917444E-5
1.616764468E9	0.7278665743561685
1.624788113E9	0.0026217510869436522
1.632811758E9	1.87819874882301E-4
1.640835403E9	6.94198210414344E-5
1.648859048E9	1.516767005519312E-4
1.656882693E9	0.0019005078115993416
1.664906338E9	2.3936297032084544
1.671900895E9	0.001833384768238675
1.6759127175E9	0.009572067694891011
1.680953628E9	4.411959901017555E-4
1.688977273E9	4.9354127706298074E-5
1.697000918E9	4.025601830589464E-5
1.705024563E9	5.74177945310392E-4
1.713048208E9	3.110805625124242E-4
1.721071853E9	6.91207051159417E-4
1.729095498E9	2.554948530250279E-5
1.737119143E9	3.2902751804198713E-5
1.745142788E9	9.301258966467235E-4
1.753166433E9	9.829697101504367E-4
1.761190078E9	5.396549822431077E-4
1.769213723E9	1.4271250784400358
1.777237368E9	1.5691122924805373E-4
1.785261013E9	3.3189404566129235E-4
1.793284658E9	8.811456638472913E-5
1.801308303E9	7.720929826780721E-4
1.8070005885E9	0.0023758333268866973
1.811012411E9	0.0011752799171470551
1.817355593E9	4.716061091935149E-4
1.825379238E9	1.0319499429498688E-4
1.833402883E9	1.9143419231533798E-4
1.841426528E9	3.82743752995054E-4
1.849450173E9	2.3006999935814708E-4
1.857473818E9	8.202007940281505E-4
1.865497463E9	2.4191000474223373E-4
1.873521108E9	5.608423602988417E-4
1.881544753E9	0.004033079728726782
1.889568398E9	3.7015595779723554E-5
1.897592043E9	0.0012129150778729617
1.905615688E9	3.876043867843106E-5
1.913639333E9	1.1840005384086658E-5
1.921662978E9	7.643658212695103E-4
1.929686623E9	3.914679674885915E-4
1.937710268E9	5.663261522662082E-4
1.942744882E9	0.0
1.9467567045E9	2.2248012817531837E-4
1.953757558E9	11.794235537589213
1.961781203E9	7.278487520322746E-5
1.969804848E9	5.432692996761447E-4
1.977828493E9	6.277695486278369E-4
1.985852138E9	0.0010434160534270895
1.993875783E9	7.153855884700782E-5
2.001899428E9	5.2843813503713085E-5
2.009923073E9	0.002573518643957952
2.017946718E9	1.24008477443855E-4
2.025970363E9	1.0294573102374295E-4
2.033994008E9	3.0285487456137455E-5
2.042017653E9	2.65714647146029E-4
2.050041298E9	6.057097491227491E-5
2.058064943E9	0.001247188777669002
2.066088588E9	0.0018011763980086356
2.0735716965E9	0.0033716611077277987
2.077583519E9	0.0
2.082135878E9	0.0
2.090159523E9	0.0
2.098183168E9	9.721267578513257E-5
2.106206813E9	1.1453647313658569E-4
2.114230458E9	1.2450700398634288E-4
2.122254103E9	6.84227679564587E-5
2.130277748E9	1.5616343943432193E-4
2.138301393E9	4.698612662948074E-5
2.146325038E9	8.47495122229361E-6
2.154348683E9	1.6638323355532304E-4
2.162372328E9	3.591883738625026E-4
2.170395973E9	1.832085043642883E-5
2.178419618E9	3.639243760161373E-5
2.186443263E9	5.184676041873737E-5
2.190931198E9	0.0
2.1949430205E9	0.0
2.202490553E9	0.0
2.210514198E9	8.724214493537538E-6
2.218537843E9	1.3709479918416133E-4
2.226561488E9	2.963740295090324E-4
2.234585133E9	1.682527080896525E-5
2.242608778E9	3.0285487456137455E-5
2.250632423E9	0.0011285394605568915
2.258656068E9	8.077376304659541E-4
2.266679713E9	1.5005648928884566E-4
2.274703358E9	2.94130660067837E-5
2.282727003E9	0.03982354653028642
2.290750648E9	8.509848080267759E-4
2.2966067495E9	0.006604206847228646
2.300618572E9	0.0
2.306797938E9	0.0
2.314821583E9	5.7704447292969714E-5
2.322845228E9	2.2944684118003726E-4
2.330868873E9	1.580329139686514E-4
2.338892518E9	1.7645037884901438
2.346916163E9	1.4756385657640635E-4
2.354939808E9	0.001555776707468987
2.362963453E9	6.265232322716172E-4
2.370987098E9	2.0751167331057145E-4
2.379010743E9	0.001056377743531774
2.387034388E9	1.6339207430039588E-4
2.395058033E9	1.9342829848528943E-4
2.3997560365E9	5.6836315782570485E-5
2.403767859E9	0.0027943480979534326
2.411105323E9	2.5487169484691806E-4
2.419128968E9	0.007128181767762656
2.427152613E9	6.459370398366328
2.435176258E9	0.002780656422361657
2.443199903E9	1.7448428987075077E-5
2.451223548E9	1.3622237773480757E-4
2.459247193E9	2.3482538173112095
2.467270838E9	1.0920408368017278
2.475294483E9	2.663378053241388E-4
2.483318128E9	0.0017777456505117064
2.4890552565E9	9.380944597653982E-4
2.493067079E9	0.0015224031840574952
2.499365418E9	0.004470786033031122
2.507389063E9	2.983681356789838E-4
2.515412708E9	4.187622956898018E-5
2.523436353E9	7.593805558446318E-4
2.531459998E9	0.005879123515559325
2.539483643E9	0.004683282971766572
2.547507288E9	5.142301285762269E-4
2.555530933E9	2.417853731066118E-5
2.563554578E9	3.1943088209909586E-4
2.570802202E9	0.0015713263004544624
2.5748140245E9	1.0695586846232255E-4
2.579601868E9	1.424539595159058E-4
2.587625513E9	5.254469757822037E-4
2.595649158E9	5.568541479589389E-4
2.603672803E9	1.857011370767276E-5
2.611696448E9	0.0010083945638173174
2.619720093E9	2.7269401874085905E-4
2.627743738E9	5.521181458053042E-5
2.635767383E9	4.946629617835784E-4
2.643791028E9	5.720592075048186E-5
2.6511070695E9	0.002133181850234503
2.655118892E9	5.893130828210996E-4
2.659838318E9	0.010399139044661124
2.667861963E9	9.751179171062529E-4
2.675885608E9	0.001364591778424893
2.683909253E9	3.4036899688358595E-4
2.691932898E9	4.213308166051713
2.699956543E9	2.892700262785804E-4
2.707980188E9	7.045426361709672E-4
2.7125104575E9	3.076495765237334E-4
2.71652228E9	1.0333844729832221E-4
2.724027478E9	2.675841216803585E-4
2.732051123E9	1.6713102336905484E-4
2.740074768E9	0.03656567557512826
2.748098413E9	4.974048577672616E-4
2.756122058E9	1.618964946729323E-4
2.764145703E9	3.5956226876936853E-4
2.772169348E9	0.9040821222773441
2.776827121E9	0.005647491564756123
2.7808389435E9	0.0
2.788216638E9	7.079076903327603E-5
2.796240283E9	7.502824464442283E-5
2.804263928E9	8.985940928343665E-5
2.812287573E9	2.0751167331057145E-4
2.820241225E9	6.668223473389704E-4
2.8242530475E9	0.0
2.828334863E9	0.0
2.836358508E9	1.3983669516784455E-4
2.844382153E9	0.0015172655320617998
2.852405798E9	7.249822244129694E-4
2.860429443E9	3.2927678131323106E-4
2.868453088E9	0.0021282098098806715
2.8737332165E9	0.0033288496624631595
2.877745039E9	1.4579828479252812E-5
2.884500378E9	2.7668223108076193E-5
2.892524023E9	1.3510069301420988E-4
2.900547668E9	7.602529772939854E-5
2.908571313E9	4.274865101833394E-5
2.916594958E9	6.273956537209709E-4
2.924618603E9	1.7298871024328717E-4
2.932642248E9	4.673686335823681E-5
2.940665893E9	6.94198210414344E-5
2.948689538E9	1.159074211284273E-5
2.956713183E9	5.994781673416508E-5
2.964736828E9	4.698612662948074E-5
2.972760473E9	1.1628131603529318E-4
2.980784118E9	7.68977191787523E-5
2.988807763E9	1.0282109938812098E-4
2.996831408E9	4.424423064579752E-5
3.004855053E9	9.03579358259245E-5
3.012878698E9	5.98855009163541E-4
3.020902343E9	3.601854269474784E-5
3.0279782915E9	0.0020325534915992356
3.031990114E9	0.0
3.036949633E9	4.686149499385878E-5
3.044973278E9	4.698612662948074E-4
3.052996923E9	0.0
3.061020568E9	0.0
3.069044213E9	0.0
3.077067858E9	0.0
3.0846747565E9	3.0041089534685776E-5
3.088278117E9	0.0
3.088373929E9	0.0
3.0884774725E9	0.0
3.0885573295E9	4.6208549364828245E-4
3.0886546005E9	0.0
3.0887081185E9	0.0
3.0887493115E9	0.034304667140488035
3.088858438E9	18.639553972608965
3.088966832E9	0.0
3.089008063E9	0.0
3.0890661235E9	0.0
3.089146859E9	0.0
3.089267292E9	0.0
3.08942189E9	0.0
3.089604443E9	0.0
3.089755642E9	0.0
3.0898220175E9	0.0
3.0898610755E9	0.0
3.089968525E9	0.0
3.0900764725E9	0.0
3.0901461555E9	0.009689381554288449
3.090297168E9	0.0
3.090503609E9	0.0030827804690940603
3.0907062205E9	0.0
3.09089898E9	0.0
3.091013772E9	0.0
3.091052607E9	0.0
3.0911587895E9	0.0
3.091267064E9	0.0
3.0915130575E9	0.0
3.092673561E9	0.0
3.093702736E9	0.00179965623333028
3.093935951E9	0.0
3.094132646E9	0.0
3.0942642985E9	0.0
3.094360447E9	0.0
3.0944711045E9	0.0
3.0946435155E9	0.0
3.094747446E9	0.0
3.0948598115E9	0.0
3.0950026905E9	0.0
3.095104297E9	0.0
3.095190977E9	0.0
3.0952465895E9	0.0
3.0952663465E9	0.0
3.095268566E9	0.0
3.0952706195E9	0.0
3.0952723265E9	0.0
3.0952838005E9	0.0
3.0952967465E9	0.0
3.095299555E9	0.0
3.0953008775E9	0.0
3.0953027375E9	0.0
3.0953043745E9	0.0
3.095311073E9	0.0
3.0953361175E9	0.0
3.095355552E9	0.0
3.0953574645E9	0.0
3.095360032E9	0.0
3.095361791E9	0.0
3.095363378E9	0.0
3.095365611E9	0.0
3.0953678415E9	0.0
3.095369933E9	0.0
3.095371677E9	0.0
3.09537289E9	0.0
3.0953743225E9	0.0
3.095375945E9	0.0
3.095572656E9	0.0
3.095769303E9	0.0
3.0957708065E9	0.0
3.0957736535E9	0.0
3.095822105E9	0.0
3.095924849E9	0.0
3.095983129E9	0.0
3.095986364E9	0.0
3.0959887305E9	0.0
3.0959909825E9	0.0
3.095993051E9	0.0
3.0959946765E9	0.0
3.096006671E9	0.0
3.0960870785E9	0.0
3.0961589785E9	0.0
3.096165879E9	0.0
3.096173123E9	0.0
3.09617898E9	0.0
3.096183283E9	0.0
3.096185859E9	0.0
3.0961883E9	0.0
3.0961908755E9	0.0
3.096192456E9	0.0
3.096238607E9	0.0
3.0962848625E9	0.0
3.096286263E9	0.0
3.0962877625E9	0.0
3.096289947E9	0.0
3.096292208E9	0.0
3.0962965075E9	0.0
3.096315547E9	0.0
3.0963533005E9	7.420065656338535E-4
3.09637788E9	0.0
3.096382479E9	0.0
3.0963879875E9	0.0
3.0963943185E9	0.0
3.096398918E9	0.0
3.0964033365E9	0.0
3.0964070605E9	0.0
3.0964084065E9	0.0
3.0964096105E9	0.0
3.096411644E9	0.0
3.0964135175E9	0.0
3.0964147555E9	0.0
3.0964161835E9	0.0
3.0964174105E9	0.0
3.096418484E9	0.0
3.096419946E9	0.0
3.096422275E9	0.0
3.0964254675E9	0.0
3.0964313925E9	0.0
3.0964360765E9	0.0
3.096437123E9	0.0
3.0964382945E9	0.0
3.096440137E9	0.0
3.096442099E9	0.0
3.096443439E9	0.0
3.0964449505E9	0.0
3.0964464985E9	0.0
3.0964475915E9	0.0
3.0964489705E9	0.0
3.0964506065E9	0.0
3.0964522235E9	0.0
3.0964537525E9	0.0
3.0964552355E9	0.0
3.09645655E9	0.0
3.0964580005E9	0.0
3.0964594605E9	0.0
3.096462063E9	0.0
3.0964647385E9	0.0
3.0964666345E9	0.0
3.0964687875E9	0.0
3.096470338E9	0.0
3.0964722525E9	0.0
3.096474844E9	0.0
3.0964802425E9	0.0
3.0964880595E9	0.0
3.0965833285E9	0.0
3.0967643755E9	0.0
3.0969348755E9	0.0
3.0970713735E9	1.0513876648020577
3.09716122E9	0.0
3.0972741855E9	0.0
3.0973604055E9	0.0
3.097450029E9	6.393122218230749E-4
3.0976374775E9	0.0024589619193194656
3.0978270425E9	0.00816752932237998
3.097932224E9	0.0
3.0979864125E9	0.0
3.098119023E9	0.0
3.098265051E9	0.0
3.098391091E9	3.5466209789681216
3.0985448955E9	0.0
3.0986946915E9	0.0
3.098783935E9	0.002631104703550189
3.0988292795E9	0.0
3.098880847E9	0.0
3.098919304E9	0.0
3.0989774605E9	0.0
3.099052881E9	0.0
3.0991573655E9	0.0
3.099319594E9	1.6600710081986087E-4
3.0995012675E9	0.0
3.099670145E9	4.3438599539550845E-4
3.0999279405E9	0.0
3.100233298E9	0.0
3.1004161975E9	0.0
3.100563604E9	0.0
3.100747466E9	0.0
3.1008938195E9	0.0
3.1011322435E9	0.0
3.1013406625E9	0.0
3.1018216205E9	0.0
3.10249025E9	0.0
3.1027859675E9	0.0
3.1029370045E9	0.0
3.103040568E9	0.0
3.103187824E9	0.0
3.1033599445E9	0.0
3.1034919475E9	0.0
3.103630163E9	0.0
3.103765693E9	0.0
3.1038899E9	0.0
3.104000147E9	0.0
3.104103262E9	0.003911329331849248
3.104213238E9	0.0
3.1043622315E9	0.0
3.1045301035E9	0.0
3.104697468E9	0.0
3.104838637E9	0.0
3.1050052845E9	0.0
3.105133977E9	0.0
3.1052243125E9	0.0
3.105384834E9	0.0
3.1055957845E9	0.0
3.1057764275E9	0.0
3.1059356005E9	0.0
3.106119471E9	0.0
3.1062928875E9	0.0
3.1064952125E9	0.0
3.106793429E9	0.0
3.107037494E9	0.0
3.1073867035E9	0.0
3.107759424E9	0.0
3.1079211745E9	0.0
3.1080633985E9	0.0
3.1082263265E9	0.0
3.1084513465E9	0.0
3.1086364625E9	0.0
3.108789052E9	0.0
3.1089764285E9	0.0
3.1091156475E9	0.0
3.1092704375E9	0.0
3.1094661425E9	0.0
3.1103548855E9	0.0
3.11121197E9	0.0
3.1113489445E9	0.0
3.111522028E9	0.0
3.1116747035E9	0.0
3.112457455E9	0.01556140403498578
3.114793642E9	0.0
3.1165009275E9	0.0
3.1166649055E9	0.0
3.1168033475E9	0.0
3.1173009555E9	0.0
3.117773698E9	0.0
3.117904112E9	0.0
3.1180957915E9	0.0
3.1183304505E9	0.0
3.1185453175E9	0.0
3.1187290865E9	0.0
3.1189129625E9	0.0
3.119051637E9	0.0
3.1196670135E9	0.0
3.120358526E9	0.0
3.1205574705E9	0.0
3.1207256815E9	0.0
3.1209034785E9	0.0
3.1210870935E9	0.0
3.1212284615E9	0.0
3.1214052355E9	0.0
3.1220442065E9	0.0
3.1226870745E9	0.0
3.1231494355E9	0.0
3.1235325875E9	0.0
3.123790701E9	0.0
3.124044676E9	0.0
3.1241297635E9	0.0
3.124227575E9	0.0
3.124459987E9	0.0
3.1246790295E9	0.0
3.1248266455E9	0.0
3.124943915E9	0.0
3.1250653335E9	0.0
3.1251809925E9	0.0
3.1254305495E9	0.0
3.1257397175E9	0.0
3.1259200925E9	0.0
3.1261657415E9	0.0
3.1264148E9	0.0
3.126614024E9	1.475256147297188E-4
3.1268076365E9	0.0
3.12704463E9	0.0
3.127295107E9	0.0
3.12747434E9	0.0
3.1276520425E9	0.0
3.127848246E9	0.0019957264287468195
3.127977804E9	0.0
3.128104742E9	0.0
3.128281483E9	0.0
3.128569275E9	6.568414117093793
3.1287934555E9	0.0
3.1288739025E9	0.0
3.129053374E9	0.0
3.129196997E9	0.0
3.129281586E9	0.0
3.129410949E9	0.0
3.1295567135E9	0.0
3.1296928995E9	0.0
3.129844808E9	0.0
3.129974998E9	0.0
3.1300410955E9	0.0
3.1301650045E9	0.0
3.1303509995E9	0.0
3.1304930685E9	0.0
3.1306295515E9	0.0
3.130867575E9	0.0
3.131039675E9	0.0
3.1312194015E9	0.0
3.13213604E9	0.0
3.132981947E9	0.0
3.133747995E9	0.0
3.134663191E9	0.0
3.1350342175E9	0.0
3.1353294355E9	0.0
3.13564139E9	0.0
3.135912112E9	0.0
3.136228957E9	0.0
3.1366387835E9	0.0
3.13692132E9	0.0
3.1370204075E9	0.0
3.137148797E9	0.0
3.1372652255E9	0.0
3.1386151055E9	0.006102191976538707
3.1400411865E9	0.0
3.1401822535E9	0.0
3.140414935E9	0.0013122486298580483
3.140798459E9	0.0
3.1410924815E9	0.0
3.1426293625E9	0.0
3.144206965E9	0.0
3.144381203E9	0.0
3.144482951E9	0.0
3.1449091835E9	0.0
3.1458201795E9	2.8113374892761078E-5
3.146483516E9	0.0
3.146713427E9	0.0
3.146885722E9	0.0
3.146985213E9	0.0
3.147119783E9	0.0
3.147265112E9	0.0
3.147465896E9	0.0
3.147693206E9	0.0
3.1478747395E9	0.0
3.1480261545E9	0.0
3.1481624055E9	0.0
3.148326154E9	0.0
3.148489927E9	0.0
3.1486047935E9	0.0
3.148662145E9	0.0
3.148881458E9	0.0
3.1491593975E9	0.0
3.1493385205E9	0.0
3.1495104645E9	0.0
3.1496099745E9	0.0
3.1497484335E9	0.0
3.1503591725E9	1.883132398381721E-4
3.1509172235E9	0.0
3.1510408035E9	0.0
3.151129521E9	0.0
3.151250568E9	0.0
3.151374243E9	0.0
3.151489573E9	0.0
3.1516448945E9	0.0
3.151817443E9	0.0
3.151955368E9	0.0
3.152051039E9	0.0
3.1521507295E9	0.0
3.1523220325E9	0.0
3.1525451205E9	0.0
3.152790319E9	0.0
3.1530742195E9	0.0
3.153249269E9	0.0
3.1532999345E9	0.0
3.1533558455E9	0.0
3.153485713E9	0.0
3.153709553E9	0.0
3.1539240905E9	0.0
3.154120597E9	0.0
3.1543302E9	0.0
3.154493926E9	0.0
3.154657966E9	0.0
3.154845599E9	0.0
3.1550524745E9	0.0
3.1552349965E9	0.0
3.1553981115E9	0.0
3.15557571E9	0.0
3.1557532995E9	0.0
3.1559197455E9	0.0
3.1561079305E9	0.0
3.1562956185E9	0.0
3.1564576755E9	0.0
3.156728397E9	0.0
3.1574898795E9	2.621419795913731E-5
3.158127567E9	0.0
3.159754588E9	4.514766649002509E-5
3.1621522205E9	0.0
3.163083745E9	0.0
3.163247659E9	0.0
3.163475482E9	0.0
3.163688181E9	0.0
3.163848849E9	0.0
3.164242336E9	18.35988356754358
3.1646267025E9	0.0
3.167032335E9	1.6468463650525333E-4
3.169613042E9	1.591852642017957E-4
3.169955169E9	0.0
3.170102579E9	0.0
3.1703440285E9	0.0
3.1705509635E9	0.0
3.1713065935E9	1.1944996802956738E-4
3.172105219E9	0.0
3.1722711045E9	0.0
3.1727147195E9	2.549621669042658E-4
3.173116486E9	0.0
3.173290497E9	0.0
3.1735300985E9	0.0
3.173718028E9	0.0
3.1738956185E9	0.0
3.1740833425E9	0.0
3.174240364E9	0.0
3.17438727E9	0.0
3.174571623E9	0.0
3.1748117375E9	0.0
3.175046817E9	0.0
3.1752354605E9	0.0
3.1754134065E9	0.0
3.175774576E9	0.0
3.176707948E9	0.0
3.1790103535E9	1.0625811736117983E-5
3.1807719275E9	0.0
3.1809958745E9	0.0
3.1816373325E9	0.0
3.182257536E9	0.0
3.182438689E9	0.0
3.182632177E9	0.0
3.1828176375E9	0.0
3.1830105775E9	0.0
3.183203712E9	0.0
3.183377671E9	0.0
3.1835480905E9	0.0
3.1845084425E9	0.047288199830871715
3.186847264E9	0.0
3.188853383E9	0.0
3.189497979E9	0.0
3.1915036825E9	0.0
3.193917589E9	0.0
3.1949576625E9	0.0
3.1955729425E9	0.0
3.1979582215E9	9.986132301490886E-6
3.200762757E9	0.0
3.201346902E9	0.0
3.2014320305E9	0.0
3.203896665E9	1.502654317014169E-5
3.2068525245E9	6.078411508459123E-5
3.2073844505E9	0.0
3.207821066E9	0.0
3.2087527055E9	0.0
3.209372017E9	0.0
