#Read position (bp)	Clipping profile
0.0	1.9021012977171885
1.0	1.8649812787286928
2.0	1.8377422710391864
3.0	1.8301791913451877
4.0	1.8255102148265634
5.0	1.8198014804165576
6.0	1.805364077848329
7.0	1.7833503502626449
8.0	1.777694597146467
9.0	1.7564490983212944
10.0	1.7522834440940394
11.0	1.6679438469810168
12.0	1.607624643957427
13.0	1.5431000507362114
14.0	1.5097814395799007
15.0	1.3640563909049928
16.0	1.3294728513585299
17.0	1.1105806359066546
18.0	1.069791662320545
19.0	1.0477978027200463
20.0	0.9973463656719892
21.0	0.9290799685741455
22.0	0.8347533975744768
23.0	0.8091568099936495
24.0	0.7378572338241322
25.0	0.6412458445281152
26.0	0.6268945365623577
27.0	0.6222586733523762
28.0	0.6097484653471543
29.0	0.5726350690203872
30.0	0.4927790138975894
31.0	0.4848980464406206
32.0	0.4217642121823995
33.0	0.3236958373061026
34.0	0.24732330225251958
35.0	0.19095782828087157
36.0	0.1869842312437445
37.0	0.18413648670047006
38.0	0.18201061228560705
39.0	0.1803880601621135
40.0	0.1794675101818457
41.0	0.178997301199119
42.0	0.17828205373243614
43.0	0.1773283904435256
44.0	0.17636148183115802
45.0	0.17563961170274658
46.0	0.17513628941137716
47.0	0.17450051388543683
48.0	0.1721229783248891
49.0	0.17157329740141986
50.0	0.17098388050757934
51.0	0.1704077089371959
52.0	0.16851362768283198
53.0	0.13283734895115912
54.0	0.13194991227953407
55.0	0.12958562204244345
56.0	0.12905580910415984
57.0	0.12846639221031933
58.0	0.12740014367202354
59.0	0.12683059476336866
60.0	0.1255060624176596
61.0	0.1251484386843182
62.0	0.12489677753863347
63.0	0.12451266315837783
64.0	0.12322124412131154
65.0	0.12296958297562681
66.0	0.12259871391882829
67.0	0.12224109018548684
68.0	0.12190333443733105
69.0	0.12155233336571816
70.0	0.12012846109408094
71.0	0.0868297179229558
72.0	0.08563763881181767
73.0	0.08456476761179335
74.0	0.08398859604140992
75.0	0.08352500972041176
76.0	0.08292897016484269
77.0	0.08198192953766073
78.0	0.08131304070307765
79.0	0.0809223036610935
80.0	0.08012096159193953
81.0	0.07955141268328465
82.0	0.07886265586351594
83.0	0.07831959760177525
84.0	0.07766395409064927
85.0	0.07724672640175093
86.0	0.07667717749309604
87.0	0.07576987283628535
88.0	0.07509436133997374
89.0	0.07461090703378995
90.0	0.07413407538933468
91.0	0.07363075309796525
92.0	0.07322014807079547
93.0	0.0728890149843682
94.0	0.07255788189794093
95.0	0.07211416356212841
96.0	0.07147838803618808
97.0	0.07100817905346136
98.0	0.07049161143863485
99.0	0.06489546227801418
100.0	0.06404113891503184
101.0	0.06357092993230513
102.0	0.06301462634710735
103.0	0.06263713462858027
104.0	0.06225964291005319
105.0	0.062047717734739744
106.0	0.06197486845572575
107.0	0.06182254723596921
108.0	0.06140531954707087
109.0	0.06117352638657179
110.0	0.06079603466804471
111.0	0.06059073215445981
112.0	0.06036556165568927
113.0	0.060193372450747094
114.0	0.060140391156918736
115.0	0.06000131526061929
116.0	0.05981588073222002
117.0	0.0599152206581482
118.0	0.0599152206581482
119.0	0.059848994040862746
120.0	0.05974965411493457
121.0	0.059776144761848754
122.0	0.059703295482834755
123.0	0.05959071023344949
124.0	0.05934567174949332
125.0	0.05924633182356514
126.0	0.05935229441122186
127.0	0.05906089729516588
128.0	0.059007916001337514
129.0	0.058941689384052066
130.0	0.05876950017910989
131.0	0.0586834055766388
132.0	0.0587430095321957
133.0	0.05857744298898208
134.0	0.058458235077868265
135.0	0.05833902716675445
136.0	0.05837876313712573
137.0	0.05830591385811172
138.0	0.05798802609514156
139.0	0.05801451674205574
140.0	0.05787544084575629
141.0	0.057994648756870104
142.0	0.05801451674205574
143.0	0.05805425271242701
144.0	0.05784232753711356
145.0	0.05782908221365647
146.0	0.05770325164081412
147.0	0.0576568930087143
148.0	0.057617157038343025
149.0	0.05782245955192793
150.0	0.05801451674205574
151.0	0.058213196593912095
152.0	0.0582595552260119
153.0	0.05831915918156882
154.0	0.058431744430954086
155.0	0.06341198605082006
156.0	0.06330602346316333
157.0	0.06348483532983405
158.0	0.06354443928539096
159.0	0.06357755259403368
160.0	0.06350470331501969
161.0	0.06368351518169041
162.0	0.06380934575453276
163.0	0.06398815762120348
164.0	0.06408087488540312
165.0	0.06429942272244511
166.0	0.06443187595701601
167.0	0.06461731048541527
168.0	0.06486897163109999
169.0	0.06514712342369888
170.0	0.06525308601135561
171.0	0.06531931262864106
172.0	0.06521997270271289
173.0	0.06493519824838544
174.0	0.06519348205579871
175.0	0.06492857558665689
176.0	0.06492195292492835
177.0	0.06512725543851326
178.0	0.062054340396468295
179.0	0.06280932383352245
180.0	0.09498221451079492
181.0	0.09611468966637614
182.0	0.09560474471327815
183.0	0.09578355657994887
184.0	0.09598885909353377
185.0	0.09486962926140963
186.0	0.09487625192313819
187.0	0.09584978319723432
188.0	0.09624052023921849
189.0	0.09662463461947411
190.0	0.0966974838984881
191.0	0.09763790186394151
192.0	0.0978696950244406
193.0	0.09829354537506749
194.0	0.09858494249112348
195.0	0.09931343528126345
196.0	0.1017836881060108
197.0	0.10296252189369184
198.0	0.1385394606994365
199.0	0.14053950454145717
200.0	0.14081765633405607
201.0	0.14116865740566897
202.0	0.1417050930056811
203.0	0.1436985141859732
204.0	0.14447998826994154
205.0	0.14522834904526716
206.0	0.14572504867490804
207.0	0.14664559865517582
208.0	0.14839398135151174
209.0	0.1498509669317917
210.0	0.15050661044291763
211.0	0.1519503506997405
212.0	0.1540033758355895
213.0	0.15863261638384257
214.0	0.16420889755927762
215.0	0.1713878628730206
216.0	0.227077825348357
217.0	0.3004436719771804
218.0	0.3961411339546582
219.0	0.4626061670623376
220.0	0.4706328330773344
221.0	0.549528602249493
222.0	0.5871188302207154
223.0	0.6012913263198022
224.0	0.6077086855347624
225.0	0.624430906399339
226.0	0.7688248000668094
227.0	0.8354355317325168
228.0	0.8616811401627413
229.0	0.912576295546611
230.0	0.9836507012173578
231.0	1.1167662019611158
232.0	1.1436475859172808
233.0	1.1857081105552711
234.0	1.3229627748793698
235.0	1.3546787018973727
236.0	1.4992249167845997
237.0	1.5312587315655728
238.0	1.5920481435718887
239.0	1.6520362135090512
240.0	1.7345015973528957
241.0	1.7422567342370219
242.0	1.7638201208251651
243.0	1.768992419635159
244.0	1.7907213727665154
245.0	1.8087946166237152
246.0	1.8203577840017555
247.0	1.8278811277253826
248.0	1.834589884056399
249.0	1.8662130938102022
250.0	1.8944322554355333
