#Position (bp)	mapping quality
4011823.0	59.980692609858444
1.2035468E7	59.98448181770886
2.0059113E7	59.98452917877414
2.8082758E7	55.61611785095321
3.6106403E7	52.876860622462786
4.4130048E7	0.0
5.2153693E7	0.0
6.0177338E7	0.8695652173913043
6.8200983E7	1.0225225225225225
7.6224628E7	0.27111111111111114
8.4248273E7	59.97644832222164
9.2271918E7	0.0
1.00295563E8	46.481218274111676
1.08319208E8	34.81569560047562
1.16342853E8	0.7093596059113301
1.24366498E8	0.0
1.32390143E8	0.0
1.40413788E8	6.346981459590399
1.48437433E8	2.531415995754673E-4
1.56461078E8	52.95945945945946
1.64484723E8	59.98288830613541
1.72508368E8	0.9973474801061007
1.80532013E8	5.614285714285714
1.88555658E8	3.1388235294117646
1.96579303E8	2.9839167455061495
2.04602948E8	2.05
2.12626593E8	10.978354978354979
2.20650238E8	3.8943248532289627
2.28673883E8	55.609005414648045
2.36697528E8	31.01195219123506
2.44721173E8	2.4541484716157207
2.48844709E8	0.0
2.528565315E8	1.565217391304348
2.60768463E8	49.42857142857143
2.68792108E8	50.196891191709845
2.76815753E8	50.76956711849584
2.84839398E8	2.8726729411519147
2.92863043E8	33.27661909989023
3.00886688E8	48.38522954091816
3.08910333E8	4.7465181058495824
3.16933978E8	36.237391304347824
3.24957623E8	59.42857142857143
3.32981268E8	0.0
3.41004913E8	41.58804069620251
3.49028558E8	50.69767441860465
3.57052203E8	0.060453400503778336
3.65075848E8	1.8328840970350404
3.73099493E8	59.98626215742948
3.81123138E8	33.7183908045977
3.89146783E8	2.779264214046823
3.97170428E8	7.4448897795591185
4.05194073E8	20.009544008483562
4.13217718E8	4.0325
4.21241363E8	56.145800316957214
4.29265008E8	0.0
4.37288653E8	0.06712564543889846
4.45312298E8	15.737206085753803
4.53335943E8	2.7630208333333335
4.61359588E8	4.211538461538462
4.69383233E8	16.073074761101743
4.77406878E8	46.84683794466403
4.85430523E8	48.13761232349166
4.902961485E8	60.0
4.94307971E8	0.0
5.01477813E8	47.81834372217275
5.09501458E8	44.271844660194176
5.17525103E8	9.074125874125874
5.25548748E8	41.75714285714286
5.33572393E8	44.86322188449848
5.41596038E8	59.979967794932655
5.49619683E8	52.474654377880185
5.57643328E8	3.2085106382978723
5.65666973E8	0.11716621253405994
5.73690618E8	8.283372365339579
5.81714263E8	10.140703517587939
5.89737908E8	0.0
5.97761553E8	0.0
6.05785198E8	0.0
6.13808843E8	44.94388931591084
6.21832488E8	59.98522287106177
6.29856133E8	1.0091743119266054
6.37879778E8	0.0
6.45903423E8	59.984693926065155
6.53927068E8	0.6378737541528239
6.61950713E8	0.0
6.69974358E8	2.0547945205479454
6.77998003E8	1.8915254237288135
6.85727668E8	1.2391304347826086
6.897394905E8	3.1153846153846154
6.94045293E8	59.91040311191473
7.02068938E8	1.6666666666666667
7.10092583E8	6.588952897322941
7.18116228E8	3.5106382978723403
7.26139873E8	3.567656765676568
7.34163518E8	6.016025641025641
7.42187163E8	1.6564593301435406
7.50210808E8	38.50921052631579
7.58234453E8	1.8161290322580645
7.66258098E8	4.8771121351766515
7.74281743E8	4.118338557993731
7.82305388E8	37.04081632653061
7.90329033E8	0.0
7.98352678E8	0.0
8.06376323E8	4.932773109243698
8.14399968E8	6.017241379310345
8.22423613E8	1.5531811559009228
8.30447258E8	45.376344086021504
8.38470903E8	53.76952300548755
8.46494548E8	54.905321354526606
8.54518193E8	2.017838405036726
8.62541838E8	0.0
8.70565483E8	44.8125
8.771186855E8	0.19040902679830748
8.81130508E8	49.611486486486484
8.86612773E8	59.987048000179136
8.94636418E8	40.32626427406199
9.02660063E8	2.085185185185185
9.10683708E8	28.106796116504853
9.18707353E8	3.668555240793201
9.26730998E8	0.0
9.34754643E8	54.03335392217418
9.42778288E8	1.1225296442687747
9.50801933E8	1.8674418604651162
9.58825578E8	1.2116630669546435
9.66849223E8	5.736585365853658
9.74872868E8	0.7039106145251397
9.82896513E8	1.7918918918918918
9.90920158E8	0.0
9.98943803E8	2.2564102564102564
1.006967448E9	0.31746031746031744
1.014991093E9	48.62586605080831
1.023014738E9	5.084951456310679
1.031038383E9	50.27976577748861
1.039062028E9	3.6407766990291264
1.047085673E9	0.4752475247524752
1.055109318E9	53.302073050345506
1.0601597325E9	0.0
1.064171555E9	24.700854700854702
1.071156608E9	1.8231884057971015
1.079180253E9	17.694329896907217
1.087203898E9	59.984280510582906
1.095227543E9	32.72530864197531
1.103251188E9	42.75681818181818
1.111274833E9	0.23972602739726026
1.119298478E9	6.481481481481482
1.127322123E9	1.9038461538461537
1.135345768E9	46.464
1.143369413E9	2.2523364485981308
1.151393058E9	6.588888888888889
1.159416703E9	1.0129870129870129
1.167440348E9	4.37037037037037
1.175463993E9	0.0
1.183487638E9	5.348993288590604
1.191511283E9	0.0
1.199534928E9	59.977213450523415
1.207558573E9	59.97836419026592
1.215582218E9	3.279166666666667
1.223605863E9	32.18006103763988
1.2298109945E9	40.31445448227936
1.233822817E9	47.14174836601307
1.239653153E9	59.80109881093318
1.247676798E9	0.0
1.255700443E9	0.10264900662251655
1.263724088E9	10.177582714382174
1.271747733E9	51.74977497749775
1.279771378E9	0.0
1.287795023E9	56.38834951456311
1.295818668E9	45.4199066874028
1.303842313E9	0.6952595936794582
1.311865958E9	59.97622876798393
1.319889603E9	58.77005457493207
1.327913248E9	1.0662905500705218
1.335936893E9	30.43194805194805
1.343960538E9	0.0
1.351984183E9	59.96548224177575
1.360007828E9	38.145956079271556
1.368031473E9	2.0414634146341464
1.376055118E9	59.98147956037382
1.384078763E9	38.00250941028858
1.389720431E9	58.85162184356395
1.3937322535E9	59.85781990521327
1.400126053E9	15.44502617801047
1.408149698E9	0.6478494623655914
1.416173343E9	47.305518169582776
1.424196988E9	48.50609756097561
1.432220633E9	4.363636363636363
1.440244278E9	0.0
1.448267923E9	0.32673267326732675
1.456291568E9	39.67394468704512
1.464315213E9	0.36363636363636365
1.472338858E9	42.433381088825215
1.480362503E9	0.0
1.488386148E9	47.90163934426229
1.496409793E9	59.98670768693315
1.504433438E9	0.0
1.512457083E9	0.0
1.520480728E9	25.701022816679778
1.528504373E9	51.00416435313715
1.534502554E9	59.125475285171106
1.5385143765E9	2.042056074766355
1.544551663E9	2.028436018957346
1.552575308E9	2.5528455284552845
1.560598953E9	0.0
1.568622598E9	25.442519685039372
1.576646243E9	34.436354396069795
1.584669888E9	0.0
1.592693533E9	0.0
1.600717178E9	23.425777331995988
1.608740823E9	3.4307036247334755
1.616764468E9	59.97019906507944
1.624788113E9	55.480270174191254
1.632811758E9	0.0
1.640835403E9	1.9814814814814814
1.648859048E9	0.8239700374531835
1.656882693E9	48.24049079754601
1.664906338E9	59.96976097296297
1.671900895E9	56.24293785310734
1.6759127175E9	56.81127982646421
1.680953628E9	47.18127490039841
1.688977273E9	3.431472081218274
1.697000918E9	35.550824175824175
1.705024563E9	38.361850443599494
1.713048208E9	0.0
1.721071853E9	55.76184185695414
1.729095498E9	0.22857142857142856
1.737119143E9	36.809815950920246
1.745142788E9	34.062412342215985
1.753166433E9	53.38745098039216
1.761190078E9	49.292929292929294
1.769213723E9	59.98342583272141
1.777237368E9	5.5793357933579335
1.785261013E9	35.78901373283396
1.793284658E9	16.397163120567377
1.801308303E9	48.20722433460076
1.8070005885E9	39.7403400309119
1.811012411E9	52.848837209302324
1.817355593E9	39.78277153558052
1.825379238E9	17.199443413729128
1.833402883E9	3.4434782608695653
1.841426528E9	0.0
1.849450173E9	5.377551020408164
1.857473818E9	47.806660499537465
1.865497463E9	47.08036622583927
1.873521108E9	0.40608365019011405
1.881544753E9	59.39236135578888
1.889568398E9	1.0674157303370786
1.897592043E9	38.67704280155642
1.905615688E9	0.0
1.913639333E9	3.3569482288828336
1.921662978E9	31.764705882352942
1.929686623E9	56.68604651162791
1.937710268E9	47.38591549295775
1.942744882E9	60.0
1.9467567045E9	55.14318618042226
1.953757558E9	59.44830358280007
1.961781203E9	1.4956521739130435
1.969804848E9	51.40922619047619
1.977828493E9	4.017857142857143
1.985852138E9	51.41342756183746
1.993875783E9	48.44865591397849
2.001899428E9	52.47037701974865
2.009923073E9	7.2765414724250155
2.017946718E9	4.903846153846154
2.025970363E9	47.80597014925373
2.033994008E9	0.0
2.042017653E9	3.8842105263157896
2.050041298E9	55.475696502667454
2.058064943E9	50.40621012335176
2.066088588E9	53.89083820662768
2.0735716965E9	54.73662380754873
2.077583519E9	0.0
2.082135878E9	0.0
2.090159523E9	0.0
2.098183168E9	39.5558282208589
2.106206813E9	4.942028985507246
2.114230458E9	51.299101412066754
2.122254103E9	3.4430379746835444
2.130277748E9	1.1570247933884297
2.138301393E9	0.43612334801762115
2.146325038E9	3.764705882352941
2.154348683E9	4.166666666666667
2.162372328E9	1.8113207547169812
2.170395973E9	4.963983050847458
2.178419618E9	43.5
2.186443263E9	40.6875
2.190931198E9	0.0
2.1949430205E9	0.0
2.202490553E9	0.0
2.210514198E9	0.0
2.218537843E9	39.84361549497848
2.226561488E9	57.5513698630137
2.234585133E9	0.0
2.242608778E9	0.5451327433628319
2.250632423E9	0.0
2.258656068E9	36.66155810983397
2.266679713E9	1.480427046263345
2.274703358E9	6.733118971061093
2.282727003E9	59.96584907731525
2.290750648E9	33.811053984575835
2.2966067495E9	58.61705937794533
2.300618572E9	0.0
2.306797938E9	0.0
2.314821583E9	0.0
2.322845228E9	0.0
2.330868873E9	53.4253037884203
2.338892518E9	59.929449640450514
2.346916163E9	3.327902240325866
2.354939808E9	23.10632318501171
2.362963453E9	29.530434782608694
2.370987098E9	0.0
2.379010743E9	43.53709909047391
2.387034388E9	5.661016949152542
2.395058033E9	0.0
2.3997560365E9	0.0
2.403767859E9	48.63764977623791
2.411105323E9	4.269953051643192
2.419128968E9	52.003528028224224
2.427152613E9	59.98395540144604
2.435176258E9	57.44542596197036
2.443199903E9	0.0
2.451223548E9	18.090150250417363
2.459247193E9	59.82806639839249
2.467270838E9	59.979820421750134
2.475294483E9	35.42384105960265
2.483318128E9	24.732242225859245
2.4890552565E9	57.4894495412844
2.493067079E9	55.46099290780142
2.499365418E9	58.9778534923339
2.507389063E9	56.835530257639306
2.515412708E9	0.0
2.523436353E9	48.235474006116206
2.531459998E9	58.22915584415584
2.539483643E9	58.52366614476695
2.547507288E9	0.0
2.555530933E9	1.923913043478261
2.563554578E9	4.101492537313433
2.570802202E9	50.144708423326136
2.5748140245E9	0.0
2.579601868E9	23.56437125748503
2.587625513E9	3.051813471502591
2.595649158E9	2.7753303964757707
2.603672803E9	1.8629032258064515
2.611696448E9	0.0
2.619720093E9	2.073608617594255
2.627743738E9	31.278186274509803
2.635767383E9	0.0
2.643791028E9	4.106418918918919
2.6511070695E9	58.232611174458384
2.655118892E9	0.0
2.659838318E9	59.196999571367336
2.667861963E9	52.56182212581345
2.675885608E9	58.70539419087137
2.683909253E9	57.01404543089995
2.691932898E9	54.539587370223956
2.699956543E9	39.37237479806139
2.707980188E9	32.442244224422446
2.7125104575E9	46.58385093167702
2.71652228E9	0.0
2.724027478E9	51.00697471665214
2.732051123E9	3.042016806722689
2.740074768E9	57.160595538814455
2.748098413E9	34.14357142857143
2.756122058E9	1.474426807760141
2.764145703E9	43.40030911901082
2.772169348E9	59.97865108230313
2.776827121E9	59.08778813143698
2.7808389435E9	0.0
2.788216638E9	0.0
2.796240283E9	1.7463126843657817
2.804263928E9	1.203883495145631
2.812287573E9	45.00693240901213
2.820241225E9	57.53650057937428
2.8242530475E9	0.0
2.828334863E9	0.0
2.836358508E9	43.433734939759034
2.844382153E9	52.519837429843236
2.852405798E9	49.582390953150245
2.860429443E9	34.77891156462585
2.868453088E9	57.377759015800265
2.8737332165E9	59.76855003403676
2.877745039E9	1.82421875
2.884500378E9	1.8299711815561959
2.892524023E9	1.5812807881773399
2.900547668E9	10.692857142857143
2.908571313E9	1.3426183844011141
2.916594958E9	5.391618497109826
2.924618603E9	3.1666666666666665
2.932642248E9	0.6238938053097345
2.940665893E9	1.1147540983606556
2.948689538E9	1.9331550802139037
2.956713183E9	4.181818181818182
2.964736828E9	54.637305699481864
2.972760473E9	2.8193916349809887
2.980784118E9	3.299019607843137
2.988807763E9	5.75503355704698
2.996831408E9	0.0
3.004855053E9	0.0
3.012878698E9	1.6334661354581674
3.020902343E9	0.0
3.0279782915E9	51.21735395189003
3.031990114E9	0.0
3.036949633E9	0.0
3.044973278E9	10.85822909001717
3.052996923E9	0.0
3.061020568E9	0.0
3.069044213E9	0.0
3.077067858E9	0.0
3.0846747565E9	5.0
3.088278117E9	0.0
3.088373929E9	0.0
3.0884774725E9	0.0
3.0885573295E9	0.0
3.0886546005E9	0.0
3.0887081185E9	0.0
3.0887493115E9	0.0
3.088858438E9	0.694373370477517
3.088966832E9	0.0
3.089008063E9	0.0
3.0890661235E9	0.0
3.089146859E9	0.0
3.089267292E9	0.0
3.08942189E9	0.0
3.089604443E9	0.0
3.089755642E9	0.0
3.0898220175E9	0.0
3.0898610755E9	0.0
3.089968525E9	0.0
3.0900764725E9	0.0
3.0901461555E9	0.0
3.090297168E9	0.0
3.090503609E9	0.0
3.0907062205E9	0.0
3.09089898E9	0.0
3.091013772E9	0.0
3.091052607E9	0.0
3.0911587895E9	0.0
3.091267064E9	0.0
3.0915130575E9	0.0
3.092673561E9	0.0
3.093702736E9	0.0
3.093935951E9	0.0
3.094132646E9	0.0
3.0942642985E9	0.0
3.094360447E9	0.0
3.0944711045E9	0.0
3.0946435155E9	0.0
3.094747446E9	0.0
3.0948598115E9	0.0
3.0950026905E9	0.0
3.095104297E9	0.0
3.095190977E9	0.0
3.0952465895E9	0.0
3.0952663465E9	0.0
3.095268566E9	0.0
3.0952706195E9	0.0
3.0952723265E9	0.0
3.0952838005E9	0.0
3.0952967465E9	0.0
3.095299555E9	0.0
3.0953008775E9	0.0
3.0953027375E9	0.0
3.0953043745E9	0.0
3.095311073E9	0.0
3.0953361175E9	0.0
3.095355552E9	0.0
3.0953574645E9	0.0
3.095360032E9	0.0
3.095361791E9	0.0
3.095363378E9	0.0
3.095365611E9	0.0
3.0953678415E9	0.0
3.095369933E9	0.0
3.095371677E9	0.0
3.09537289E9	0.0
3.0953743225E9	0.0
3.095375945E9	0.0
3.095572656E9	0.0
3.095769303E9	0.0
3.0957708065E9	0.0
3.0957736535E9	0.0
3.095822105E9	0.0
3.095924849E9	0.0
3.095983129E9	0.0
3.095986364E9	0.0
3.0959887305E9	0.0
3.0959909825E9	0.0
3.095993051E9	0.0
3.0959946765E9	0.0
3.096006671E9	0.0
3.0960870785E9	0.0
3.0961589785E9	0.0
3.096165879E9	0.0
3.096173123E9	0.0
3.09617898E9	0.0
3.096183283E9	0.0
3.096185859E9	0.0
3.0961883E9	0.0
3.0961908755E9	0.0
3.096192456E9	0.0
3.096238607E9	0.0
3.0962848625E9	0.0
3.096286263E9	0.0
3.0962877625E9	0.0
3.096289947E9	0.0
3.096292208E9	0.0
3.0962965075E9	0.0
3.096315547E9	0.0
3.0963533005E9	0.0
3.09637788E9	0.0
3.096382479E9	0.0
3.0963879875E9	0.0
3.0963943185E9	0.0
3.096398918E9	0.0
3.0964033365E9	0.0
3.0964070605E9	0.0
3.0964084065E9	0.0
3.0964096105E9	0.0
3.096411644E9	0.0
3.0964135175E9	0.0
3.0964147555E9	0.0
3.0964161835E9	0.0
3.0964174105E9	0.0
3.096418484E9	0.0
3.096419946E9	0.0
3.096422275E9	0.0
3.0964254675E9	0.0
3.0964313925E9	0.0
3.0964360765E9	0.0
3.096437123E9	0.0
3.0964382945E9	0.0
3.096440137E9	0.0
3.096442099E9	0.0
3.096443439E9	0.0
3.0964449505E9	0.0
3.0964464985E9	0.0
3.0964475915E9	0.0
3.0964489705E9	0.0
3.0964506065E9	0.0
3.0964522235E9	0.0
3.0964537525E9	0.0
3.0964552355E9	0.0
3.09645655E9	0.0
3.0964580005E9	0.0
3.0964594605E9	0.0
3.096462063E9	0.0
3.0964647385E9	0.0
3.0964666345E9	0.0
3.0964687875E9	0.0
3.096470338E9	0.0
3.0964722525E9	0.0
3.096474844E9	0.0
3.0964802425E9	0.0
3.0964880595E9	0.0
3.0965833285E9	0.0
3.0967643755E9	0.0
3.0969348755E9	0.0
3.0970713735E9	0.0
3.09716122E9	0.0
3.0972741855E9	0.0
3.0973604055E9	0.0
3.097450029E9	0.0
3.0976374775E9	0.0
3.0978270425E9	0.0
3.097932224E9	0.0
3.0979864125E9	0.0
3.098119023E9	0.0
3.098265051E9	0.0
3.098391091E9	59.70209272314034
3.0985448955E9	0.0
3.0986946915E9	0.0
3.098783935E9	0.0
3.0988292795E9	0.0
3.098880847E9	0.0
3.098919304E9	0.0
3.0989774605E9	0.0
3.099052881E9	0.0
3.0991573655E9	0.0
3.099319594E9	0.0
3.0995012675E9	0.0
3.099670145E9	0.0
3.0999279405E9	0.0
3.100233298E9	0.0
3.1004161975E9	0.0
3.100563604E9	0.0
3.100747466E9	0.0
3.1008938195E9	0.0
3.1011322435E9	0.0
3.1013406625E9	0.0
3.1018216205E9	0.0
3.10249025E9	0.0
3.1027859675E9	0.0
3.1029370045E9	0.0
3.103040568E9	0.0
3.103187824E9	0.0
3.1033599445E9	0.0
3.1034919475E9	0.0
3.103630163E9	0.0
3.103765693E9	0.0
3.1038899E9	0.0
3.104000147E9	0.0
3.104103262E9	8.70954356846473
3.104213238E9	0.0
3.1043622315E9	0.0
3.1045301035E9	0.0
3.104697468E9	0.0
3.104838637E9	0.0
3.1050052845E9	0.0
3.105133977E9	0.0
3.1052243125E9	0.0
3.105384834E9	0.0
3.1055957845E9	0.0
3.1057764275E9	0.0
3.1059356005E9	0.0
3.106119471E9	0.0
3.1062928875E9	0.0
3.1064952125E9	0.0
3.106793429E9	0.0
3.107037494E9	0.0
3.1073867035E9	0.0
3.107759424E9	0.0
3.1079211745E9	0.0
3.1080633985E9	0.0
3.1082263265E9	0.0
3.1084513465E9	0.0
3.1086364625E9	0.0
3.108789052E9	0.0
3.1089764285E9	0.0
3.1091156475E9	0.0
3.1092704375E9	0.0
3.1094661425E9	0.0
3.1103548855E9	0.0
3.11121197E9	0.0
3.1113489445E9	0.0
3.111522028E9	0.0
3.1116747035E9	0.0
3.112457455E9	3.0073323589883327
3.114793642E9	0.0
3.1165009275E9	0.0
3.1166649055E9	0.0
3.1168033475E9	0.0
3.1173009555E9	0.0
3.117773698E9	0.0
3.117904112E9	0.0
3.1180957915E9	0.0
3.1183304505E9	0.0
3.1185453175E9	0.0
3.1187290865E9	0.0
3.1189129625E9	0.0
3.119051637E9	0.0
3.1196670135E9	0.0
3.120358526E9	0.0
3.1205574705E9	0.0
3.1207256815E9	0.0
3.1209034785E9	0.0
3.1210870935E9	0.0
3.1212284615E9	0.0
3.1214052355E9	0.0
3.1220442065E9	0.0
3.1226870745E9	0.0
3.1231494355E9	0.0
3.1235325875E9	0.0
3.123790701E9	0.0
3.124044676E9	0.0
3.1241297635E9	0.0
3.124227575E9	0.0
3.124459987E9	0.0
3.1246790295E9	0.0
3.1248266455E9	0.0
3.124943915E9	0.0
3.1250653335E9	0.0
3.1251809925E9	0.0
3.1254305495E9	0.0
3.1257397175E9	0.0
3.1259200925E9	0.0
3.1261657415E9	0.0
3.1264148E9	0.0
3.126614024E9	0.0
3.1268076365E9	0.0
3.12704463E9	0.0
3.127295107E9	0.0
3.12747434E9	0.0
3.1276520425E9	0.0
3.127848246E9	56.75
3.127977804E9	0.0
3.128104742E9	0.0
3.128281483E9	0.0
3.128569275E9	3.9067318511951443
3.1287934555E9	0.0
3.1288739025E9	5.0
3.129053374E9	0.0
3.129196997E9	0.0
3.129281586E9	0.0
3.129410949E9	0.0
3.1295567135E9	0.0
3.1296928995E9	0.0
3.129844808E9	0.0
3.129974998E9	0.0
3.1300410955E9	0.0
3.1301650045E9	0.0
3.1303509995E9	0.0
3.1304930685E9	0.0
3.1306295515E9	0.0
3.130867575E9	0.0
3.131039675E9	0.0
3.1312194015E9	0.0
3.13213604E9	0.0
3.132981947E9	0.0
3.133747995E9	0.0
3.134663191E9	0.0
3.1350342175E9	0.0
3.1353294355E9	0.0
3.13564139E9	0.0
3.135912112E9	0.0
3.136228957E9	0.0
3.1366387835E9	0.0
3.13692132E9	0.0
3.1370204075E9	0.0
3.137148797E9	0.0
3.1372652255E9	0.0
3.1386151055E9	7.806282722513089
3.1400411865E9	0.0
3.1401822535E9	0.0
3.140414935E9	18.0
3.140798459E9	0.0
3.1410924815E9	0.0
3.1426293625E9	0.0
3.144206965E9	0.0
3.144381203E9	0.0
3.144482951E9	0.0
3.1449091835E9	0.0
3.1458201795E9	4.0
3.146483516E9	11.194174757281553
3.146713427E9	0.0
3.146885722E9	0.0
3.146985213E9	0.0
3.147119783E9	0.0
3.147265112E9	0.0
3.147465896E9	0.0
3.147693206E9	0.0
3.1478747395E9	0.0
3.1480261545E9	0.0
3.1481624055E9	0.0
3.148326154E9	0.0
3.148489927E9	0.0
3.1486047935E9	0.0
3.148662145E9	0.0
3.148881458E9	0.0
3.1491593975E9	0.0
3.1493385205E9	0.0
3.1495104645E9	0.0
3.1496099745E9	0.0
3.1497484335E9	0.0
3.1503591725E9	0.0
3.1509172235E9	0.0
3.1510408035E9	0.0
3.151129521E9	0.0
3.151250568E9	0.0
3.151374243E9	0.0
3.151489573E9	0.0
3.1516448945E9	0.0
3.151817443E9	0.0
3.151955368E9	9.0
3.152051039E9	0.0
3.1521507295E9	0.0
3.1523220325E9	0.0
3.1525451205E9	0.0
3.152790319E9	0.0
3.1530742195E9	0.0
3.153249269E9	0.0
3.1532999345E9	0.0
3.1533558455E9	0.0
3.153485713E9	0.0
3.153709553E9	0.0
3.1539240905E9	0.0
3.154120597E9	0.0
3.1543302E9	0.0
3.154493926E9	0.0
3.154657966E9	0.0
3.154845599E9	0.0
3.1550524745E9	0.0
3.1552349965E9	0.0
3.1553981115E9	0.0
3.15557571E9	0.0
3.1557532995E9	0.0
3.1559197455E9	0.0
3.1561079305E9	0.0
3.1562956185E9	0.0
3.1564576755E9	0.0
3.156728397E9	0.0
3.1574898795E9	0.0
3.158127567E9	0.0
3.159754588E9	1.7349397590361446
3.1621522205E9	0.0
3.163083745E9	0.0
3.163247659E9	0.0
3.163475482E9	0.0
3.163688181E9	0.0
3.163848849E9	0.0
3.164242336E9	6.205966025027322
3.1646267025E9	0.0
3.167032335E9	6.0
3.169613042E9	1.0
3.169955169E9	0.0
3.170102579E9	0.0
3.1703440285E9	0.0
3.1705509635E9	0.0
3.1713065935E9	19.129411764705882
3.172105219E9	0.0
3.1722711045E9	0.0
3.1727147195E9	0.0
3.173116486E9	0.0
3.173290497E9	0.0
3.1735300985E9	0.0
3.173718028E9	0.0
3.1738956185E9	0.0
3.1740833425E9	0.0
3.174240364E9	0.0
3.17438727E9	0.0
3.174571623E9	0.0
3.1748117375E9	0.0
3.175046817E9	0.0
3.1752354605E9	0.0
3.1754134065E9	0.0
3.175774576E9	0.0
3.176707948E9	0.0
3.1790103535E9	0.0
3.1807719275E9	0.0
3.1809958745E9	0.0
3.1816373325E9	0.0
3.182257536E9	0.0
3.182438689E9	0.0
3.182632177E9	0.0
3.1828176375E9	0.0
3.1830105775E9	0.0
3.183203712E9	0.0
3.183377671E9	0.0
3.1835480905E9	0.0
3.1845084425E9	14.63448714454438
3.186847264E9	0.0
3.188853383E9	0.0
3.189497979E9	0.0
3.1915036825E9	0.0
3.193917589E9	0.0
3.1949576625E9	0.0
3.1955729425E9	0.0
3.1979582215E9	2.0
3.200762757E9	0.0
3.201346902E9	0.0
3.2014320305E9	0.0
3.203896665E9	0.0
3.2068525245E9	0.0
3.2073844505E9	0.0
3.207821066E9	0.0
3.2087527055E9	0.0
3.209372017E9	0.0
