Sample	22	27	32	37	42	47	52	57	62	67	72	77	82	87	92	97	102	107	112	117	122	127	132	137	142	147	152	157	162	167	172	177	182	187	192	197	202	207	212	217	222	227	232	237	242	247	251
NS.2150.TSP0001---TSP200X.BS_006_R1	749.0	652.0	776.0	1118.0	564.0	452.0	3284.0	408.0	422.0	473.0	547.0	547.0	546.0	504.0	486.0	507.0	647.0	597.0	833.0	669.0	544.0	561.0	668.0	772.0	614.0	671.0	633.0	905.0	669.0	702.0	693.0	778.0	10744.0	5649.0	4557.0	14848.0	931.0	880.0	1315.0	67041.0	55186.0	55551.0	68623.0	93617.0	53846.0	73414.0	338857.0
NS.2150.TSP0001---TSP200X.BS_006_R2	706.0	605.0	778.0	983.0	488.0	387.0	369.0	396.0	372.0	411.0	465.0	1510.0	638.0	374.0	483.0	412.0	632.0	445.0	603.0	517.0	442.0	509.0	419.0	604.0	444.0	541.0	499.0	765.0	481.0	479.0	529.0	630.0	10746.0	5681.0	4238.0	14777.0	942.0	935.0	895.0	66564.0	53905.0	56000.0	67683.0	93887.0	52794.0	77963.0	335731.0
NS.2150.TSP0002---TSP200X.BS_008_R1	978.0	687.0	1027.0	1513.0	611.0	515.0	2871.0	490.0	481.0	568.0	557.0	581.0	556.0	508.0	473.0	483.0	661.0	620.0	686.0	559.0	585.0	625.0	733.0	607.0	683.0	707.0	655.0	723.0	627.0	739.0	674.0	828.0	4899.0	2796.0	2569.0	8140.0	1135.0	1181.0	1606.0	51650.0	52702.0	48080.0	64662.0	85642.0	51105.0	77483.0	337464.0
NS.2150.TSP0002---TSP200X.BS_008_R2	863.0	569.0	961.0	1206.0	430.0	350.0	347.0	379.0	308.0	372.0	463.0	1424.0	618.0	361.0	388.0	398.0	900.0	436.0	442.0	418.0	410.0	475.0	397.0	395.0	451.0	478.0	473.0	535.0	447.0	443.0	486.0	540.0	4759.0	2365.0	2218.0	8011.0	965.0	977.0	1007.0	52237.0	51536.0	50022.0	64431.0	87008.0	50159.0	82900.0	333129.0
NS.2150.TSP0003---TSP200X.BS_014_R1	2210.0	1846.0	2073.0	2396.0	1476.0	1283.0	9822.0	1194.0	1329.0	1459.0	1507.0	1650.0	1645.0	1374.0	1339.0	1331.0	1860.0	1699.0	1981.0	1943.0	1462.0	1558.0	1876.0	1836.0	1844.0	1871.0	1873.0	2581.0	1809.0	1983.0	1886.0	2187.0	21470.0	10381.0	10279.0	29248.0	2765.0	2564.0	3844.0	168936.0	165532.0	155017.0	190501.0	259647.0	158522.0	222070.0	1042534.0
NS.2150.TSP0003---TSP200X.BS_014_R2	2021.0	1799.0	2366.0	2020.0	1411.0	1054.0	1054.0	1118.0	911.0	1143.0	1077.0	3391.0	2634.0	1108.0	1392.0	1183.0	2112.0	1356.0	1412.0	1541.0	1158.0	1312.0	1144.0	1348.0	1334.0	1387.0	1366.0	2235.0	1278.0	1261.0	1386.0	1696.0	21357.0	9983.0	9702.0	28951.0	2569.0	2688.0	2947.0	168320.0	162112.0	158340.0	188226.0	260223.0	156733.0	238364.0	1028539.0
NS.2150.TSP0004---TSP200X.BS_026_R1	608.0	545.0	596.0	620.0	394.0	395.0	3646.0	386.0	327.0	439.0	474.0	424.0	448.0	383.0	411.0	440.0	548.0	464.0	791.0	506.0	476.0	530.0	533.0	545.0	564.0	532.0	560.0	707.0	524.0	635.0	602.0	698.0	7116.0	4626.0	4554.0	10328.0	792.0	817.0	1222.0	56757.0	47382.0	48593.0	60780.0	72465.0	42730.0	53208.0	244019.0
NS.2150.TSP0004---TSP200X.BS_026_R2	567.0	441.0	563.0	497.0	350.0	260.0	245.0	291.0	247.0	330.0	420.0	599.0	634.0	272.0	404.0	341.0	712.0	380.0	455.0	352.0	327.0	347.0	309.0	350.0	376.0	421.0	391.0	567.0	357.0	346.0	366.0	421.0	7070.0	4351.0	4367.0	10328.0	735.0	628.0	787.0	57010.0	46451.0	49893.0	60785.0	73524.0	42436.0	53139.0	246210.0
NS.2150.TSP0005---TSP200X.BS_027_R1	747.0	615.0	732.0	851.0	542.0	436.0	3150.0	406.0	391.0	483.0	576.0	497.0	490.0	544.0	490.0	524.0	582.0	574.0	803.0	570.0	546.0	623.0	665.0	573.0	641.0	663.0	695.0	821.0	621.0	775.0	671.0	789.0	7099.0	4366.0	4392.0	12380.0	970.0	962.0	1412.0	59168.0	48343.0	50791.0	69207.0	88269.0	53812.0	66401.0	320722.0
NS.2150.TSP0005---TSP200X.BS_027_R2	672.0	553.0	733.0	639.0	467.0	353.0	381.0	397.0	321.0	389.0	355.0	1247.0	571.0	329.0	499.0	414.0	649.0	424.0	632.0	389.0	444.0	468.0	417.0	426.0	429.0	440.0	459.0	602.0	412.0	440.0	494.0	587.0	7004.0	4254.0	4138.0	12374.0	905.0	881.0	916.0	59118.0	47239.0	51471.0	68575.0	88710.0	52444.0	71401.0	318516.0
NS.2150.TSP0006---TSP200X.BS_028_R1	1169.0	1026.0	1343.0	1545.0	801.0	773.0	4416.0	709.0	780.0	775.0	896.0	930.0	860.0	804.0	723.0	681.0	932.0	913.0	1237.0	1041.0	781.0	911.0	1017.0	970.0	945.0	1009.0	1039.0	1409.0	920.0	1161.0	980.0	1256.0	9771.0	4897.0	4667.0	13016.0	1443.0	1519.0	2387.0	74765.0	74808.0	77314.0	86141.0	122653.0	77208.0	110567.0	485749.0
NS.2150.TSP0006---TSP200X.BS_028_R2	1366.0	872.0	1303.0	1339.0	786.0	549.0	648.0	735.0	582.0	627.0	694.0	1962.0	1290.0	618.0	868.0	716.0	1522.0	774.0	868.0	942.0	702.0	791.0	693.0	755.0	758.0	834.0	867.0	1224.0	777.0	734.0	774.0	1049.0	9824.0	4302.0	4308.0	13003.0	1479.0	1623.0	1776.0	74689.0	71883.0	80054.0	85342.0	123990.0	76568.0	121519.0	470341.0
NS.2150.TSP0007---TSP200X.BS_029_R1	16.0	17.0	17.0	17.0	11.0	8.0	30.0	13.0	14.0	10.0	8.0	12.0	4.0	6.0	3.0	8.0	10.0	9.0	9.0	11.0	10.0	16.0	8.0	11.0	13.0	10.0	15.0	36.0	6.0	11.0	14.0	14.0	55.0	35.0	30.0	97.0	17.0	19.0	23.0	859.0	807.0	1873.0	1896.0	1848.0	742.0	1700.0	7039.0
NS.2150.TSP0007---TSP200X.BS_029_R2	14.0	12.0	9.0	8.0	10.0	6.0	7.0	7.0	5.0	22.0	10.0	18.0	10.0	1.0	12.0	9.0	13.0	10.0	11.0	3.0	10.0	14.0	9.0	10.0	3.0	7.0	8.0	31.0	9.0	7.0	10.0	11.0	49.0	26.0	16.0	96.0	13.0	12.0	17.0	883.0	790.0	1924.0	1908.0	1886.0	754.0	1583.0	7088.0
NS.2150.TSP0008---TSP200X.BS_031_R1	122.0	72.0	102.0	92.0	82.0	50.0	385.0	67.0	41.0	57.0	69.0	85.0	76.0	69.0	58.0	76.0	63.0	71.0	116.0	78.0	62.0	74.0	79.0	57.0	79.0	65.0	101.0	107.0	93.0	101.0	85.0	112.0	983.0	553.0	468.0	1532.0	122.0	132.0	162.0	8046.0	5814.0	5856.0	8266.0	10616.0	6157.0	10060.0	46918.0
NS.2150.TSP0008---TSP200X.BS_031_R2	84.0	78.0	112.0	71.0	70.0	48.0	41.0	52.0	35.0	48.0	70.0	273.0	99.0	50.0	81.0	47.0	99.0	72.0	74.0	52.0	44.0	46.0	46.0	59.0	56.0	53.0	68.0	73.0	62.0	64.0	67.0	65.0	949.0	524.0	420.0	1551.0	124.0	115.0	97.0	8015.0	5680.0	5941.0	8254.0	10774.0	6070.0	10772.0	46176.0
NS.2150.TSP0009---TSP200X.BS_033_R1	1514.0	1328.0	1353.0	1665.0	1014.0	981.0	5534.0	813.0	872.0	1053.0	1148.0	1091.0	1107.0	1020.0	983.0	1061.0	1202.0	1174.0	1427.0	1133.0	1014.0	1123.0	1342.0	1288.0	1304.0	1340.0	1343.0	1657.0	1362.0	1508.0	1320.0	1675.0	13153.0	6901.0	6397.0	19843.0	2754.0	2071.0	2899.0	113211.0	101144.0	108620.0	130277.0	170090.0	100661.0	149870.0	664442.0
NS.2150.TSP0009---TSP200X.BS_033_R2	1123.0	967.0	1277.0	1283.0	863.0	626.0	636.0	704.0	526.0	669.0	1022.0	2221.0	1192.0	567.0	902.0	772.0	1524.0	843.0	973.0	762.0	732.0	902.0	742.0	757.0	825.0	962.0	905.0	1311.0	760.0	803.0	873.0	1106.0	12941.0	6623.0	5849.0	20038.0	2309.0	1713.0	1729.0	113959.0	99491.0	111034.0	129746.0	172244.0	98476.0	156297.0	663640.0
NS.2150.TSP0010---TSP200X.BS_034_R1	1616.0	1568.0	3598.0	2937.0	1196.0	990.0	6316.0	1336.0	947.0	1170.0	1195.0	1256.0	1225.0	1067.0	993.0	931.0	1336.0	1219.0	1389.0	1803.0	1092.0	1111.0	1372.0	1280.0	1329.0	1390.0	1405.0	1944.0	1296.0	1518.0	1393.0	1751.0	16465.0	8996.0	6888.0	17781.0	1981.0	2102.0	2750.0	105279.0	117699.0	106694.0	147882.0	196279.0	103838.0	172383.0	811394.0
NS.2150.TSP0010---TSP200X.BS_034_R2	1666.0	1515.0	3672.0	2734.0	1100.0	866.0	883.0	893.0	704.0	869.0	953.0	2443.0	1219.0	796.0	1093.0	855.0	1079.0	1002.0	1062.0	1534.0	958.0	1011.0	916.0	943.0	1091.0	983.0	1059.0	1618.0	909.0	1030.0	1035.0	1367.0	16430.0	7792.0	6375.0	17812.0	2030.0	2007.0	2026.0	105136.0	117100.0	110805.0	146301.0	198892.0	103011.0	193231.0	783909.0
NS.2150.TSP0011---TSP200X.BS_036_R1	667.0	598.0	619.0	745.0	457.0	406.0	3534.0	413.0	422.0	471.0	478.0	515.0	475.0	424.0	421.0	428.0	546.0	451.0	651.0	478.0	454.0	511.0	578.0	575.0	579.0	642.0	584.0	785.0	586.0	638.0	578.0	708.0	7924.0	5112.0	4963.0	12245.0	846.0	795.0	1113.0	48375.0	46811.0	45904.0	59307.0	73755.0	37276.0	53565.0	262114.0
NS.2150.TSP0011---TSP200X.BS_036_R2	497.0	448.0	463.0	498.0	352.0	246.0	247.0	278.0	219.0	312.0	298.0	715.0	505.0	292.0	420.0	298.0	363.0	326.0	431.0	347.0	322.0	320.0	290.0	284.0	349.0	346.0	341.0	568.0	302.0	291.0	328.0	413.0	7933.0	4958.0	4818.0	12416.0	634.0	741.0	617.0	48898.0	47201.0	47289.0	59611.0	75205.0	36346.0	59253.0	259736.0
NS.2150.TSP0012---TSP200X.BS_038_R1	1226.0	1107.0	1264.0	1440.0	869.0	784.0	4243.0	724.0	741.0	833.0	905.0	961.0	910.0	811.0	789.0	833.0	965.0	922.0	1200.0	970.0	940.0	883.0	1071.0	1002.0	1044.0	1016.0	1154.0	1477.0	1050.0	1233.0	1103.0	1389.0	8954.0	4848.0	4813.0	14275.0	1799.0	1655.0	2567.0	85349.0	80229.0	83232.0	100668.0	135908.0	84065.0	121345.0	512975.0
NS.2150.TSP0012---TSP200X.BS_038_R2	967.0	741.0	1093.0	1053.0	646.0	416.0	464.0	498.0	445.0	1071.0	1300.0	963.0	594.0	449.0	598.0	572.0	1178.0	623.0	697.0	623.0	625.0	631.0	575.0	620.0	681.0	666.0	669.0	1093.0	618.0	678.0	643.0	748.0	8755.0	4323.0	4224.0	14118.0	1298.0	1191.0	1500.0	86299.0	79017.0	86577.0	100614.0	137954.0	82262.0	120068.0	520452.0
NS.2150.TSP0013---TSP200X.BS_040_R1	1091.0	969.0	1362.0	1804.0	810.0	738.0	3474.0	780.0	627.0	843.0	860.0	910.0	762.0	772.0	672.0	743.0	910.0	829.0	1080.0	844.0	806.0	841.0	989.0	892.0	961.0	984.0	1089.0	1386.0	989.0	1117.0	1026.0	1160.0	7415.0	3594.0	4241.0	12834.0	1464.0	1607.0	2347.0	79271.0	74929.0	75918.0	91416.0	126881.0	71116.0	119466.0	520705.0
NS.2150.TSP0013---TSP200X.BS_040_R2	1003.0	765.0	1346.0	1548.0	705.0	463.0	439.0	535.0	452.0	785.0	1000.0	1403.0	761.0	474.0	663.0	555.0	1198.0	676.0	686.0	592.0	537.0	649.0	573.0	602.0	681.0	633.0	687.0	1109.0	606.0	638.0	674.0	816.0	7158.0	2907.0	3811.0	12765.0	1329.0	1414.0	1586.0	79861.0	73786.0	78788.0	90938.0	128315.0	69470.0	126155.0	515087.0
NS.2150.TSP0014---TSP200X.BS_042_R1	510.0	600.0	1293.0	918.0	330.0	291.0	1600.0	285.0	272.0	336.0	329.0	373.0	339.0	284.0	261.0	246.0	370.0	284.0	771.0	322.0	316.0	351.0	405.0	457.0	393.0	347.0	389.0	637.0	381.0	395.0	378.0	454.0	5132.0	2373.0	2342.0	6663.0	548.0	583.0	753.0	28809.0	30534.0	23920.0	36604.0	48195.0	28547.0	34160.0	165887.0
NS.2150.TSP0014---TSP200X.BS_042_R2	403.0	476.0	1197.0	713.0	244.0	178.0	193.0	191.0	152.0	202.0	252.0	481.0	418.0	205.0	226.0	192.0	293.0	191.0	605.0	269.0	246.0	264.0	251.0	301.0	275.0	244.0	278.0	494.0	242.0	242.0	234.0	318.0	5173.0	2308.0	2241.0	6739.0	433.0	464.0	469.0	28714.0	30808.0	24893.0	36801.0	48903.0	28350.0	39362.0	161386.0
NS.2150.TSP0015---TSP200X.BS_043_R1	776.0	745.0	957.0	1221.0	489.0	555.0	1865.0	410.0	449.0	529.0	599.0	531.0	542.0	480.0	486.0	498.0	656.0	546.0	972.0	790.0	606.0	590.0	693.0	667.0	704.0	678.0	714.0	663.0	697.0	816.0	731.0	825.0	6760.0	3351.0	2872.0	11645.0	1047.0	1032.0	1505.0	62206.0	45408.0	58617.0	73811.0	86912.0	46869.0	75854.0	340586.0
NS.2150.TSP0015---TSP200X.BS_043_R2	711.0	566.0	973.0	1099.0	446.0	306.0	302.0	363.0	254.0	359.0	399.0	969.0	1070.0	350.0	465.0	344.0	687.0	448.0	757.0	665.0	438.0	426.0	408.0	436.0	459.0	461.0	461.0	458.0	397.0	470.0	447.0	597.0	6681.0	3181.0	2482.0	11505.0	890.0	772.0	944.0	62528.0	44878.0	59872.0	73612.0	87981.0	45751.0	77090.0	340858.0
NS.2150.TSP0016---TSP200X.BS_044_R1	2318.0	1905.0	2307.0	2584.0	1600.0	1564.0	7256.0	1358.0	1467.0	1658.0	1733.0	1893.0	1727.0	1390.0	1352.0	1466.0	1801.0	1705.0	1956.0	1628.0	1586.0	1556.0	1834.0	1698.0	1802.0	2032.0	1925.0	2000.0	2021.0	2204.0	2032.0	2386.0	15928.0	7615.0	8424.0	22010.0	3162.0	3157.0	4328.0	127066.0	120757.0	131177.0	143848.0	204692.0	129153.0	205059.0	847533.0
NS.2150.TSP0016---TSP200X.BS_044_R2	2032.0	1561.0	2141.0	1990.0	1131.0	980.0	1015.0	1057.0	835.0	1361.0	1751.0	2167.0	1973.0	934.0	1291.0	1109.0	2260.0	1320.0	1239.0	1272.0	1137.0	1157.0	1068.0	1118.0	1257.0	1338.0	1240.0	1406.0	1215.0	1314.0	1321.0	1564.0	16067.0	7052.0	7787.0	22393.0	2754.0	2515.0	2627.0	128641.0	119198.0	136834.0	143441.0	209617.0	128596.0	212528.0	837945.0
NS.2150.TSP0017---TSP200X.BS_049_R1	446.0	320.0	323.0	468.0	274.0	288.0	375.0	241.0	265.0	363.0	424.0	279.0	286.0	313.0	302.0	281.0	288.0	297.0	289.0	306.0	299.0	293.0	324.0	325.0	355.0	422.0	372.0	793.0	396.0	474.0	397.0	510.0	4985.0	568.0	689.0	10174.0	612.0	579.0	718.0	43349.0	18381.0	21412.0	39511.0	41416.0	22069.0	36602.0	182599.0
NS.2150.TSP0017---TSP200X.BS_049_R2	428.0	415.0	559.0	449.0	298.0	200.0	174.0	196.0	156.0	162.0	194.0	436.0	262.0	177.0	242.0	209.0	263.0	188.0	210.0	235.0	292.0	227.0	216.0	197.0	221.0	260.0	266.0	653.0	220.0	252.0	260.0	347.0	5124.0	322.0	397.0	10324.0	494.0	615.0	466.0	43536.0	18516.0	21247.0	39599.0	41855.0	21180.0	38566.0	181561.0
NS.2150.TSP0018---TSP200X.BS_050_R1	1300.0	1068.0	1364.0	2361.0	877.0	733.0	4177.0	767.0	671.0	924.0	988.0	780.0	830.0	867.0	756.0	751.0	896.0	887.0	1278.0	989.0	911.0	938.0	1056.0	1030.0	1034.0	1087.0	1122.0	1292.0	1069.0	1219.0	1033.0	1395.0	11344.0	5075.0	4092.0	13678.0	1793.0	1671.0	2355.0	84838.0	77181.0	73702.0	90859.0	124740.0	78292.0	114081.0	497576.0
NS.2150.TSP0018---TSP200X.BS_050_R2	972.0	789.0	1136.0	1882.0	585.0	456.0	464.0	454.0	402.0	515.0	459.0	2065.0	939.0	475.0	643.0	545.0	1150.0	607.0	774.0	576.0	571.0	665.0	551.0	644.0	650.0	636.0	685.0	846.0	618.0	623.0	623.0	863.0	11270.0	4456.0	3507.0	13472.0	1387.0	1303.0	1461.0	86041.0	76725.0	75467.0	90721.0	127180.0	76258.0	117795.0	500319.0
NS.2150.TSP0019---TSP200X.BS_051_R1	201.0	210.0	171.0	206.0	175.0	203.0	220.0	106.0	104.0	126.0	107.0	138.0	129.0	120.0	134.0	114.0	110.0	148.0	150.0	134.0	123.0	148.0	140.0	171.0	222.0	197.0	196.0	442.0	163.0	211.0	212.0	232.0	434.0	290.0	299.0	556.0	269.0	318.0	293.0	10045.0	9664.0	21081.0	24459.0	27396.0	10158.0	22933.0	101967.0
NS.2150.TSP0019---TSP200X.BS_051_R2	159.0	170.0	324.0	212.0	193.0	99.0	83.0	104.0	82.0	405.0	166.0	370.0	260.0	95.0	256.0	133.0	168.0	106.0	142.0	117.0	89.0	115.0	127.0	142.0	156.0	115.0	118.0	364.0	121.0	147.0	176.0	166.0	337.0	246.0	220.0	506.0	234.0	221.0	197.0	10408.0	9458.0	20890.0	24568.0	28016.0	10202.0	21833.0	101520.0
NS.2150.TSP0020---TSP200X.BS_052_R1	1361.0	1179.0	1314.0	1934.0	1057.0	955.0	2654.0	800.0	894.0	1075.0	1198.0	1118.0	1015.0	899.0	933.0	894.0	1240.0	1132.0	1672.0	1154.0	1027.0	1000.0	1087.0	1112.0	1197.0	1265.0	1274.0	1581.0	1204.0	1495.0	1270.0	1565.0	8631.0	5340.0	4003.0	18947.0	2054.0	2151.0	2857.0	99979.0	89616.0	94276.0	118739.0	144089.0	80247.0	130646.0	560384.0
NS.2150.TSP0020---TSP200X.BS_052_R2	1076.0	999.0	1358.0	1537.0	669.0	543.0	537.0	558.0	467.0	590.0	812.0	2097.0	1428.0	729.0	803.0	593.0	937.0	692.0	1056.0	729.0	663.0	710.0	650.0	638.0	694.0	786.0	805.0	1077.0	684.0	701.0	743.0	947.0	8255.0	4681.0	3116.0	18958.0	1474.0	1679.0	1383.0	102135.0	89920.0	98343.0	119876.0	146440.0	77337.0	134668.0	558910.0
NS.2150.TSP0021---TSP200X.BS_053_R1	3081.0	2698.0	2935.0	3253.0	2356.0	2084.0	7323.0	1777.0	2095.0	2313.0	2554.0	2528.0	2303.0	2096.0	1966.0	2054.0	2578.0	2306.0	3310.0	2413.0	2281.0	2327.0	2872.0	2615.0	2660.0	2760.0	2783.0	3332.0	2791.0	3172.0	2913.0	3580.0	29328.0	14026.0	9377.0	41382.0	4423.0	4400.0	6270.0	220452.0	215746.0	216363.0	255977.0	347753.0	187655.0	315507.0	1348341.0
NS.2150.TSP0021---TSP200X.BS_053_R2	2468.0	2248.0	2764.0	2180.0	1648.0	1328.0	1328.0	1364.0	1099.0	1415.0	1675.0	4515.0	2411.0	1281.0	1806.0	1548.0	3645.0	1860.0	2075.0	1625.0	1642.0	1900.0	1534.0	1664.0	1749.0	1877.0	1894.0	2400.0	1729.0	1757.0	1758.0	2234.0	29329.0	12868.0	8013.0	41342.0	3446.0	3712.0	4020.0	222569.0	211361.0	223574.0	255863.0	351485.0	182958.0	322184.0	1351462.0
NS.2150.TSP0022---TSP200X.BS_054_R1	2055.0	1795.0	2205.0	3685.0	1620.0	1383.0	6636.0	1401.0	1505.0	1583.0	1635.0	1817.0	1728.0	1475.0	1294.0	1356.0	1903.0	1483.0	2113.0	1934.0	1618.0	1512.0	1786.0	1841.0	2040.0	1870.0	2010.0	2224.0	1719.0	2014.0	1880.0	2285.0	16502.0	9827.0	8727.0	24457.0	2775.0	2908.0	4290.0	149901.0	131809.0	137726.0	157245.0	240001.0	148671.0	225301.0	959854.0
NS.2150.TSP0022---TSP200X.BS_054_R2	1669.0	1359.0	1941.0	3055.0	1000.0	827.0	846.0	905.0	779.0	936.0	1174.0	3132.0	1658.0	1635.0	1278.0	1026.0	2437.0	1233.0	1290.0	1313.0	950.0	1189.0	1036.0	1303.0	1319.0	1198.0	1339.0	1628.0	1108.0	1170.0	1264.0	1551.0	16233.0	8639.0	7964.0	24439.0	2408.0	2416.0	2842.0	150355.0	129146.0	144031.0	155872.0	243371.0	146314.0	229798.0	960708.0
NS.2150.TSP0023---TSP200X.BS_055_R1	2317.0	2029.0	2250.0	3062.0	1675.0	1519.0	5894.0	1353.0	1631.0	1737.0	1758.0	2119.0	1982.0	1616.0	1521.0	1438.0	2132.0	1691.0	2498.0	1795.0	1621.0	1780.0	2011.0	1971.0	2013.0	2062.0	2137.0	2655.0	2018.0	2276.0	2181.0	2627.0	20815.0	11376.0	9420.0	30445.0	3076.0	3148.0	4880.0	171295.0	148544.0	156071.0	180475.0	268927.0	131778.0	242638.0	1028943.0
NS.2150.TSP0023---TSP200X.BS_055_R2	1941.0	1535.0	2192.0	2460.0	1236.0	953.0	983.0	953.0	814.0	1041.0	1609.0	3229.0	2462.0	1148.0	1206.0	1178.0	2393.0	1342.0	1740.0	1211.0	1158.0	1455.0	1120.0	1310.0	1369.0	1294.0	1380.0	1998.0	1194.0	1265.0	1304.0	1760.0	20611.0	10302.0	8338.0	30270.0	2486.0	2451.0	2914.0	171844.0	146116.0	165259.0	178964.0	273167.0	128434.0	247172.0	1026666.0
NS.2150.TSP0024---TSP200X.BS_056_R1	1662.0	1447.0	1624.0	2244.0	1219.0	1116.0	6475.0	1023.0	1092.0	1248.0	1325.0	1456.0	1434.0	1116.0	1117.0	1148.0	1586.0	1401.0	1585.0	1644.0	1177.0	1303.0	1422.0	1528.0	1395.0	1538.0	1509.0	1846.0	1453.0	1638.0	1467.0	1802.0	13672.0	6588.0	6742.0	21071.0	2259.0	2433.0	3703.0	123506.0	127606.0	122987.0	142933.0	199686.0	123289.0	182195.0	793811.0
NS.2150.TSP0024---TSP200X.BS_056_R2	1503.0	1188.0	1462.0	1812.0	1041.0	786.0	803.0	901.0	661.0	1117.0	1489.0	2386.0	1212.0	681.0	1002.0	963.0	1633.0	1051.0	1163.0	1297.0	905.0	1104.0	930.0	1056.0	979.0	1142.0	1118.0	1486.0	985.0	1032.0	1006.0	1374.0	13453.0	5934.0	6111.0	20971.0	1990.0	1810.0	2439.0	123689.0	125191.0	128483.0	141512.0	201773.0	121188.0	188323.0	788608.0
NS.2150.TSP0025---TSP200X.BS_058_R1	2544.0	2183.0	2449.0	2892.0	1813.0	1646.0	8538.0	1936.0	1563.0	1808.0	1892.0	1996.0	1844.0	1682.0	1587.0	1601.0	2169.0	1870.0	2490.0	1957.0	1820.0	1826.0	2095.0	2004.0	2169.0	2197.0	2327.0	2528.0	2039.0	2420.0	2163.0	2841.0	21050.0	13818.0	10262.0	31255.0	3286.0	3380.0	4716.0	200152.0	181677.0	186569.0	214594.0	289428.0	190947.0	249910.0	1104643.0
NS.2150.TSP0025---TSP200X.BS_058_R2	1963.0	1747.0	2200.0	2165.0	1270.0	1055.0	1021.0	1107.0	965.0	1125.0	1343.0	5184.0	1935.0	997.0	1366.0	1190.0	2633.0	1523.0	1552.0	1344.0	1284.0	1370.0	1283.0	1362.0	1460.0	1434.0	1448.0	1738.0	1341.0	1372.0	1365.0	1821.0	20619.0	11941.0	9020.0	31197.0	2657.0	2728.0	2812.0	201698.0	178899.0	194958.0	214003.0	294056.0	188693.0	257737.0	1100397.0
NS.2150.TSP0026---TSP200X.BS_059_R1	2031.0	1733.0	1954.0	2435.0	1439.0	1287.0	6669.0	1229.0	1346.0	1495.0	1598.0	1716.0	1471.0	1351.0	1261.0	1264.0	1695.0	1466.0	2004.0	1607.0	1446.0	1500.0	1644.0	1592.0	1723.0	1776.0	1867.0	1944.0	1682.0	1951.0	1778.0	2187.0	14982.0	7908.0	7448.0	19266.0	2750.0	2674.0	3777.0	139457.0	127963.0	124535.0	155941.0	208207.0	135163.0	202274.0	884807.0
NS.2150.TSP0026---TSP200X.BS_059_R2	1465.0	1296.0	1572.0	1810.0	942.0	786.0	764.0	887.0	710.0	798.0	791.0	2053.0	2879.0	941.0	1030.0	919.0	1978.0	1123.0	1170.0	1112.0	963.0	1189.0	938.0	1034.0	1079.0	1163.0	1230.0	1285.0	1010.0	1022.0	1116.0	1472.0	14800.0	7041.0	6561.0	19061.0	2116.0	2199.0	2270.0	140882.0	126267.0	130411.0	155252.0	210955.0	132395.0	210532.0	884190.0
NS.2150.TSP0027---TSP200X.BS_063_R1	1646.0	1509.0	1262.0	2586.0	1157.0	1211.0	1258.0	1181.0	962.0	1314.0	1511.0	1133.0	1048.0	1216.0	1149.0	1151.0	1153.0	1282.0	1666.0	1249.0	1248.0	1335.0	1401.0	1374.0	1598.0	1770.0	1696.0	2408.0	1621.0	1752.0	1742.0	1966.0	21990.0	2635.0	2481.0	23708.0	2528.0	2541.0	3091.0	111008.0	94289.0	123314.0	171125.0	204370.0	89491.0	193980.0	815667.0
NS.2150.TSP0027---TSP200X.BS_063_R2	1425.0	1343.0	1704.0	2442.0	1048.0	830.0	762.0	829.0	675.0	803.0	740.0	1993.0	1298.0	706.0	1081.0	809.0	1107.0	778.0	1338.0	984.0	1056.0	1146.0	961.0	927.0	1163.0	1011.0	1147.0	1876.0	969.0	1140.0	1155.0	1381.0	22329.0	1968.0	1624.0	23737.0	2070.0	2341.0	1944.0	111837.0	93959.0	123764.0	171910.0	206817.0	87130.0	212270.0	796389.0
NS.2150.TSP0028---TSP200X.BS_066_R1	2385.0	2132.0	2618.0	4116.0	1756.0	1640.0	10113.0	1408.0	1553.0	1676.0	2123.0	2140.0	2035.0	1758.0	1707.0	1692.0	2736.0	2123.0	2826.0	2288.0	2011.0	2168.0	2395.0	2178.0	2377.0	2235.0	2473.0	2682.0	2245.0	2482.0	2317.0	2854.0	23853.0	12729.0	12035.0	36451.0	3580.0	3477.0	4996.0	229313.0	201008.0	207728.0	265459.0	357654.0	211163.0	322365.0	1518825.0
NS.2150.TSP0028---TSP200X.BS_066_R2	3392.0	2813.0	3483.0	4267.0	2230.0	1724.0	1772.0	1826.0	1553.0	2953.0	2260.0	4733.0	2188.0	1541.0	2096.0	1801.0	3093.0	1969.0	2140.0	2131.0	1939.0	1976.0	1814.0	1911.0	1997.0	2170.0	2156.0	2574.0	2082.0	2026.0	2069.0	2671.0	23498.0	12621.0	11571.0	36026.0	4006.0	4050.0	4666.0	223730.0	193578.0	207920.0	259587.0	355262.0	208538.0	365815.0	1454767.0
NS.2150.TSP0029---TSP200X.BS_068_R1	454.0	436.0	343.0	335.0	308.0	345.0	315.0	238.0	217.0	273.0	292.0	205.0	242.0	366.0	325.0	334.0	288.0	368.0	284.0	273.0	296.0	348.0	320.0	335.0	409.0	453.0	475.0	712.0	414.0	442.0	513.0	512.0	888.0	641.0	727.0	4851.0	603.0	792.0	939.0	30120.0	17693.0	63475.0	76638.0	42229.0	19971.0	46388.0	182546.0
NS.2150.TSP0029---TSP200X.BS_068_R2	525.0	299.0	447.0	287.0	308.0	198.0	232.0	262.0	198.0	443.0	284.0	358.0	432.0	227.0	394.0	222.0	363.0	236.0	260.0	350.0	295.0	325.0	282.0	233.0	277.0	232.0	298.0	624.0	268.0	262.0	320.0	271.0	507.0	412.0	456.0	4798.0	631.0	494.0	535.0	30380.0	16705.0	63422.0	77760.0	42623.0	19124.0	40253.0	188937.0
NS.2150.TSP0030---TSP200X.BS_069_R1	2153.0	1775.0	2365.0	3412.0	1449.0	1410.0	8688.0	1428.0	1322.0	1560.0	1609.0	1706.0	1558.0	1455.0	1304.0	1344.0	1732.0	1505.0	2124.0	1620.0	1574.0	1593.0	1853.0	1973.0	1882.0	1846.0	2028.0	2277.0	1842.0	2202.0	1897.0	2443.0	17269.0	8154.0	9245.0	24266.0	2924.0	2921.0	4367.0	141149.0	126668.0	130138.0	161297.0	220447.0	131573.0	231103.0	973624.0
NS.2150.TSP0030---TSP200X.BS_069_R2	1739.0	1379.0	2111.0	2776.0	1060.0	831.0	852.0	949.0	821.0	1954.0	1437.0	2370.0	1216.0	813.0	1080.0	1025.0	2268.0	1205.0	1285.0	1123.0	1080.0	1297.0	1098.0	1292.0	1211.0	1331.0	1395.0	1716.0	1117.0	1228.0	1161.0	1713.0	16990.0	6997.0	8305.0	24005.0	2219.0	2366.0	2774.0	141922.0	124545.0	134870.0	160144.0	223756.0	128087.0	237368.0	978534.0
NS.2150.TSP0031---TSP200X.BS_072_R1	3107.0	2802.0	3116.0	3972.0	2316.0	2108.0	10868.0	2028.0	2065.0	2390.0	2474.0	2655.0	2749.0	2283.0	2094.0	2078.0	3009.0	2624.0	3363.0	2675.0	2356.0	2636.0	3019.0	2824.0	2883.0	2959.0	3039.0	3316.0	2897.0	3372.0	3067.0	3746.0	25683.0	14871.0	13648.0	37821.0	4538.0	4587.0	6845.0	226828.0	207746.0	207480.0	262279.0	364742.0	214419.0	356835.0	1553703.0
NS.2150.TSP0031---TSP200X.BS_072_R2	2710.0	2385.0	3137.0	3208.0	1805.0	1410.0	1423.0	1400.0	1284.0	3222.0	1822.0	3202.0	3619.0	1629.0	1868.0	1550.0	3586.0	1927.0	2010.0	1763.0	1681.0	2000.0	1655.0	1821.0	1854.0	2036.0	1906.0	2239.0	1662.0	1821.0	1832.0	2481.0	25126.0	12889.0	12074.0	36942.0	3676.0	3542.0	4224.0	227662.0	203597.0	215470.0	260185.0	370199.0	209051.0	373440.0	1547158.0
NS.2150.TSP0032---TSP200X.BS_073_R1	2243.0	1965.0	2295.0	3127.0	1535.0	1568.0	9547.0	1277.0	1514.0	1744.0	1792.0	1836.0	1810.0	1548.0	1521.0	1490.0	2039.0	1865.0	2353.0	2504.0	1643.0	1754.0	2029.0	2097.0	2067.0	2040.0	2056.0	2530.0	1980.0	2267.0	2067.0	2573.0	19496.0	10234.0	11156.0	31983.0	3335.0	3266.0	4582.0	158601.0	146293.0	147575.0	192626.0	267763.0	141235.0	240901.0	1065626.0
NS.2150.TSP0032---TSP200X.BS_073_R2	1951.0	1726.0	2477.0	2655.0	1218.0	990.0	919.0	1039.0	857.0	1094.0	1707.0	4171.0	1436.0	956.0	1216.0	1126.0	1969.0	1324.0	1598.0	2010.0	1208.0	1445.0	1166.0	1536.0	1392.0	1364.0	1363.0	1971.0	1205.0	1354.0	1337.0	1825.0	19342.0	9414.0	10178.0	31856.0	2619.0	2655.0	2941.0	159094.0	145614.0	154137.0	191971.0	272405.0	138407.0	250214.0	1059430.0
NS.2150.TSP0033---TSP200X.BS_074_R1	2223.0	1922.0	2139.0	2885.0	1527.0	1348.0	7495.0	1205.0	1411.0	1501.0	1613.0	1776.0	1702.0	1417.0	1316.0	1353.0	2008.0	1763.0	2185.0	1577.0	1566.0	1522.0	1917.0	1764.0	1802.0	1890.0	2015.0	2268.0	1718.0	2116.0	1825.0	2298.0	19307.0	9645.0	8951.0	24319.0	2985.0	2885.0	4070.0	150149.0	144020.0	142033.0	179120.0	241574.0	148748.0	223774.0	1015185.0
NS.2150.TSP0033---TSP200X.BS_074_R2	1845.0	1683.0	2205.0	2397.0	1305.0	934.0	1023.0	1005.0	869.0	1072.0	1018.0	4288.0	1882.0	925.0	1187.0	1095.0	2552.0	1222.0	1396.0	1228.0	1123.0	1334.0	1133.0	1193.0	1296.0	1346.0	1361.0	1749.0	1216.0	1211.0	1263.0	1620.0	19145.0	9116.0	8148.0	24075.0	2336.0	2411.0	2636.0	150590.0	140521.0	147641.0	177613.0	244138.0	146596.0	239771.0	1000661.0
NS.2150.TSP0034---TSP200X.BS_078_R1	281.0	301.0	237.0	254.0	243.0	266.0	279.0	169.0	136.0	210.0	234.0	178.0	180.0	197.0	208.0	179.0	171.0	233.0	237.0	202.0	232.0	262.0	259.0	229.0	289.0	273.0	317.0	558.0	284.0	256.0	320.0	343.0	497.0	354.0	393.0	653.0	404.0	466.0	554.0	14993.0	13564.0	51043.0	62605.0	40308.0	18178.0	37949.0	131398.0
NS.2150.TSP0034---TSP200X.BS_078_R2	316.0	254.0	407.0	238.0	310.0	148.0	137.0	160.0	141.0	410.0	228.0	251.0	447.0	189.0	274.0	190.0	311.0	172.0	207.0	205.0	156.0	169.0	211.0	195.0	230.0	180.0	191.0	456.0	176.0	186.0	198.0	216.0	387.0	294.0	370.0	593.0	373.0	356.0	339.0	15144.0	13099.0	51307.0	63821.0	40696.0	18477.0	33192.0	132490.0
NS.2150.TSP0035---TSP200X.BS_079_R1	39.0	37.0	345.0	60.0	35.0	25.0	80.0	37.0	28.0	22.0	27.0	23.0	20.0	24.0	22.0	26.0	20.0	28.0	30.0	18.0	29.0	33.0	35.0	14.0	21.0	20.0	29.0	47.0	25.0	28.0	27.0	40.0	174.0	83.0	98.0	175.0	43.0	41.0	60.0	1719.0	2038.0	1990.0	2378.0	3765.0	1917.0	3454.0	15000.0
NS.2150.TSP0035---TSP200X.BS_079_R2	30.0	29.0	348.0	52.0	27.0	8.0	14.0	11.0	11.0	18.0	19.0	56.0	30.0	18.0	8.0	11.0	21.0	14.0	17.0	12.0	13.0	18.0	15.0	19.0	17.0	18.0	13.0	37.0	15.0	14.0	26.0	22.0	170.0	79.0	70.0	185.0	41.0	30.0	45.0	1743.0	2011.0	2046.0	2359.0	3886.0	1858.0	3683.0	14922.0
NS.2150.TSP0036---TSP200X.BS_081_R1	26.0	27.0	30.0	26.0	30.0	12.0	64.0	35.0	18.0	16.0	12.0	15.0	20.0	23.0	15.0	20.0	16.0	13.0	22.0	28.0	22.0	20.0	25.0	19.0	24.0	36.0	27.0	34.0	20.0	27.0	25.0	22.0	116.0	63.0	75.0	189.0	46.0	48.0	53.0	1455.0	1528.0	2135.0	2333.0	3494.0	1553.0	3139.0	13464.0
NS.2150.TSP0036---TSP200X.BS_081_R2	18.0	12.0	20.0	23.0	17.0	6.0	8.0	15.0	10.0	23.0	12.0	79.0	27.0	15.0	18.0	12.0	27.0	15.0	19.0	18.0	18.0	22.0	14.0	15.0	9.0	13.0	23.0	26.0	9.0	11.0	14.0	22.0	110.0	56.0	60.0	188.0	35.0	27.0	29.0	1466.0	1512.0	2123.0	2317.0	3606.0	1530.0	3287.0	13378.0
NS.2150.TSP0037---TSP200X.BS_083_R1	2921.0	2566.0	3262.0	4430.0	2124.0	1781.0	11239.0	1598.0	1540.0	1929.0	2149.0	2039.0	1979.0	1862.0	1878.0	1813.0	2146.0	2156.0	2821.0	2132.0	2041.0	2110.0	2444.0	2398.0	2462.0	2433.0	2547.0	2985.0	2538.0	2763.0	2629.0	2985.0	25819.0	12585.0	12512.0	32617.0	3840.0	3618.0	5393.0	196955.0	197697.0	183284.0	238444.0	333481.0	169437.0	300631.0	1373721.0
NS.2150.TSP0037---TSP200X.BS_083_R2	2636.0	2252.0	3264.0	3737.0	1788.0	1330.0	1320.0	1310.0	1169.0	1425.0	1905.0	3853.0	3137.0	1417.0	1808.0	1519.0	2509.0	1624.0	1916.0	1667.0	1590.0	1880.0	1578.0	1632.0	1724.0	1873.0	1951.0	2472.0	1666.0	1738.0	1797.0	2189.0	25792.0	12087.0	11480.0	32924.0	3519.0	3347.0	3774.0	196856.0	194820.0	185209.0	236018.0	336210.0	165408.0	332305.0	1347036.0
NS.2150.TSP0038---TSP200X.BS_085_R1	1103.0	1015.0	1241.0	2384.0	811.0	832.0	3227.0	658.0	694.0	889.0	810.0	857.0	836.0	774.0	753.0	685.0	937.0	848.0	1338.0	849.0	878.0	888.0	1000.0	920.0	1114.0	1035.0	1103.0	1560.0	942.0	1152.0	1064.0	1233.0	9838.0	6348.0	4717.0	15409.0	1499.0	1550.0	1832.0	75681.0	63775.0	77096.0	100391.0	135321.0	61096.0	118444.0	529366.0
NS.2150.TSP0038---TSP200X.BS_085_R2	1020.0	874.0	1168.0	2151.0	636.0	507.0	537.0	591.0	509.0	2094.0	1095.0	987.0	706.0	525.0	897.0	566.0	922.0	656.0	1054.0	764.0	646.0	717.0	644.0	631.0	769.0	777.0	782.0	1326.0	593.0	720.0	771.0	920.0	9863.0	6063.0	4318.0	15447.0	1443.0	1324.0	1364.0	75676.0	63078.0	78611.0	100001.0	137075.0	59659.0	122675.0	522839.0
NS.2150.TSP0039---TSP200X.BS_086_R1	3119.0	2739.0	3593.0	4305.0	2226.0	2009.0	11771.0	2231.0	2066.0	2428.0	2516.0	2662.0	2437.0	2103.0	1956.0	1988.0	2745.0	2322.0	3169.0	2351.0	2271.0	2353.0	2657.0	2626.0	2795.0	2760.0	2955.0	3204.0	2697.0	3087.0	2856.0	3515.0	23837.0	14040.0	12712.0	35034.0	4264.0	4229.0	6322.0	203019.0	182835.0	200414.0	239665.0	362442.0	185268.0	326068.0	1441881.0
NS.2150.TSP0039---TSP200X.BS_086_R2	2682.0	2401.0	3326.0	3486.0	1796.0	1447.0	1991.0	1925.0	1187.0	1569.0	1877.0	4598.0	3238.0	1270.0	1704.0	1529.0	2853.0	1883.0	2082.0	1804.0	1716.0	1872.0	1550.0	1639.0	1916.0	1903.0	2081.0	2318.0	1640.0	1874.0	1755.0	2299.0	23713.0	12469.0	11606.0	35450.0	3598.0	3717.0	4307.0	203304.0	180800.0	210551.0	237870.0	368720.0	181055.0	343170.0	1424782.0
NS.2150.TSP0040---TSP200X.BS_087_R1	397.0	366.0	736.0	388.0	313.0	272.0	437.0	301.0	252.0	369.0	455.0	260.0	278.0	254.0	266.0	217.0	284.0	292.0	238.0	281.0	284.0	291.0	288.0	265.0	344.0	339.0	378.0	509.0	371.0	399.0	408.0	511.0	4945.0	564.0	634.0	9319.0	560.0	476.0	669.0	36731.0	13454.0	26253.0	29008.0	47193.0	13186.0	35524.0	176342.0
NS.2150.TSP0040---TSP200X.BS_087_R2	395.0	467.0	949.0	363.0	222.0	242.0	206.0	209.0	173.0	266.0	332.0	520.0	379.0	175.0	275.0	156.0	300.0	184.0	183.0	196.0	262.0	261.0	199.0	184.0	219.0	206.0	240.0	357.0	222.0	204.0	258.0	413.0	5137.0	401.0	439.0	9499.0	539.0	743.0	444.0	36909.0	13122.0	26226.0	29047.0	48018.0	12516.0	38768.0	172427.0
NS.2150.TSP0041---TSP200X.BS_088_R1	740.0	653.0	828.0	2517.0	482.0	536.0	1476.0	409.0	497.0	584.0	620.0	548.0	578.0	504.0	493.0	490.0	579.0	558.0	930.0	560.0	528.0	538.0	615.0	577.0	652.0	696.0	693.0	974.0	675.0	782.0	688.0	841.0	7509.0	2915.0	2154.0	11309.0	1039.0	1183.0	1450.0	51599.0	35797.0	48888.0	61615.0	75175.0	44185.0	70701.0	318653.0
NS.2150.TSP0041---TSP200X.BS_088_R2	600.0	581.0	901.0	2336.0	344.0	332.0	277.0	321.0	269.0	348.0	327.0	829.0	669.0	298.0	428.0	301.0	455.0	341.0	641.0	409.0	405.0	411.0	365.0	324.0	417.0	419.0	471.0	722.0	394.0	372.0	418.0	570.0	7497.0	2628.0	1700.0	11206.0	788.0	890.0	822.0	52305.0	35926.0	50474.0	61897.0	76253.0	43342.0	74657.0	316326.0
NS.2150.TSP0042---TSP200X.BS_089_R1	3438.0	2983.0	3285.0	3924.0	2386.0	2259.0	11669.0	1952.0	2158.0	2537.0	2677.0	2808.0	2704.0	2383.0	2210.0	2241.0	3194.0	2717.0	3338.0	2820.0	2441.0	2577.0	3036.0	2864.0	2859.0	2968.0	3051.0	3405.0	3045.0	3364.0	3117.0	3553.0	26480.0	13774.0	13729.0	38166.0	4809.0	4614.0	6456.0	232569.0	217968.0	222375.0	267668.0	378057.0	222492.0	382199.0	1623638.0
NS.2150.TSP0042---TSP200X.BS_089_R2	3144.0	2552.0	3424.0	3020.0	1973.0	1559.0	1543.0	1567.0	1321.0	1746.0	1538.0	6475.0	2989.0	1506.0	1930.0	1635.0	3787.0	1932.0	2030.0	2009.0	1757.0	1979.0	1735.0	1947.0	2006.0	2135.0	2063.0	2455.0	1899.0	1986.0	2015.0	2505.0	26482.0	12882.0	12457.0	37692.0	3971.0	4032.0	4336.0	233319.0	213905.0	229023.0	266678.0	381807.0	216427.0	396641.0	1618292.0
NS.2150.TSP0043---TSP200X.BS_090_R1	4502.0	3678.0	4367.0	5499.0	3149.0	2604.0	15164.0	2719.0	2715.0	3058.0	3238.0	3560.0	3203.0	2729.0	2729.0	2657.0	3531.0	3091.0	4051.0	3304.0	3023.0	3083.0	3545.0	3334.0	3510.0	3453.0	3692.0	4502.0	3401.0	3920.0	3539.0	4254.0	33592.0	16515.0	16661.0	47636.0	5468.0	5152.0	7311.0	289705.0	280302.0	292914.0	336788.0	496692.0	263308.0	461217.0	2092416.0
NS.2150.TSP0043---TSP200X.BS_090_R2	3803.0	3185.0	4492.0	4586.0	2772.0	1909.0	2004.0	1939.0	1712.0	2202.0	2148.0	4997.0	4921.0	2963.0	2668.0	2400.0	5145.0	2851.0	3140.0	2835.0	2494.0	2548.0	2133.0	2389.0	2607.0	2680.0	2655.0	3652.0	2327.0	2421.0	2492.0	3250.0	33378.0	14749.0	15261.0	47511.0	4962.0	4988.0	5203.0	288420.0	272246.0	300317.0	333633.0	500421.0	257647.0	504112.0	2054647.0
NS.2150.TSP0044---TSP200X.BS_091_R1	1957.0	1598.0	1896.0	2054.0	1333.0	1304.0	6276.0	1114.0	1167.0	1417.0	1539.0	1506.0	1492.0	1247.0	1283.0	1219.0	1806.0	1462.0	1846.0	1573.0	1347.0	1444.0	1613.0	1521.0	1565.0	1657.0	1534.0	1901.0	1543.0	1757.0	1555.0	1974.0	16680.0	9172.0	8550.0	24165.0	2582.0	2549.0	3422.0	151476.0	141478.0	152887.0	174610.0	237704.0	139881.0	208259.0	956478.0
NS.2150.TSP0044---TSP200X.BS_091_R2	2051.0	1678.0	2280.0	1857.0	1302.0	984.0	982.0	1018.0	801.0	1228.0	1557.0	2862.0	1532.0	890.0	1312.0	1046.0	1481.0	1097.0	1278.0	1237.0	1115.0	1256.0	1076.0	1003.0	1154.0	1223.0	1168.0	1478.0	1120.0	1151.0	1234.0	1461.0	16710.0	8645.0	7979.0	23946.0	2419.0	2379.0	2468.0	150822.0	139810.0	157754.0	172856.0	239477.0	138040.0	224847.0	934402.0
NS.2150.TSP0045---TSP200X.BS_095_R1	4061.0	3500.0	3930.0	4291.0	2900.0	2800.0	14410.0	2214.0	2585.0	2953.0	3044.0	3260.0	3246.0	2704.0	2536.0	2544.0	3535.0	3060.0	3556.0	2950.0	2872.0	2932.0	3489.0	3240.0	3247.0	3565.0	3443.0	3827.0	3281.0	3907.0	3551.0	4274.0	39197.0	19116.0	16456.0	53198.0	5319.0	5251.0	7122.0	284003.0	254150.0	266893.0	331560.0	457798.0	255864.0	401198.0	1826567.0
NS.2150.TSP0045---TSP200X.BS_095_R2	3294.0	2665.0	3645.0	3128.0	2151.0	1680.0	1744.0	1856.0	1604.0	3555.0	2084.0	4348.0	2452.0	1641.0	2339.0	1880.0	3136.0	2108.0	2213.0	2117.0	2049.0	2324.0	1950.0	1890.0	2194.0	2194.0	2204.0	2683.0	2087.0	2174.0	2241.0	2803.0	39161.0	18130.0	14840.0	53328.0	4291.0	4354.0	4338.0	285116.0	252268.0	277422.0	329609.0	462487.0	249331.0	425378.0	1814724.0
NS.2150.TSP0046---TSP200X.BS_096_R1	37.0	34.0	42.0	47.0	38.0	21.0	102.0	31.0	16.0	27.0	25.0	39.0	33.0	18.0	18.0	19.0	32.0	37.0	32.0	32.0	25.0	25.0	33.0	40.0	36.0	35.0	34.0	51.0	30.0	29.0	38.0	42.0	193.0	101.0	110.0	218.0	50.0	49.0	62.0	1978.0	2355.0	2422.0	2671.0	4359.0	2370.0	3991.0	17142.0
NS.2150.TSP0046---TSP200X.BS_096_R2	22.0	17.0	31.0	26.0	26.0	11.0	12.0	19.0	21.0	39.0	22.0	65.0	29.0	14.0	23.0	9.0	30.0	29.0	26.0	23.0	23.0	17.0	21.0	28.0	20.0	14.0	21.0	33.0	9.0	15.0	18.0	23.0	195.0	75.0	99.0	212.0	38.0	30.0	49.0	2029.0	2339.0	2463.0	2667.0	4486.0	2248.0	4388.0	16970.0
NS.2150.TSP0047---TSP200X.BS_097_R1	17.0	23.0	22.0	24.0	17.0	16.0	65.0	21.0	13.0	16.0	13.0	19.0	15.0	10.0	11.0	9.0	15.0	17.0	20.0	19.0	12.0	10.0	18.0	23.0	18.0	22.0	23.0	55.0	23.0	17.0	20.0	32.0	98.0	45.0	55.0	127.0	39.0	32.0	32.0	1228.0	1327.0	2312.0	2090.0	3207.0	1311.0	2906.0	12869.0
NS.2150.TSP0047---TSP200X.BS_097_R2	24.0	25.0	21.0	16.0	17.0	16.0	15.0	15.0	11.0	17.0	41.0	62.0	57.0	14.0	26.0	12.0	25.0	9.0	14.0	22.0	15.0	13.0	9.0	15.0	19.0	16.0	18.0	52.0	15.0	11.0	11.0	20.0	90.0	47.0	61.0	127.0	41.0	15.0	22.0	1241.0	1275.0	2259.0	2045.0	3246.0	1298.0	3206.0	12482.0
NS.2150.TSP0048---TSP200X.BS_098_R1	3896.0	3428.0	4232.0	5885.0	2889.0	2568.0	16047.0	2317.0	2483.0	2818.0	3038.0	3038.0	3018.0	2606.0	2546.0	2630.0	3212.0	3049.0	4232.0	3344.0	2905.0	3128.0	3551.0	3429.0	3470.0	3530.0	3699.0	4452.0	3436.0	4098.0	3517.0	4456.0	31954.0	16633.0	16662.0	44362.0	5676.0	5689.0	8626.0	243290.0	232893.0	224396.0	297022.0	428815.0	215815.0	418528.0	1806400.0
NS.2150.TSP0048---TSP200X.BS_098_R2	3827.0	3297.0	4515.0	5278.0	2512.0	2053.0	2077.0	2055.0	1811.0	3474.0	3771.0	6377.0	3338.0	1925.0	2564.0	2217.0	3727.0	2696.0	3113.0	2784.0	2432.0	2843.0	2432.0	2597.0	2712.0	3101.0	3117.0	3728.0	2711.0	2770.0	2810.0	3809.0	31907.0	16024.0	15404.0	43830.0	5400.0	5667.0	6933.0	242808.0	226230.0	226703.0	292549.0	430052.0	210012.0	460817.0	1764262.0
NS.2150.TSP0049---TSP200X.BS_099_R1	1057.0	814.0	1057.0	1351.0	664.0	591.0	2082.0	601.0	568.0	638.0	723.0	730.0	692.0	628.0	566.0	608.0	726.0	775.0	1015.0	1255.0	670.0	772.0	848.0	806.0	820.0	889.0	919.0	1113.0	789.0	958.0	928.0	1048.0	7556.0	4087.0	2682.0	13702.0	1454.0	1384.0	1890.0	67808.0	65500.0	68752.0	82672.0	104425.0	61901.0	86751.0	379073.0
NS.2150.TSP0049---TSP200X.BS_099_R2	835.0	623.0	997.0	1022.0	511.0	354.0	341.0	369.0	347.0	462.0	625.0	1506.0	611.0	386.0	514.0	416.0	807.0	515.0	608.0	1026.0	530.0	558.0	489.0	502.0	524.0	574.0	552.0	807.0	476.0	503.0	543.0	671.0	7389.0	3712.0	2269.0	13663.0	1124.0	1048.0	1102.0	68892.0	65094.0	70945.0	83114.0	106453.0	60573.0	92052.0	376160.0
NS.2150.TSP0050---TSP200X.BS_100_R1	1483.0	1242.0	1299.0	2015.0	1063.0	989.0	2512.0	872.0	994.0	1170.0	1259.0	1289.0	1205.0	1052.0	1051.0	988.0	1438.0	1139.0	1611.0	1247.0	1128.0	1187.0	1327.0	1336.0	1395.0	1407.0	1497.0	2066.0	1290.0	1450.0	1446.0	1688.0	15565.0	9009.0	4710.0	24003.0	2229.0	2128.0	2993.0	126873.0	100910.0	115012.0	147856.0	179459.0	101110.0	145082.0	642393.0
NS.2150.TSP0050---TSP200X.BS_100_R2	1238.0	1001.0	1155.0	1659.0	726.0	632.0	624.0	616.0	522.0	648.0	843.0	2641.0	1163.0	670.0	821.0	656.0	1053.0	839.0	1100.0	889.0	880.0	1000.0	815.0	790.0	849.0	853.0	1030.0	1589.0	784.0	885.0	958.0	1127.0	15601.0	8576.0	4065.0	23741.0	1854.0	1766.0	1738.0	127388.0	100916.0	120331.0	147496.0	182552.0	99105.0	151701.0	635347.0
NS.2150.TSP0052---TSP200X.BS_102_R1	52.0	39.0	33.0	32.0	22.0	26.0	90.0	25.0	22.0	22.0	25.0	28.0	36.0	14.0	25.0	17.0	22.0	21.0	28.0	32.0	23.0	23.0	26.0	30.0	36.0	30.0	28.0	34.0	19.0	34.0	22.0	30.0	228.0	103.0	86.0	277.0	55.0	54.0	60.0	2176.0	2578.0	2420.0	2798.0	4438.0	2275.0	3281.0	14110.0
NS.2150.TSP0052---TSP200X.BS_102_R2	40.0	23.0	24.0	29.0	15.0	9.0	12.0	25.0	6.0	20.0	20.0	39.0	28.0	7.0	24.0	12.0	27.0	17.0	16.0	26.0	14.0	12.0	12.0	17.0	23.0	20.0	8.0	34.0	20.0	18.0	11.0	32.0	220.0	97.0	72.0	279.0	33.0	28.0	31.0	2189.0	2587.0	2496.0	2767.0	4592.0	2229.0	3465.0	14047.0
NS.2150.TSP0054---TSP200X.BS_104_R1	280.0	290.0	237.0	272.0	253.0	248.0	363.0	195.0	148.0	225.0	209.0	231.0	224.0	239.0	207.0	215.0	203.0	217.0	240.0	230.0	209.0	241.0	264.0	239.0	336.0	321.0	299.0	515.0	292.0	316.0	330.0	369.0	844.0	503.0	573.0	3609.0	448.0	536.0	667.0	23160.0	16720.0	35987.0	42566.0	37762.0	17454.0	33901.0	151921.0
NS.2150.TSP0054---TSP200X.BS_104_R2	407.0	243.0	385.0	263.0	235.0	117.0	134.0	182.0	127.0	216.0	206.0	586.0	450.0	147.0	296.0	170.0	261.0	147.0	230.0	228.0	172.0	204.0	171.0	180.0	273.0	226.0	228.0	440.0	174.0	184.0	242.0	218.0	630.0	368.0	422.0	3587.0	387.0	396.0	501.0	23339.0	16147.0	35966.0	42647.0	38276.0	16987.0	37468.0	147998.0
NS.2150.TSP0055---TSP200X.BS_105_R1	2989.0	2596.0	2953.0	3776.0	2119.0	1960.0	11001.0	1827.0	1859.0	2167.0	2142.0	2519.0	2239.0	1848.0	1817.0	1924.0	2716.0	2301.0	3027.0	2358.0	2112.0	2249.0	2405.0	2377.0	2440.0	2609.0	2653.0	2613.0	2438.0	2783.0	2684.0	3286.0	24926.0	13950.0	11895.0	39475.0	4331.0	4046.0	5550.0	224252.0	192446.0	199032.0	254192.0	322266.0	189706.0	282769.0	1261305.0
NS.2150.TSP0055---TSP200X.BS_105_R2	2706.0	2083.0	2871.0	3014.0	1666.0	1170.0	1236.0	1303.0	1042.0	2075.0	2060.0	3708.0	2063.0	1088.0	1645.0	1446.0	2720.0	1655.0	1941.0	1750.0	1527.0	1809.0	1478.0	1604.0	1656.0	1797.0	1812.0	1916.0	1523.0	1638.0	1761.0	2098.0	24719.0	12924.0	10766.0	39405.0	3672.0	3304.0	3563.0	225482.0	190127.0	207134.0	253157.0	326701.0	184430.0	302812.0	1249963.0
NS.2150.TSP0056---TSP200X.BS_106_R1	206.0	168.0	224.0	161.0	132.0	98.0	214.0	134.0	98.0	138.0	144.0	117.0	119.0	143.0	117.0	101.0	164.0	167.0	137.0	153.0	164.0	158.0	167.0	148.0	165.0	178.0	178.0	206.0	175.0	190.0	199.0	217.0	1338.0	367.0	390.0	4047.0	305.0	275.0	355.0	15402.0	9052.0	15028.0	17538.0	20070.0	8334.0	18543.0	82634.0
NS.2150.TSP0056---TSP200X.BS_106_R2	172.0	179.0	273.0	109.0	120.0	118.0	89.0	101.0	96.0	110.0	121.0	316.0	197.0	92.0	140.0	106.0	161.0	113.0	97.0	140.0	142.0	133.0	117.0	104.0	120.0	130.0	121.0	151.0	107.0	106.0	130.0	151.0	1304.0	276.0	281.0	4049.0	303.0	270.0	247.0	15425.0	8857.0	15049.0	17531.0	20392.0	8045.0	18353.0	82784.0
NS.2150.TSP0057---TSP200X.BS_107_R1	1001.0	859.0	1024.0	1407.0	659.0	626.0	1584.0	584.0	574.0	746.0	734.0	758.0	734.0	636.0	637.0	628.0	878.0	761.0	1041.0	697.0	685.0	719.0	780.0	791.0	785.0	873.0	880.0	1446.0	785.0	906.0	892.0	974.0	8909.0	3057.0	2921.0	14776.0	1297.0	1291.0	1716.0	78557.0	67304.0	74473.0	103436.0	111035.0	61854.0	86853.0	398694.0
NS.2150.TSP0057---TSP200X.BS_107_R2	957.0	679.0	1065.0	1147.0	542.0	419.0	434.0	477.0	365.0	476.0	393.0	1578.0	708.0	392.0	593.0	426.0	643.0	459.0	800.0	546.0	554.0	603.0	469.0	586.0	534.0	525.0	581.0	1184.0	476.0	531.0	574.0	639.0	8912.0	2707.0	2440.0	14728.0	1114.0	1136.0	1064.0	78991.0	66943.0	76608.0	103551.0	112204.0	60526.0	93085.0	392326.0
NS.2150.TSP0058---TSP200X.BS_108_R1	741.0	589.0	775.0	1945.0	501.0	445.0	1390.0	385.0	439.0	528.0	528.0	540.0	509.0	430.0	408.0	427.0	545.0	482.0	717.0	540.0	501.0	521.0	584.0	601.0	589.0	639.0	632.0	691.0	528.0	668.0	649.0	773.0	5419.0	3243.0	2533.0	8446.0	910.0	956.0	1300.0	52393.0	48668.0	52022.0	62646.0	77083.0	47340.0	60062.0	265857.0
NS.2150.TSP0058---TSP200X.BS_108_R2	697.0	512.0	727.0	1797.0	395.0	274.0	293.0	322.0	247.0	321.0	369.0	1059.0	438.0	284.0	384.0	343.0	729.0	384.0	470.0	453.0	392.0	428.0	352.0	376.0	422.0	385.0	416.0	524.0	423.0	405.0	402.0	523.0	5369.0	3087.0	2226.0	8319.0	787.0	782.0	808.0	52854.0	47711.0	53477.0	62176.0	77801.0	46757.0	64054.0	261919.0
NS.2150.TSP0059---TSP200X.BS_109_R1	1031.0	848.0	839.0	962.0	665.0	616.0	4112.0	568.0	518.0	641.0	716.0	696.0	690.0	712.0	647.0	646.0	762.0	739.0	1026.0	809.0	795.0	838.0	908.0	849.0	829.0	924.0	900.0	1378.0	878.0	1025.0	937.0	1075.0	11599.0	6634.0	5196.0	17520.0	1394.0	1393.0	1691.0	80042.0	57027.0	71952.0	91234.0	105898.0	62293.0	92771.0	439273.0
NS.2150.TSP0059---TSP200X.BS_109_R2	988.0	695.0	850.0	785.0	596.0	478.0	473.0	454.0	401.0	568.0	524.0	1941.0	832.0	483.0	630.0	507.0	873.0	578.0	742.0	702.0	594.0	718.0	553.0	581.0	561.0	654.0	649.0	1135.0	568.0	591.0	631.0	797.0	11630.0	6702.0	4941.0	17566.0	1340.0	1108.0	1089.0	79826.0	56248.0	72857.0	90681.0	106537.0	60898.0	101372.0	433063.0
NS.2150.TSP0060---TSP200X.BS_110_R1	151.0	133.0	182.0	973.0	104.0	92.0	171.0	96.0	69.0	94.0	101.0	110.0	74.0	95.0	87.0	77.0	83.0	98.0	205.0	75.0	118.0	111.0	108.0	113.0	121.0	112.0	127.0	194.0	111.0	140.0	97.0	168.0	2287.0	211.0	243.0	2264.0	190.0	190.0	213.0	10693.0	7621.0	10736.0	12684.0	15982.0	6952.0	12319.0	55574.0
NS.2150.TSP0060---TSP200X.BS_110_R2	174.0	126.0	172.0	994.0	99.0	61.0	53.0	57.0	55.0	109.0	120.0	195.0	118.0	63.0	73.0	66.0	119.0	64.0	178.0	93.0	101.0	75.0	71.0	85.0	97.0	74.0	91.0	161.0	84.0	83.0	80.0	130.0	2345.0	185.0	180.0	2269.0	166.0	183.0	161.0	10701.0	7450.0	10762.0	12652.0	16199.0	6769.0	14104.0	53552.0
NS.2150.TSP0062---TSP200X.BS_112_R1	97.0	93.0	80.0	225.0	74.0	62.0	130.0	55.0	40.0	77.0	65.0	62.0	64.0	67.0	57.0	46.0	71.0	65.0	88.0	78.0	88.0	67.0	76.0	79.0	91.0	103.0	81.0	101.0	96.0	93.0	95.0	115.0	602.0	167.0	200.0	1403.0	140.0	162.0	176.0	7338.0	4398.0	6996.0	9614.0	9116.0	5031.0	8912.0	39829.0
NS.2150.TSP0062---TSP200X.BS_112_R2	112.0	70.0	91.0	207.0	53.0	52.0	41.0	54.0	35.0	64.0	61.0	85.0	77.0	43.0	56.0	45.0	77.0	50.0	79.0	67.0	76.0	61.0	45.0	60.0	61.0	50.0	59.0	73.0	54.0	63.0	81.0	65.0	605.0	129.0	148.0	1415.0	130.0	131.0	107.0	7361.0	4371.0	7111.0	9619.0	9267.0	4926.0	9096.0	39610.0
NS.2150.TSP0063---TSP200X.BS_113_R1	1235.0	1113.0	1299.0	2102.0	929.0	863.0	5155.0	683.0	711.0	905.0	993.0	821.0	843.0	842.0	785.0	877.0	935.0	936.0	1297.0	956.0	898.0	1029.0	1180.0	1027.0	1136.0	1237.0	1198.0	1363.0	1208.0	1316.0	1211.0	1463.0	11424.0	6711.0	5898.0	18980.0	1991.0	1918.0	2450.0	87444.0	78095.0	81077.0	106154.0	125724.0	65343.0	104611.0	472679.0
NS.2150.TSP0063---TSP200X.BS_113_R2	1002.0	840.0	1162.0	1727.0	603.0	426.0	521.0	525.0	449.0	1255.0	862.0	786.0	615.0	545.0	718.0	546.0	929.0	588.0	899.0	662.0	679.0	708.0	672.0	680.0	702.0	720.0	719.0	962.0	671.0	671.0	774.0	851.0	11449.0	6317.0	5227.0	19001.0	1585.0	1503.0	1367.0	88734.0	78395.0	82449.0	106861.0	128242.0	63703.0	111824.0	470932.0
NS.2150.TSP0064---TSP200X.BS_114_R1	696.0	605.0	805.0	1140.0	485.0	427.0	2801.0	328.0	381.0	477.0	500.0	485.0	484.0	381.0	386.0	389.0	533.0	460.0	665.0	455.0	441.0	490.0	513.0	483.0	451.0	567.0	560.0	841.0	508.0	595.0	588.0	630.0	4209.0	1740.0	2661.0	8608.0	932.0	910.0	1133.0	52394.0	34339.0	46934.0	57834.0	67457.0	33040.0	54859.0	263442.0
NS.2150.TSP0064---TSP200X.BS_114_R2	607.0	478.0	777.0	980.0	355.0	293.0	376.0	401.0	248.0	721.0	599.0	557.0	408.0	273.0	356.0	274.0	453.0	320.0	477.0	387.0	297.0	380.0	307.0	345.0	340.0	345.0	375.0	656.0	302.0	371.0	383.0	514.0	4187.0	1486.0	2514.0	8621.0	762.0	794.0	674.0	52697.0	34210.0	48604.0	57704.0	68488.0	32274.0	59991.0	258885.0
NS.2150.TSP0065---TSP200X.BS_115_R1	995.0	823.0	1351.0	4900.0	632.0	479.0	2730.0	475.0	532.0	618.0	632.0	726.0	655.0	524.0	494.0	503.0	744.0	627.0	898.0	668.0	570.0	605.0	686.0	713.0	695.0	774.0	743.0	890.0	692.0	865.0	798.0	871.0	7775.0	3028.0	3136.0	10619.0	1223.0	1190.0	1627.0	60332.0	56341.0	57362.0	69184.0	94772.0	51749.0	74303.0	328767.0
NS.2150.TSP0065---TSP200X.BS_115_R2	747.0	551.0	1204.0	4604.0	401.0	304.0	319.0	348.0	314.0	488.0	522.0	733.0	695.0	429.0	446.0	335.0	637.0	443.0	638.0	437.0	398.0	521.0	457.0	444.0	485.0	482.0	491.0	735.0	417.0	489.0	471.0	615.0	7786.0	2681.0	2709.0	10554.0	909.0	857.0	952.0	61061.0	56256.0	60058.0	69069.0	96660.0	50839.0	77266.0	327728.0
NS.2150.TSP0066---TSP200X.BS_116_R1	1656.0	1334.0	1974.0	2757.0	1086.0	1007.0	4646.0	941.0	994.0	1112.0	1149.0	1207.0	1090.0	950.0	939.0	927.0	1266.0	1181.0	1676.0	1112.0	1046.0	1172.0	1306.0	1312.0	1510.0	1396.0	1398.0	1759.0	1286.0	1544.0	1421.0	1672.0	10432.0	6615.0	5488.0	17648.0	2299.0	2295.0	3148.0	92887.0	82044.0	92309.0	115056.0	147002.0	83051.0	141373.0	590953.0
NS.2150.TSP0066---TSP200X.BS_116_R2	1408.0	1023.0	1914.0	2377.0	797.0	613.0	655.0	734.0	550.0	1060.0	1138.0	1596.0	1764.0	784.0	834.0	705.0	1171.0	918.0	1255.0	917.0	892.0	964.0	792.0	859.0	964.0	935.0	1065.0	1391.0	848.0	956.0	943.0	1269.0	10289.0	6300.0	4921.0	17437.0	1923.0	1923.0	2209.0	94445.0	81516.0	94963.0	114566.0	150137.0	81561.0	145335.0	586642.0
NS.2150.TSP0067---TSP200X.BS_117_R1	546.0	553.0	474.0	481.0	372.0	397.0	480.0	248.0	263.0	380.0	338.0	353.0	339.0	384.0	347.0	336.0	386.0	399.0	387.0	382.0	382.0	421.0	418.0	441.0	527.0	507.0	514.0	554.0	481.0	495.0	563.0	660.0	5159.0	772.0	841.0	5869.0	787.0	778.0	1057.0	31253.0	21114.0	43414.0	55468.0	54216.0	22884.0	57134.0	210167.0
NS.2150.TSP0067---TSP200X.BS_117_R2	479.0	439.0	433.0	356.0	272.0	200.0	188.0	239.0	188.0	225.0	237.0	593.0	434.0	183.0	286.0	222.0	372.0	242.0	259.0	342.0	313.0	342.0	274.0	337.0	408.0	314.0	335.0	413.0	281.0	317.0	373.0	482.0	5226.0	513.0	581.0	5753.0	675.0	505.0	649.0	31485.0	20531.0	43478.0	55903.0	55197.0	22297.0	49459.0	219783.0
NS.2150.TSP0070---TSP200X.BS_120_R1	730.0	545.0	854.0	1394.0	397.0	370.0	1871.0	423.0	366.0	433.0	470.0	447.0	461.0	427.0	394.0	371.0	527.0	467.0	593.0	561.0	427.0	434.0	500.0	611.0	522.0	562.0	573.0	780.0	494.0	617.0	527.0	665.0	4928.0	2758.0	2486.0	7280.0	919.0	847.0	1174.0	44126.0	38774.0	43178.0	50663.0	64892.0	40972.0	57980.0	260254.0
NS.2150.TSP0070---TSP200X.BS_120_R2	585.0	381.0	769.0	1241.0	315.0	252.0	228.0	236.0	231.0	269.0	273.0	719.0	633.0	247.0	317.0	284.0	601.0	339.0	386.0	429.0	327.0	355.0	302.0	389.0	375.0	396.0	366.0	634.0	334.0	335.0	372.0	452.0	4854.0	2361.0	2235.0	7223.0	710.0	731.0	709.0	44414.0	38198.0	44520.0	50754.0	65998.0	40170.0	62709.0	257477.0
NS.2150.TSP0071---TSP200X.BS_121_R1	1756.0	1338.0	1801.0	2181.0	987.0	1026.0	4612.0	858.0	1021.0	1074.0	1179.0	1188.0	1211.0	1033.0	953.0	970.0	1382.0	1071.0	1469.0	1616.0	1110.0	1156.0	1239.0	1197.0	1283.0	1334.0	1372.0	1684.0	1291.0	1499.0	1443.0	1631.0	12973.0	5908.0	5994.0	18865.0	2266.0	2105.0	3026.0	114262.0	102231.0	107940.0	125669.0	166824.0	101113.0	147327.0	642727.0
NS.2150.TSP0071---TSP200X.BS_121_R2	1348.0	959.0	1559.0	1780.0	797.0	597.0	580.0	682.0	587.0	914.0	1663.0	1505.0	880.0	571.0	849.0	715.0	1540.0	879.0	957.0	1215.0	804.0	928.0	783.0	737.0	949.0	888.0	926.0	1270.0	760.0	777.0	897.0	1065.0	12956.0	5554.0	5352.0	19062.0	1854.0	1603.0	1885.0	114589.0	100867.0	112218.0	124751.0	168883.0	99008.0	154532.0	639534.0
NS.2150.TSP0072---TSP200X.BS_122_R1	1702.0	1383.0	1735.0	2232.0	1138.0	1083.0	4798.0	871.0	1024.0	1095.0	1179.0	1290.0	1153.0	1035.0	979.0	1012.0	1357.0	1150.0	1680.0	1217.0	1123.0	1246.0	1393.0	1398.0	1348.0	1441.0	1531.0	1417.0	1336.0	1546.0	1538.0	1763.0	12881.0	8418.0	5978.0	21156.0	2439.0	2220.0	3318.0	124404.0	100422.0	121272.0	142544.0	175400.0	90935.0	155939.0	694265.0
NS.2150.TSP0072---TSP200X.BS_122_R2	1431.0	1077.0	1624.0	1855.0	930.0	617.0	645.0	726.0	573.0	715.0	706.0	1802.0	2603.0	803.0	946.0	781.0	1899.0	982.0	1176.0	930.0	910.0	1007.0	849.0	1016.0	990.0	1065.0	1128.0	1085.0	872.0	953.0	994.0	1245.0	12768.0	8109.0	5447.0	21098.0	2066.0	1846.0	2308.0	124315.0	98116.0	124599.0	141962.0	177255.0	88634.0	160591.0	692481.0
NS.2150.TSP0073---TSP200X.BS_123_R1	3277.0	2892.0	3138.0	3490.0	2393.0	2119.0	11230.0	1862.0	2149.0	2365.0	2502.0	2575.0	2381.0	2073.0	2027.0	2083.0	2899.0	2555.0	3373.0	2844.0	2313.0	2548.0	2688.0	2597.0	2806.0	3034.0	3023.0	2954.0	2886.0	3282.0	3064.0	3560.0	33764.0	19193.0	16158.0	54530.0	4608.0	4512.0	6376.0	248845.0	239311.0	251788.0	303593.0	371084.0	215058.0	279892.0	1291178.0
NS.2150.TSP0073---TSP200X.BS_123_R2	2792.0	2318.0	2545.0	2583.0	1789.0	1518.0	1422.0	1499.0	1225.0	1550.0	2137.0	4819.0	2838.0	1452.0	2023.0	1788.0	3652.0	2051.0	2352.0	2240.0	1911.0	2078.0	1815.0	1835.0	1978.0	2073.0	2159.0	2245.0	1949.0	1970.0	2198.0	2577.0	33855.0	18661.0	15245.0	54910.0	4196.0	4023.0	4282.0	249261.0	234791.0	260576.0	303454.0	375525.0	212090.0	297450.0	1271842.0
NS.2150.TSP0074---TSP200X.BS_124_R1	625.0	504.0	629.0	920.0	382.0	350.0	1762.0	292.0	342.0	352.0	409.0	418.0	376.0	329.0	320.0	351.0	491.0	387.0	605.0	778.0	395.0	425.0	461.0	565.0	496.0	480.0	530.0	688.0	456.0	581.0	499.0	580.0	4787.0	2144.0	2414.0	7866.0	763.0	803.0	1134.0	41995.0	36106.0	38822.0	49742.0	59232.0	33186.0	48825.0	219496.0
NS.2150.TSP0074---TSP200X.BS_124_R2	475.0	356.0	560.0	796.0	267.0	203.0	209.0	210.0	176.0	227.0	195.0	660.0	544.0	227.0	305.0	251.0	582.0	314.0	374.0	653.0	296.0	312.0	277.0	387.0	305.0	335.0	360.0	523.0	300.0	294.0	317.0	364.0	4806.0	1951.0	2151.0	7843.0	618.0	637.0	740.0	42296.0	35521.0	40107.0	49742.0	60113.0	32489.0	49557.0	221261.0
NS.2150.TSP0075---TSP200X.BS_125_R1	1310.0	1074.0	1178.0	1530.0	899.0	941.0	4272.0	749.0	881.0	929.0	949.0	1049.0	961.0	843.0	801.0	800.0	1055.0	983.0	1314.0	1783.0	904.0	963.0	1103.0	1062.0	1131.0	1192.0	1284.0	1538.0	1120.0	1365.0	1226.0	1452.0	12208.0	6512.0	5376.0	18432.0	1840.0	1758.0	2454.0	108126.0	91832.0	101691.0	121075.0	149084.0	93854.0	121496.0	549749.0
NS.2150.TSP0075---TSP200X.BS_125_R2	1248.0	976.0	1268.0	1308.0	750.0	552.0	565.0	599.0	511.0	657.0	1136.0	1882.0	874.0	532.0	750.0	655.0	1344.0	766.0	899.0	1524.0	747.0	840.0	664.0	700.0	813.0	876.0	832.0	1219.0	699.0	824.0	844.0	985.0	12139.0	6465.0	4998.0	18674.0	1579.0	1504.0	1627.0	108184.0	90325.0	103850.0	120111.0	149920.0	92265.0	129521.0	543173.0
NS.2150.TSP0078---TSP200X.BS_128_R1	3836.0	3181.0	3466.0	4158.0	2708.0	2448.0	9154.0	2258.0	2479.0	2801.0	2764.0	3107.0	2927.0	2536.0	2371.0	2468.0	3245.0	3013.0	3842.0	3104.0	2733.0	2925.0	3326.0	3135.0	3413.0	3493.0	3771.0	4115.0	3431.0	3828.0	3636.0	4174.0	38359.0	18032.0	13316.0	53984.0	5651.0	5378.0	7565.0	289320.0	268158.0	282712.0	331475.0	420506.0	254714.0	359685.0	1535038.0
NS.2150.TSP0078---TSP200X.BS_128_R2	3232.0	2415.0	3042.0	3066.0	1949.0	1557.0	1647.0	1654.0	1380.0	1788.0	2196.0	7243.0	2863.0	1493.0	2176.0	1845.0	4289.0	2158.0	2290.0	2273.0	1946.0	2190.0	2003.0	1967.0	2289.0	2416.0	2352.0	3036.0	2087.0	2191.0	2311.0	2829.0	38193.0	17041.0	11673.0	53657.0	4715.0	4320.0	4804.0	292228.0	262945.0	292073.0	329854.0	426770.0	248171.0	370408.0	1533050.0
NS.2150.TSP0079---TSP200X.BS_129_R1	38.0	32.0	31.0	33.0	23.0	22.0	92.0	30.0	20.0	20.0	27.0	29.0	19.0	23.0	28.0	14.0	31.0	18.0	31.0	25.0	21.0	27.0	26.0	19.0	26.0	23.0	30.0	27.0	25.0	27.0	40.0	35.0	271.0	145.0	118.0	354.0	34.0	31.0	51.0	2526.0	2641.0	2562.0	2882.0	4467.0	2310.0	2960.0	13235.0
NS.2150.TSP0079---TSP200X.BS_129_R2	31.0	30.0	28.0	25.0	16.0	9.0	4.0	18.0	10.0	23.0	21.0	45.0	33.0	10.0	25.0	13.0	36.0	16.0	14.0	23.0	22.0	24.0	14.0	17.0	23.0	23.0	18.0	20.0	10.0	18.0	19.0	18.0	264.0	126.0	120.0	344.0	41.0	35.0	30.0	2549.0	2596.0	2649.0	2869.0	4543.0	2286.0	3119.0	13072.0
NS.2150.TSP0080---TSP200X.BS_130_R1	129.0	180.0	135.0	166.0	135.0	85.0	249.0	87.0	74.0	119.0	72.0	112.0	100.0	90.0	89.0	92.0	97.0	92.0	104.0	114.0	135.0	110.0	144.0	124.0	120.0	115.0	150.0	805.0	129.0	113.0	177.0	192.0	522.0	278.0	296.0	774.0	218.0	258.0	238.0	5484.0	6304.0	16339.0	9742.0	17369.0	7713.0	18622.0	85526.0
NS.2150.TSP0080---TSP200X.BS_130_R2	152.0	158.0	122.0	138.0	94.0	85.0	80.0	84.0	68.0	543.0	210.0	282.0	591.0	149.0	311.0	142.0	251.0	97.0	120.0	117.0	105.0	90.0	136.0	102.0	121.0	104.0	122.0	756.0	86.0	78.0	169.0	141.0	510.0	260.0	261.0	778.0	256.0	208.0	202.0	5478.0	6153.0	16130.0	9720.0	17600.0	7696.0	20302.0	81809.0
NS.2150.TSP0081---TSP200X.BS_131_R1	2978.0	2523.0	2827.0	3418.0	2098.0	1959.0	9925.0	2000.0	2065.0	2210.0	2192.0	2453.0	2497.0	2024.0	1931.0	1986.0	2718.0	2638.0	3051.0	2321.0	2218.0	2342.0	2646.0	2637.0	2839.0	2869.0	2894.0	3461.0	2667.0	3121.0	2850.0	3383.0	27626.0	14886.0	14463.0	45458.0	4407.0	4162.0	5955.0	232823.0	212071.0	216575.0	248237.0	339371.0	190018.0	263281.0	1155166.0
NS.2150.TSP0081---TSP200X.BS_131_R2	2188.0	1837.0	2317.0	2600.0	1373.0	1145.0	1181.0	1171.0	949.0	1236.0	1203.0	3377.0	3536.0	1255.0	1520.0	1340.0	3198.0	1673.0	1996.0	1607.0	1495.0	1735.0	1423.0	1649.0	1731.0	1746.0	1850.0	2436.0	1504.0	1659.0	1675.0	2146.0	27668.0	13620.0	13220.0	45974.0	3501.0	3103.0	3581.0	235087.0	208961.0	225941.0	246435.0	344695.0	186146.0	269552.0	1162587.0
NS.2150.TSP0082---TSP200X.BS_132_R1	1447.0	1213.0	1348.0	1715.0	978.0	963.0	5540.0	856.0	898.0	1046.0	1077.0	1085.0	1034.0	947.0	989.0	926.0	1212.0	1164.0	1544.0	1165.0	1027.0	1110.0	1299.0	1279.0	1261.0	1369.0	1291.0	1648.0	1311.0	1582.0	1312.0	1651.0	13403.0	7283.0	6481.0	21241.0	2091.0	2035.0	2963.0	106865.0	89247.0	96583.0	124361.0	148642.0	83118.0	125622.0	540122.0
NS.2150.TSP0082---TSP200X.BS_132_R2	1112.0	771.0	1068.0	1238.0	645.0	537.0	731.0	721.0	454.0	903.0	1079.0	1115.0	1302.0	610.0	697.0	605.0	1488.0	745.0	909.0	729.0	669.0	785.0	715.0	724.0	732.0	880.0	787.0	1138.0	675.0	731.0	822.0	955.0	13349.0	6774.0	5745.0	21222.0	1540.0	1537.0	1693.0	108146.0	88171.0	100443.0	124841.0	151424.0	81009.0	125699.0	547595.0
NS.2150.TSP0083---TSP200X.BS_133_R1	1264.0	1015.0	1196.0	1529.0	787.0	817.0	4840.0	688.0	782.0	869.0	902.0	979.0	935.0	741.0	727.0	854.0	1061.0	922.0	1354.0	1020.0	824.0	942.0	999.0	908.0	1000.0	1033.0	1039.0	1570.0	963.0	1123.0	1058.0	1208.0	9185.0	6437.0	5926.0	20485.0	1732.0	1642.0	2070.0	98711.0	80379.0	88567.0	114933.0	127925.0	73428.0	105160.0	491427.0
NS.2150.TSP0083---TSP200X.BS_133_R2	1043.0	832.0	1127.0	1205.0	659.0	478.0	536.0	533.0	477.0	592.0	504.0	1901.0	916.0	442.0	665.0	523.0	815.0	594.0	880.0	823.0	643.0	771.0	613.0	631.0	681.0	705.0	727.0	1312.0	638.0	674.0	730.0	846.0	9118.0	6131.0	5478.0	20462.0	1403.0	1376.0	1280.0	99151.0	80230.0	91938.0	114868.0	129394.0	71763.0	110943.0	488366.0
NS.2150.TSP0086---TSP200X.BS_136_R1	153.0	219.0	153.0	163.0	160.0	117.0	317.0	123.0	100.0	134.0	99.0	117.0	115.0	131.0	103.0	129.0	117.0	138.0	149.0	135.0	154.0	130.0	181.0	155.0	173.0	142.0	230.0	1117.0	166.0	172.0	232.0	216.0	587.0	389.0	404.0	750.0	291.0	320.0	330.0	5553.0	6656.0	26755.0	18233.0	30033.0	8811.0	22276.0	93070.0
NS.2150.TSP0086---TSP200X.BS_136_R2	132.0	126.0	136.0	116.0	94.0	90.0	89.0	90.0	87.0	119.0	139.0	310.0	691.0	318.0	304.0	116.0	269.0	115.0	154.0	131.0	112.0	114.0	111.0	104.0	157.0	105.0	156.0	1061.0	112.0	124.0	170.0	163.0	516.0	300.0	294.0	740.0	292.0	237.0	203.0	5616.0	6491.0	26270.0	18173.0	30578.0	8575.0	21298.0	93737.0
NS.2150.TSP0088---TSP200X.BS_138_R1	2569.0	2131.0	2371.0	2767.0	1749.0	1724.0	9372.0	1575.0	1549.0	1782.0	1822.0	1909.0	1942.0	1720.0	1619.0	1606.0	2239.0	1898.0	2528.0	2150.0	1826.0	1975.0	2164.0	2265.0	2324.0	2319.0	2433.0	2888.0	2221.0	2500.0	2341.0	2963.0	27258.0	13743.0	11755.0	39227.0	3655.0	3435.0	4879.0	197556.0	167370.0	187454.0	226398.0	280951.0	152904.0	235148.0	1062760.0
NS.2150.TSP0088---TSP200X.BS_138_R2	2093.0	1655.0	2218.0	2094.0	1310.0	1010.0	1137.0	1083.0	935.0	1088.0	1134.0	4316.0	2051.0	1043.0	1394.0	1266.0	2859.0	1289.0	1746.0	1552.0	1368.0	1467.0	1277.0	1486.0	1524.0	1643.0	1709.0	2121.0	1488.0	1429.0	1472.0	1983.0	27334.0	12394.0	10781.0	39093.0	3056.0	2770.0	3207.0	199181.0	164460.0	194149.0	225369.0	284586.0	149838.0	242243.0	1062431.0
NS.2150.TSP0089---TSP200X.BS_139_R1	3088.0	2535.0	3244.0	4259.0	2218.0	2041.0	6006.0	1665.0	1916.0	2083.0	2086.0	2416.0	2244.0	1916.0	1811.0	1850.0	2583.0	2112.0	3002.0	3267.0	2079.0	2242.0	2478.0	2567.0	2632.0	2613.0	2826.0	3511.0	2514.0	3057.0	2710.0	3325.0	25598.0	11568.0	9403.0	34856.0	4338.0	4188.0	6293.0	210462.0	180395.0	199500.0	244081.0	324243.0	180805.0	284514.0	1187514.0
NS.2150.TSP0089---TSP200X.BS_139_R2	2607.0	1846.0	2769.0	3268.0	1497.0	1101.0	1186.0	1204.0	1049.0	2184.0	2175.0	2375.0	3048.0	1315.0	1527.0	1251.0	1911.0	1456.0	1896.0	2511.0	1453.0	1803.0	1428.0	1522.0	1715.0	1627.0	1991.0	2590.0	1490.0	1622.0	1615.0	2134.0	25700.0	10780.0	8126.0	35006.0	3499.0	3282.0	3959.0	212690.0	180351.0	208025.0	244051.0	330078.0	175958.0	303413.0	1171981.0
NS.2150.TSP0090---TSP200X.BS_140_R1	1291.0	1030.0	1269.0	1773.0	878.0	791.0	3834.0	726.0	802.0	803.0	818.0	897.0	906.0	831.0	746.0	826.0	963.0	907.0	1279.0	986.0	828.0	956.0	975.0	993.0	1070.0	1118.0	1145.0	1353.0	1068.0	1266.0	1155.0	1358.0	9966.0	6310.0	4642.0	16812.0	1845.0	1750.0	2539.0	87425.0	77280.0	80637.0	104172.0	126196.0	73801.0	107450.0	466157.0
NS.2150.TSP0090---TSP200X.BS_140_R2	926.0	767.0	1091.0	1373.0	621.0	431.0	589.0	628.0	383.0	739.0	924.0	935.0	1028.0	527.0	617.0	549.0	1144.0	608.0	760.0	605.0	556.0	667.0	549.0	589.0	640.0	658.0	691.0	936.0	544.0	629.0	604.0	782.0	9884.0	5788.0	4038.0	16930.0	1334.0	1120.0	1335.0	88807.0	76363.0	83725.0	104325.0	128576.0	71881.0	109341.0	470355.0
NS.2150.TSP0091---TSP200X.BS_141_R1	2935.0	2393.0	2786.0	3835.0	1948.0	1737.0	8389.0	1527.0	1773.0	1884.0	1977.0	2098.0	1950.0	1678.0	1634.0	1607.0	2239.0	2044.0	2768.0	1979.0	1856.0	2052.0	2223.0	2174.0	2256.0	2290.0	2457.0	2733.0	2270.0	2610.0	2347.0	2791.0	25751.0	12310.0	11368.0	35645.0	3728.0	3405.0	5191.0	207958.0	174418.0	201082.0	222090.0	306022.0	172545.0	247269.0	1062962.0
NS.2150.TSP0091---TSP200X.BS_141_R2	2234.0	1686.0	2628.0	3049.0	1376.0	1054.0	1126.0	1131.0	936.0	1251.0	1146.0	4722.0	2153.0	989.0	1391.0	1318.0	2992.0	1455.0	1600.0	1436.0	1297.0	1539.0	1232.0	1457.0	1570.0	1579.0	1636.0	2055.0	1341.0	1431.0	1434.0	1859.0	25830.0	11397.0	10221.0	35131.0	3069.0	2738.0	3188.0	209798.0	171432.0	208820.0	222266.0	310740.0	169399.0	254354.0	1061964.0
NS.2150.TSP0094---TSP200X.BS_144_R1	1692.0	1457.0	1505.0	2126.0	1133.0	1060.0	5544.0	882.0	972.0	1104.0	1199.0	1323.0	1140.0	1046.0	1062.0	1006.0	1410.0	1247.0	1708.0	1601.0	1252.0	1342.0	1304.0	1331.0	1518.0	1518.0	1645.0	1473.0	1429.0	1655.0	1643.0	1732.0	16940.0	7970.0	8075.0	27200.0	2331.0	2332.0	3004.0	133294.0	108830.0	125108.0	140994.0	175615.0	101917.0	145035.0	633168.0
NS.2150.TSP0094---TSP200X.BS_144_R2	1291.0	970.0	1279.0	1539.0	873.0	605.0	663.0	733.0	594.0	744.0	683.0	2284.0	1151.0	606.0	877.0	726.0	1668.0	955.0	971.0	1139.0	891.0	957.0	731.0	861.0	943.0	1004.0	1021.0	990.0	780.0	821.0	898.0	1028.0	17043.0	7503.0	7453.0	27145.0	1841.0	1673.0	1732.0	134782.0	107074.0	129174.0	140768.0	177829.0	99870.0	143034.0	642736.0
NS.2150.TSP0095---TSP200X.BS_145_R1	2033.0	1724.0	1886.0	2208.0	1487.0	1343.0	6711.0	1191.0	1366.0	1385.0	1503.0	1600.0	1474.0	1393.0	1323.0	1279.0	1779.0	1551.0	2211.0	3739.0	1364.0	1568.0	1699.0	2640.0	1718.0	1848.0	1828.0	2595.0	1723.0	2030.0	1816.0	2166.0	18506.0	9145.0	8137.0	29792.0	3065.0	2727.0	3897.0	145387.0	140672.0	136276.0	171519.0	209754.0	120552.0	174366.0	790960.0
NS.2150.TSP0095---TSP200X.BS_145_R2	1620.0	1290.0	1622.0	1494.0	968.0	714.0	711.0	819.0	691.0	822.0	863.0	3218.0	1268.0	662.0	1077.0	923.0	2127.0	1090.0	1351.0	3199.0	1002.0	1119.0	992.0	2081.0	1142.0	1197.0	1181.0	2033.0	992.0	1140.0	1110.0	1323.0	18553.0	8588.0	7304.0	29854.0	2399.0	2078.0	2361.0	146614.0	138688.0	141500.0	172044.0	212920.0	117754.0	180177.0	794426.0
NS.2150.TSP0096---TSP200X.BS_146_R1	1351.0	1152.0	1472.0	2360.0	973.0	866.0	2892.0	815.0	856.0	1001.0	965.0	1113.0	1076.0	852.0	865.0	875.0	1136.0	995.0	1528.0	1390.0	953.0	1048.0	1179.0	1222.0	1243.0	1256.0	1339.0	1493.0	1252.0	1409.0	1240.0	1558.0	10947.0	6398.0	4992.0	21030.0	2025.0	1930.0	2862.0	90873.0	91940.0	91387.0	117305.0	140106.0	70078.0	120995.0	507728.0
NS.2150.TSP0096---TSP200X.BS_146_R2	1131.0	873.0	1299.0	1911.0	648.0	517.0	491.0	499.0	412.0	568.0	530.0	1476.0	834.0	489.0	678.0	570.0	1479.0	729.0	926.0	1005.0	620.0	735.0	614.0	784.0	747.0	772.0	861.0	1076.0	667.0	687.0	773.0	927.0	10832.0	5930.0	4217.0	20964.0	1566.0	1384.0	1558.0	92087.0	90785.0	94033.0	117643.0	142581.0	67467.0	118247.0	518072.0
NS.2150.TSP0097---TSP200X.BS_147_R1	974.0	883.0	1180.0	2445.0	693.0	571.0	2753.0	567.0	620.0	647.0	631.0	757.0	694.0	609.0	599.0	564.0	816.0	737.0	1068.0	695.0	731.0	783.0	762.0	972.0	871.0	823.0	1015.0	1044.0	744.0	927.0	855.0	1028.0	7927.0	4427.0	4037.0	11478.0	1335.0	1279.0	1878.0	65142.0	61774.0	61209.0	74641.0	104973.0	55053.0	86241.0	382628.0
NS.2150.TSP0097---TSP200X.BS_147_R2	811.0	670.0	1139.0	2179.0	560.0	397.0	414.0	411.0	331.0	461.0	436.0	1666.0	759.0	369.0	515.0	465.0	831.0	596.0	724.0	520.0	523.0	566.0	465.0	718.0	677.0	602.0	685.0	852.0	565.0	632.0	530.0	774.0	7888.0	4237.0	3704.0	11445.0	1106.0	1036.0	1217.0	65626.0	60853.0	63323.0	74079.0	106789.0	53725.0	91103.0	379216.0
NS.2150.TSP0098---TSP200X.BS_148_R1	2179.0	1892.0	2161.0	3063.0	1556.0	1401.0	8036.0	2027.0	1343.0	1524.0	1527.0	1754.0	1620.0	1547.0	1371.0	1329.0	2055.0	1918.0	2218.0	1807.0	1581.0	1741.0	1990.0	2079.0	2221.0	1954.0	2081.0	2317.0	1922.0	2305.0	2035.0	2510.0	21358.0	11807.0	9880.0	30076.0	3087.0	2842.0	4235.0	188603.0	162123.0	166198.0	203625.0	278182.0	158202.0	221889.0	1007495.0
NS.2150.TSP0098---TSP200X.BS_148_R2	2169.0	1734.0	2136.0	2719.0	1380.0	1101.0	1178.0	1181.0	1007.0	1152.0	1209.0	3256.0	3104.0	1197.0	1395.0	1252.0	1932.0	1394.0	1523.0	1450.0	1266.0	1529.0	1279.0	1326.0	1676.0	1499.0	1518.0	1883.0	1308.0	1432.0	1374.0	1995.0	21036.0	10563.0	9204.0	29911.0	2774.0	2511.0	3225.0	189507.0	159404.0	170724.0	201557.0	281953.0	156705.0	240988.0	983153.0
NS.2150.TSP0099---TSP200X.BS_149_R1	1566.0	1361.0	1414.0	1850.0	1076.0	1050.0	6877.0	940.0	1015.0	1138.0	1200.0	1296.0	1275.0	1176.0	1103.0	1097.0	1508.0	1428.0	1856.0	1609.0	1272.0	1335.0	1562.0	1953.0	1491.0	1593.0	1624.0	1860.0	1386.0	1812.0	1528.0	1923.0	18045.0	8884.0	8610.0	28699.0	2443.0	2198.0	3452.0	151550.0	126636.0	124126.0	169103.0	202358.0	111321.0	164994.0	779800.0
NS.2150.TSP0099---TSP200X.BS_149_R2	1511.0	1249.0	1597.0	1584.0	1113.0	800.0	866.0	934.0	798.0	920.0	854.0	2116.0	1175.0	883.0	1472.0	1235.0	1735.0	1145.0	1301.0	1386.0	1017.0	1184.0	980.0	1576.0	1214.0	1292.0	1244.0	1523.0	1051.0	1073.0	1134.0	1433.0	17751.0	8377.0	8095.0	28558.0	2225.0	1984.0	2377.0	151343.0	123927.0	127095.0	167722.0	204021.0	109660.0	176673.0	768378.0
NS.2150.TSP0105---TSP200X.BS_155_R1	1289.0	1132.0	1219.0	1640.0	915.0	848.0	4395.0	857.0	814.0	947.0	931.0	1028.0	991.0	867.0	858.0	809.0	1154.0	1036.0	1463.0	1360.0	897.0	1068.0	1119.0	1127.0	1155.0	1154.0	1281.0	1517.0	1133.0	1359.0	1222.0	1463.0	12381.0	6411.0	5505.0	18984.0	2060.0	1752.0	2503.0	102639.0	90902.0	95808.0	117809.0	145381.0	88562.0	126866.0	587764.0
NS.2150.TSP0105---TSP200X.BS_155_R2	1125.0	927.0	1358.0	1340.0	767.0	551.0	566.0	645.0	571.0	1448.0	966.0	1940.0	877.0	599.0	737.0	624.0	1300.0	772.0	981.0	1085.0	724.0	756.0	688.0	736.0	915.0	878.0	864.0	1154.0	717.0	828.0	779.0	1035.0	12292.0	5857.0	4975.0	18803.0	1651.0	1429.0	1624.0	103049.0	89383.0	98234.0	117317.0	147059.0	86754.0	138879.0	577648.0
NS.2150.TSP0106---TSP200X.BS_156_R1	1493.0	1189.0	1346.0	1884.0	943.0	861.0	4398.0	983.0	891.0	1003.0	1050.0	1145.0	983.0	928.0	879.0	865.0	1141.0	1083.0	1389.0	1149.0	978.0	1067.0	1198.0	1173.0	1226.0	1303.0	1407.0	1441.0	1144.0	1314.0	1250.0	1481.0	13732.0	6524.0	6163.0	20043.0	1900.0	1788.0	2473.0	107032.0	100126.0	100450.0	119382.0	160339.0	93270.0	125982.0	576288.0
NS.2150.TSP0106---TSP200X.BS_156_R2	1154.0	986.0	1265.0	1507.0	787.0	561.0	535.0	557.0	467.0	758.0	1383.0	2014.0	815.0	561.0	741.0	648.0	1131.0	779.0	908.0	772.0	692.0	810.0	685.0	764.0	822.0	868.0	863.0	1222.0	698.0	771.0	826.0	1123.0	13687.0	5961.0	5776.0	19907.0	1655.0	1474.0	1659.0	107902.0	98865.0	103761.0	119126.0	162622.0	91675.0	135886.0	567992.0
NS.2150.TSP0107---TSP200X.BS_157_R1	1712.0	1409.0	1708.0	2771.0	1162.0	1060.0	5342.0	945.0	1125.0	1279.0	1294.0	1348.0	1238.0	1230.0	1113.0	1112.0	1372.0	1326.0	1967.0	2061.0	1217.0	1518.0	1513.0	1608.0	1589.0	1659.0	1674.0	1921.0	1600.0	1788.0	1723.0	1913.0	14552.0	8510.0	7523.0	20707.0	2714.0	2501.0	3474.0	120405.0	101157.0	102302.0	135367.0	177269.0	104710.0	157681.0	680249.0
NS.2150.TSP0107---TSP200X.BS_157_R2	1217.0	972.0	1370.0	2165.0	774.0	596.0	669.0	616.0	583.0	722.0	1057.0	2691.0	1130.0	618.0	891.0	710.0	1439.0	936.0	1123.0	1558.0	833.0	1251.0	886.0	1092.0	995.0	1022.0	969.0	1440.0	855.0	872.0	954.0	1206.0	14377.0	7928.0	6743.0	20591.0	2165.0	1738.0	1966.0	122184.0	100623.0	106046.0	135594.0	180716.0	101944.0	162131.0	683493.0
NS.2150.TSP0113---TSP200X.BS_163_R1	31.0	43.0	37.0	54.0	28.0	20.0	62.0	25.0	17.0	36.0	25.0	32.0	24.0	35.0	20.0	16.0	22.0	29.0	39.0	33.0	23.0	41.0	34.0	32.0	43.0	21.0	33.0	75.0	32.0	22.0	41.0	48.0	201.0	98.0	101.0	214.0	50.0	57.0	77.0	1568.0	1792.0	4324.0	4358.0	6915.0	2007.0	4753.0	16472.0
NS.2150.TSP0113---TSP200X.BS_163_R2	38.0	48.0	43.0	43.0	26.0	17.0	14.0	17.0	15.0	27.0	28.0	79.0	44.0	21.0	23.0	12.0	40.0	31.0	23.0	35.0	17.0	19.0	21.0	34.0	30.0	21.0	18.0	55.0	16.0	25.0	22.0	27.0	183.0	73.0	82.0	209.0	37.0	40.0	46.0	1618.0	1761.0	4257.0	4321.0	7042.0	1969.0	5085.0	16185.0
NS.2150.TSP0114---TSP200X.BS_164_R1	1481.0	1225.0	1746.0	3131.0	934.0	911.0	4656.0	1208.0	825.0	1006.0	1025.0	1165.0	1072.0	877.0	813.0	857.0	1203.0	1107.0	1457.0	1184.0	1004.0	1070.0	1252.0	1294.0	1329.0	1216.0	1326.0	1754.0	1097.0	1391.0	1206.0	1446.0	12093.0	6590.0	5454.0	16651.0	2009.0	1794.0	2492.0	97816.0	94404.0	92700.0	113854.0	166669.0	87476.0	136162.0	621778.0
NS.2150.TSP0114---TSP200X.BS_164_R2	1458.0	1146.0	1901.0	2913.0	848.0	591.0	611.0	648.0	546.0	1011.0	1080.0	2008.0	1045.0	594.0	796.0	680.0	1087.0	861.0	924.0	922.0	740.0	868.0	784.0	792.0	1009.0	890.0	971.0	1429.0	757.0	817.0	858.0	1107.0	11933.0	5893.0	4841.0	16395.0	1773.0	1624.0	1724.0	98728.0	93610.0	95744.0	113283.0	169654.0	86476.0	150519.0	605668.0
NS.2150.TSP0115---TSP200X.BS_165_R1	26.0	12.0	21.0	23.0	17.0	17.0	47.0	20.0	12.0	9.0	17.0	15.0	30.0	12.0	24.0	15.0	17.0	19.0	18.0	20.0	17.0	24.0	16.0	24.0	23.0	18.0	32.0	28.0	20.0	17.0	21.0	23.0	119.0	54.0	67.0	160.0	24.0	33.0	56.0	1205.0	1389.0	1304.0	1519.0	2507.0	1318.0	2080.0	8840.0
NS.2150.TSP0115---TSP200X.BS_165_R2	23.0	14.0	21.0	12.0	13.0	7.0	6.0	11.0	10.0	17.0	18.0	32.0	25.0	15.0	18.0	12.0	26.0	15.0	14.0	8.0	11.0	9.0	8.0	12.0	7.0	8.0	16.0	23.0	2.0	10.0	13.0	18.0	112.0	46.0	59.0	160.0	23.0	22.0	38.0	1230.0	1379.0	1349.0	1516.0	2599.0	1220.0	2180.0	8889.0
NS.2150.TSP0121---TSP200X.BS_171_R1	2042.0	1715.0	2267.0	3178.0	1417.0	1291.0	6108.0	1474.0	1310.0	1459.0	1502.0	1742.0	1498.0	1348.0	1187.0	1241.0	1809.0	1614.0	2164.0	1585.0	1373.0	1611.0	1801.0	1772.0	1920.0	1939.0	2087.0	2944.0	1682.0	1972.0	1801.0	2348.0	18337.0	11026.0	8656.0	26665.0	2790.0	2658.0	3897.0	148118.0	133236.0	136238.0	168035.0	222661.0	126739.0	182068.0	826146.0
NS.2150.TSP0121---TSP200X.BS_171_R2	1728.0	1469.0	2262.0	2662.0	1132.0	790.0	909.0	918.0	765.0	2397.0	1292.0	3109.0	1307.0	825.0	1161.0	983.0	1877.0	1238.0	1436.0	1295.0	1089.0	1349.0	1183.0	1224.0	1406.0	1283.0	1545.0	2400.0	1086.0	1177.0	1258.0	1629.0	18309.0	10476.0	8071.0	26817.0	2371.0	2245.0	2624.0	148780.0	131605.0	141563.0	167238.0	226485.0	124537.0	195283.0	812768.0
NS.2150.TSP0122---TSP200X.BS_172_R1	1241.0	1116.0	1218.0	1651.0	881.0	810.0	4494.0	949.0	809.0	912.0	923.0	1035.0	987.0	835.0	836.0	882.0	1188.0	960.0	1388.0	1093.0	908.0	1016.0	1129.0	1253.0	1197.0	1136.0	1225.0	1631.0	1112.0	1305.0	1198.0	1425.0	12446.0	6160.0	5887.0	19215.0	1743.0	1681.0	2487.0	108528.0	83745.0	81495.0	111715.0	151534.0	81031.0	119864.0	553760.0
NS.2150.TSP0122---TSP200X.BS_172_R2	1108.0	842.0	1208.0	1427.0	689.0	518.0	518.0	613.0	495.0	1405.0	791.0	1737.0	715.0	528.0	712.0	571.0	1176.0	681.0	879.0	791.0	690.0	810.0	720.0	743.0	841.0	772.0	807.0	1288.0	688.0	772.0	752.0	960.0	12434.0	5589.0	5292.0	19000.0	1456.0	1463.0	1718.0	109902.0	82814.0	84601.0	111446.0	153490.0	79208.0	127934.0	547595.0
NS.2150.TSP0123---TSP200X.BS_173_R1	1506.0	1345.0	1403.0	1774.0	1094.0	977.0	5490.0	1112.0	941.0	1154.0	1227.0	1213.0	1143.0	1107.0	1041.0	1045.0	1399.0	1283.0	1713.0	3283.0	1219.0	1398.0	1425.0	1521.0	1465.0	1441.0	1530.0	1841.0	1460.0	1693.0	1532.0	1777.0	13983.0	7730.0	6885.0	21698.0	2775.0	2008.0	3036.0	120795.0	101296.0	104296.0	133869.0	169718.0	100496.0	150286.0	670582.0
NS.2150.TSP0123---TSP200X.BS_173_R2	1349.0	1023.0	1385.0	1444.0	841.0	633.0	644.0	703.0	626.0	1603.0	986.0	1861.0	1199.0	656.0	788.0	734.0	1490.0	891.0	1038.0	2822.0	828.0	1047.0	849.0	951.0	934.0	1023.0	1037.0	1394.0	924.0	1003.0	1025.0	1220.0	13794.0	7152.0	6265.0	21720.0	2295.0	1725.0	2118.0	120296.0	99298.0	106750.0	133215.0	171508.0	97651.0	159110.0	668970.0
NS.2150.TSP0129---TSP200X.BS_179_R1	1294.0	1012.0	1605.0	3063.0	826.0	702.0	3666.0	909.0	690.0	817.0	811.0	950.0	787.0	747.0	732.0	670.0	908.0	960.0	1280.0	1234.0	859.0	923.0	1084.0	1221.0	1096.0	960.0	1120.0	1384.0	946.0	1175.0	962.0	1299.0	10970.0	5169.0	4855.0	15131.0	1672.0	1526.0	2214.0	94297.0	88485.0	91564.0	108188.0	155842.0	83831.0	122512.0	567170.0
NS.2150.TSP0129---TSP200X.BS_179_R2	1357.0	1088.0	1730.0	2885.0	756.0	574.0	603.0	667.0	570.0	751.0	656.0	2278.0	1097.0	576.0	793.0	675.0	1084.0	817.0	968.0	1066.0	694.0	840.0	748.0	923.0	877.0	801.0	878.0	1207.0	683.0	814.0	695.0	1084.0	10817.0	4635.0	4321.0	14968.0	1645.0	1647.0	1781.0	94094.0	86826.0	92938.0	106841.0	157226.0	83148.0	138758.0	547083.0
NS.2150.TSP0130---TSP200X.BS_180_R1	2060.0	1731.0	1851.0	2362.0	1466.0	1255.0	5993.0	1530.0	1331.0	1437.0	1525.0	1704.0	1545.0	1318.0	1271.0	1295.0	1764.0	1423.0	2236.0	1779.0	1512.0	1555.0	1782.0	1955.0	1939.0	1876.0	2068.0	2624.0	1726.0	2134.0	1829.0	2263.0	16940.0	9741.0	8902.0	26298.0	2885.0	2723.0	4151.0	154618.0	135629.0	135591.0	166510.0	219864.0	130640.0	188057.0	842758.0
NS.2150.TSP0130---TSP200X.BS_180_R2	1457.0	1317.0	1654.0	1792.0	996.0	743.0	771.0	794.0	769.0	1945.0	2231.0	1638.0	1087.0	858.0	1011.0	967.0	1821.0	1112.0	1308.0	1258.0	1020.0	1241.0	950.0	1099.0	1364.0	1224.0	1301.0	1986.0	1036.0	1116.0	1169.0	1508.0	16716.0	8883.0	8110.0	26173.0	2310.0	2148.0	2568.0	156868.0	134481.0	141234.0	166292.0	224913.0	128359.0	197532.0	835584.0
NS.2150.TSP0131---TSP200X.BS_181_R1	1483.0	1236.0	1752.0	3725.0	1034.0	973.0	4442.0	954.0	914.0	1023.0	1123.0	1188.0	1062.0	1025.0	954.0	995.0	1267.0	1255.0	1654.0	1197.0	1100.0	1243.0	1289.0	1414.0	1502.0	1343.0	1686.0	1476.0	1309.0	1434.0	1385.0	1730.0	12839.0	6962.0	5599.0	19941.0	2300.0	2124.0	3259.0	102226.0	97495.0	101803.0	119563.0	160534.0	87875.0	141665.0	610329.0
NS.2150.TSP0131---TSP200X.BS_181_R2	1208.0	981.0	1535.0	3306.0	688.0	543.0	591.0	620.0	527.0	645.0	654.0	2419.0	1200.0	617.0	771.0	677.0	1361.0	869.0	1139.0	907.0	780.0	944.0	761.0	996.0	1027.0	944.0	1160.0	1013.0	727.0	865.0	852.0	1226.0	12664.0	6443.0	4945.0	19670.0	1881.0	1685.0	1993.0	103592.0	96522.0	105715.0	119288.0	163388.0	86343.0	144661.0	610897.0
NS.2150.TSP0137---TSP200X.BS_187_R1	2306.0	1968.0	2217.0	2683.0	1695.0	1484.0	8771.0	1346.0	1409.0	1699.0	1858.0	1937.0	1833.0	1633.0	1556.0	1583.0	2160.0	2117.0	2448.0	2586.0	1781.0	1961.0	2195.0	2219.0	2253.0	2209.0	2378.0	2517.0	2026.0	2336.0	2167.0	2606.0	26074.0	13154.0	11494.0	36067.0	3546.0	3093.0	4413.0	197758.0	182581.0	185457.0	240178.0	297113.0	166949.0	254587.0	1214074.0
NS.2150.TSP0137---TSP200X.BS_187_R2	2326.0	1980.0	2354.0	2352.0	1689.0	1198.0	1299.0	1323.0	1083.0	1366.0	1480.0	4275.0	2008.0	1272.0	1536.0	1281.0	2448.0	1608.0	1795.0	2072.0	1465.0	1713.0	1456.0	1530.0	1798.0	1741.0	1854.0	2166.0	1499.0	1614.0	1685.0	2139.0	26125.0	12946.0	10784.0	35935.0	3445.0	3299.0	3432.0	198436.0	178548.0	187565.0	237452.0	298906.0	165509.0	287614.0	1175098.0
NS.2150.TSP0138---TSP200X.BS_188_R1	1372.0	1156.0	1366.0	1627.0	995.0	880.0	3875.0	775.0	856.0	993.0	1055.0	1083.0	1063.0	934.0	813.0	840.0	1089.0	1035.0	1394.0	1251.0	1042.0	1016.0	1152.0	1207.0	1247.0	1220.0	1369.0	1488.0	1131.0	1359.0	1181.0	1485.0	10786.0	5767.0	5558.0	16897.0	1889.0	1884.0	2780.0	98133.0	87774.0	90948.0	114646.0	149656.0	86027.0	127765.0	556150.0
NS.2150.TSP0138---TSP200X.BS_188_R2	1023.0	856.0	1247.0	1291.0	723.0	526.0	494.0	577.0	463.0	619.0	617.0	2238.0	1163.0	570.0	731.0	613.0	1289.0	755.0	793.0	860.0	696.0	800.0	671.0	696.0	823.0	848.0	832.0	1037.0	668.0	705.0	687.0	960.0	10611.0	5246.0	4959.0	16681.0	1483.0	1409.0	1692.0	99236.0	86683.0	94364.0	114067.0	152025.0	83997.0	133689.0	554352.0
NS.2150.TSP0139---TSP200X.BS_189_R1	2480.0	2115.0	2396.0	3216.0	1694.0	1538.0	7664.0	1361.0	1511.0	1680.0	1896.0	2034.0	1892.0	1640.0	1565.0	1550.0	2112.0	2005.0	2582.0	2326.0	1788.0	2007.0	2141.0	2322.0	2341.0	2098.0	2333.0	2702.0	2096.0	2361.0	2270.0	2712.0	18992.0	11336.0	9647.0	30674.0	3643.0	3282.0	4669.0	174486.0	154512.0	153782.0	203044.0	271443.0	155222.0	239719.0	1056517.0
NS.2150.TSP0139---TSP200X.BS_189_R2	1934.0	1735.0	2365.0	2544.0	1337.0	957.0	970.0	1004.0	858.0	1149.0	1174.0	3948.0	3020.0	1077.0	1324.0	1132.0	2408.0	1480.0	1537.0	1774.0	1376.0	1569.0	1285.0	1714.0	1570.0	1596.0	1566.0	2058.0	1347.0	1445.0	1392.0	1885.0	18737.0	10594.0	8626.0	30499.0	3019.0	2706.0	3054.0	175457.0	151598.0	159282.0	202669.0	275041.0	151600.0	255098.0	1047403.0
NS.2150.TSP0145---TSP200X.BS_195_R1	1097.0	824.0	1091.0	1606.0	752.0	628.0	4989.0	576.0	592.0	704.0	799.0	760.0	759.0	695.0	636.0	714.0	885.0	779.0	1630.0	1130.0	772.0	743.0	909.0	979.0	938.0	929.0	1067.0	1362.0	955.0	1095.0	901.0	1275.0	14370.0	7536.0	6948.0	20981.0	1381.0	1221.0	2230.0	103543.0	68943.0	70815.0	97099.0	116181.0	73179.0	91534.0	485870.0
NS.2150.TSP0145---TSP200X.BS_195_R2	1065.0	844.0	1087.0	1389.0	677.0	498.0	520.0	549.0	482.0	583.0	676.0	1520.0	763.0	539.0	714.0	626.0	1109.0	808.0	1211.0	882.0	632.0	732.0	671.0	824.0	776.0	834.0	885.0	1199.0	684.0	693.0	682.0	1043.0	14298.0	7572.0	6717.0	21063.0	1274.0	1370.0	1718.0	102316.0	66856.0	72315.0	95541.0	116284.0	72300.0	104391.0	473324.0
NS.2150.TSP0146---TSP200X.BS_196_R1	1427.0	1113.0	1395.0	2948.0	937.0	888.0	4026.0	868.0	782.0	876.0	1035.0	976.0	969.0	812.0	799.0	799.0	1112.0	981.0	1395.0	1140.0	902.0	991.0	1077.0	1218.0	1162.0	1152.0	1203.0	1640.0	1062.0	1298.0	1123.0	1438.0	13252.0	6851.0	6404.0	19090.0	1726.0	1761.0	2585.0	103007.0	81634.0	87506.0	101809.0	137319.0	71837.0	115395.0	520462.0
NS.2150.TSP0146---TSP200X.BS_196_R2	1083.0	907.0	1207.0	2555.0	697.0	541.0	713.0	732.0	469.0	1492.0	1045.0	1678.0	884.0	496.0	658.0	601.0	1215.0	704.0	926.0	842.0	651.0	824.0	605.0	860.0	766.0	747.0	821.0	1231.0	650.0	727.0	676.0	1011.0	13296.0	6305.0	5989.0	19020.0	1431.0	1354.0	1598.0	103897.0	80665.0	90850.0	101452.0	139570.0	70432.0	123557.0	512998.0
NS.2150.TSP0147---TSP200X.BS_197_R1	2287.0	1964.0	2169.0	3140.0	1577.0	1489.0	8388.0	1373.0	1454.0	1551.0	1655.0	1688.0	1705.0	1445.0	1410.0	1379.0	2016.0	1793.0	2611.0	2342.0	1573.0	1708.0	1924.0	2223.0	2049.0	1912.0	2257.0	3470.0	1941.0	2129.0	2156.0	2419.0	23740.0	13404.0	11226.0	35250.0	3081.0	2872.0	4520.0	183043.0	145737.0	150135.0	189774.0	246248.0	140752.0	205984.0	987525.0
NS.2150.TSP0147---TSP200X.BS_197_R2	1906.0	1583.0	2254.0	2686.0	1305.0	932.0	992.0	1055.0	881.0	1104.0	1454.0	3600.0	1583.0	984.0	1306.0	1150.0	2332.0	1383.0	1823.0	1939.0	1222.0	1475.0	1196.0	1659.0	1509.0	1453.0	1553.0	2885.0	1262.0	1434.0	1505.0	1693.0	23739.0	12583.0	10463.0	34965.0	2642.0	2499.0	3216.0	182917.0	143003.0	155349.0	188826.0	249407.0	138641.0	229257.0	965895.0
NS.2150.TSP0149---TSP200X.BS_199_R1	302.0	210.0	253.0	329.0	186.0	140.0	1075.0	149.0	164.0	174.0	180.0	167.0	157.0	174.0	163.0	162.0	190.0	204.0	324.0	180.0	178.0	192.0	217.0	206.0	229.0	220.0	253.0	465.0	238.0	276.0	233.0	282.0	4356.0	2031.0	1885.0	6676.0	339.0	348.0	474.0	23739.0	14994.0	15760.0	19593.0	25091.0	13083.0	19142.0	88524.0
NS.2150.TSP0149---TSP200X.BS_199_R2	214.0	157.0	191.0	254.0	131.0	75.0	94.0	118.0	76.0	128.0	201.0	251.0	172.0	103.0	130.0	105.0	205.0	130.0	243.0	150.0	126.0	141.0	101.0	128.0	140.0	153.0	150.0	383.0	119.0	112.0	128.0	186.0	4366.0	2027.0	1762.0	6775.0	290.0	260.0	283.0	23877.0	14834.0	16062.0	19590.0	25505.0	12782.0	20000.0	89205.0
NS.2150.TSP0150---TSP200X.BS_202_R1	215.0	205.0	195.0	205.0	175.0	182.0	293.0	139.0	107.0	139.0	136.0	134.0	110.0	162.0	138.0	167.0	152.0	175.0	157.0	189.0	167.0	184.0	170.0	194.0	240.0	229.0	194.0	304.0	204.0	215.0	239.0	235.0	752.0	475.0	482.0	6139.0	247.0	350.0	401.0	30544.0	16341.0	20049.0	26680.0	18069.0	9125.0	22073.0	104052.0
NS.2150.TSP0150---TSP200X.BS_202_R2	349.0	206.0	286.0	206.0	231.0	87.0	134.0	192.0	93.0	180.0	124.0	244.0	297.0	114.0	144.0	121.0	179.0	126.0	122.0	190.0	195.0	203.0	161.0	146.0	189.0	159.0	186.0	275.0	162.0	143.0	179.0	171.0	636.0	397.0	412.0	6088.0	257.0	247.0	304.0	30444.0	15723.0	20001.0	26430.0	18009.0	8569.0	21381.0	104940.0
NS.2150.TSP0151---TSP200X.BS_233_R1	1704.0	1459.0	2072.0	3353.0	1191.0	1131.0	5083.0	1263.0	1074.0	1229.0	1278.0	1445.0	1308.0	1104.0	992.0	1064.0	1464.0	1282.0	1644.0	1361.0	1098.0	1162.0	1469.0	1372.0	1402.0	1482.0	1505.0	1747.0	1421.0	1548.0	1539.0	1786.0	15203.0	9050.0	7573.0	22147.0	2378.0	2191.0	3171.0	121205.0	104635.0	108278.0	125726.0	180088.0	114157.0	158371.0	718903.0
NS.2150.TSP0151---TSP200X.BS_233_R2	1450.0	1162.0	2104.0	2903.0	936.0	615.0	689.0	693.0	609.0	2337.0	1549.0	1413.0	956.0	660.0	852.0	730.0	1705.0	920.0	1086.0	982.0	859.0	919.0	873.0	836.0	938.0	958.0	1029.0	1218.0	826.0	923.0	966.0	1193.0	15080.0	7919.0	6856.0	21967.0	1887.0	1826.0	2020.0	121672.0	102804.0	113707.0	124456.0	183033.0	112004.0	170974.0	709539.0
NS.2150.TSP0152---TSP200X.BS_238_R1	726.0	582.0	771.0	1173.0	479.0	478.0	2848.0	447.0	442.0	479.0	478.0	509.0	493.0	429.0	440.0	460.0	606.0	533.0	695.0	516.0	479.0	508.0	562.0	595.0	513.0	597.0	598.0	754.0	526.0	714.0	569.0	742.0	7099.0	3676.0	3897.0	9311.0	909.0	907.0	1184.0	54865.0	51307.0	50876.0	61708.0	75519.0	46654.0	62445.0	287966.0
NS.2150.TSP0152---TSP200X.BS_238_R2	776.0	590.0	784.0	1028.0	456.0	328.0	384.0	384.0	343.0	903.0	501.0	1027.0	554.0	343.0	435.0	422.0	1001.0	473.0	530.0	496.0	427.0	504.0	381.0	469.0	428.0	497.0	457.0	677.0	432.0	462.0	452.0	571.0	7113.0	3425.0	3688.0	9162.0	912.0	907.0	905.0	54736.0	49805.0	52480.0	60907.0	76301.0	46137.0	67534.0	279677.0
NS.2150.TSP0153---TSP200X.BS_245_R1	1025.0	855.0	1133.0	2872.0	691.0	607.0	3232.0	572.0	634.0	741.0	774.0	804.0	723.0	659.0	639.0	630.0	817.0	744.0	1024.0	994.0	736.0	725.0	831.0	1172.0	841.0	943.0	943.0	1136.0	854.0	963.0	907.0	1155.0	9687.0	5410.0	4391.0	14136.0	1417.0	1336.0	2053.0	84744.0	63301.0	70049.0	85737.0	105795.0	70472.0	96058.0	440725.0
NS.2150.TSP0153---TSP200X.BS_245_R2	900.0	683.0	1014.0	2575.0	557.0	411.0	461.0	487.0	398.0	735.0	747.0	966.0	1117.0	515.0	530.0	478.0	834.0	572.0	750.0	758.0	526.0	571.0	531.0	856.0	609.0	637.0	608.0	840.0	531.0	563.0	552.0	778.0	9620.0	5164.0	4045.0	14070.0	1146.0	1100.0	1310.0	84811.0	62371.0	72234.0	85269.0	107020.0	69176.0	102197.0	436690.0
NS.2150.TSP0155---TSP200X.BS_253_R1	1038.0	805.0	1582.0	2739.0	578.0	589.0	2776.0	652.0	542.0	626.0	642.0	694.0	619.0	575.0	534.0	511.0	767.0	653.0	1093.0	850.0	660.0	674.0	774.0	1031.0	804.0	831.0	869.0	949.0	756.0	1049.0	809.0	983.0	6662.0	4071.0	4281.0	9326.0	1313.0	1288.0	2139.0	65405.0	50680.0	53909.0	71308.0	94292.0	59134.0	83785.0	367018.0
NS.2150.TSP0155---TSP200X.BS_253_R2	978.0	571.0	1474.0	2482.0	478.0	358.0	372.0	377.0	328.0	423.0	424.0	1225.0	1145.0	450.0	485.0	415.0	985.0	554.0	783.0	703.0	475.0	569.0	479.0	785.0	588.0	629.0	642.0	741.0	479.0	674.0	523.0	690.0	6612.0	3494.0	3936.0	9189.0	1051.0	956.0	1606.0	65761.0	49636.0	55666.0	71027.0	95838.0	57942.0	86842.0	365951.0
NS.2150.TSP0157---TSP200X.BS_255_R1	2349.0	1940.0	2700.0	4033.0	1554.0	1363.0	7264.0	1436.0	1355.0	1438.0	1596.0	1762.0	1583.0	1381.0	1336.0	1375.0	1792.0	1563.0	2097.0	1913.0	1436.0	1617.0	1717.0	2041.0	1857.0	1858.0	1917.0	2271.0	1860.0	2174.0	1908.0	2422.0	19148.0	10676.0	9938.0	25959.0	2952.0	2910.0	4342.0	156723.0	126669.0	127975.0	161061.0	218250.0	126146.0	197214.0	860133.0
NS.2150.TSP0157---TSP200X.BS_255_R2	1756.0	1401.0	2210.0	3328.0	989.0	824.0	820.0	818.0	746.0	894.0	810.0	1901.0	2712.0	1069.0	1072.0	939.0	1959.0	1154.0	1367.0	1229.0	960.0	1158.0	997.0	1356.0	1195.0	1185.0	1110.0	1638.0	1031.0	1210.0	1161.0	1585.0	19102.0	9869.0	8999.0	25813.0	2280.0	2331.0	2639.0	158280.0	124855.0	133217.0	160334.0	221804.0	122614.0	210890.0	858433.0
NS.2150.TSP0159---TSP200X.BS_257_R1	2103.0	1753.0	2991.0	3842.0	1451.0	1294.0	6308.0	1475.0	1201.0	1381.0	1419.0	1492.0	1460.0	1296.0	1267.0	1313.0	1678.0	1611.0	2075.0	2282.0	1372.0	1610.0	1772.0	2043.0	1957.0	1829.0	2198.0	2645.0	1727.0	2034.0	1863.0	2504.0	15980.0	9690.0	7759.0	22176.0	2922.0	2900.0	4723.0	129842.0	112316.0	123498.0	142748.0	188947.0	114904.0	179960.0	790873.0
NS.2150.TSP0159---TSP200X.BS_257_R2	1578.0	1164.0	2567.0	3193.0	880.0	744.0	730.0	739.0	646.0	847.0	837.0	2427.0	2153.0	882.0	936.0	855.0	1817.0	1364.0	1342.0	1776.0	950.0	1282.0	985.0	1484.0	1364.0	1263.0	1565.0	2048.0	972.0	1133.0	1201.0	1851.0	15746.0	8367.0	6894.0	22014.0	2292.0	2311.0	3236.0	131352.0	110443.0	127785.0	141977.0	192572.0	111764.0	186146.0	795361.0
NS.2150.TSP0163---TSP200X.BS_261_R1	493.0	394.0	451.0	688.0	339.0	317.0	964.0	251.0	279.0	379.0	380.0	309.0	297.0	349.0	314.0	350.0	367.0	356.0	585.0	305.0	325.0	369.0	428.0	376.0	444.0	518.0	491.0	437.0	448.0	521.0	446.0	564.0	3200.0	1640.0	1523.0	7215.0	685.0	792.0	1074.0	39047.0	24898.0	35543.0	47215.0	45668.0	26562.0	38135.0	159771.0
NS.2150.TSP0163---TSP200X.BS_261_R2	504.0	349.0	438.0	596.0	275.0	231.0	234.0	244.0	193.0	482.0	311.0	506.0	369.0	216.0	409.0	279.0	439.0	287.0	499.0	368.0	318.0	372.0	285.0	257.0	276.0	317.0	331.0	337.0	277.0	301.0	349.0	409.0	3094.0	1400.0	1295.0	7146.0	650.0	657.0	651.0	39419.0	24441.0	35770.0	47480.0	46649.0	26096.0	38397.0	158553.0
NS.2150.TSP0164---TSP200X.BS_262_R2	951.0	713.0	1009.0	1120.0	672.0	532.0	551.0	577.0	512.0	761.0	890.0	1087.0	1019.0	611.0	754.0	635.0	967.0	796.0	866.0	744.0	790.0	826.0	737.0	742.0	848.0	867.0	887.0	1114.0	799.0	855.0	828.0	1006.0	7814.0	4473.0	3314.0	11779.0	1480.0	1404.0	1565.0	64619.0	46886.0	55362.0	64810.0	85619.0	51663.0	88480.0	337242.0
NS.2150.TSP0165---TSP200X.BS_263_R1	1775.0	1522.0	1943.0	2376.0	1343.0	1180.0	5792.0	1113.0	1158.0	1340.0	1355.0	1380.0	1320.0	1120.0	1083.0	1059.0	1499.0	1254.0	1780.0	1322.0	1272.0	1353.0	1469.0	1382.0	1451.0	1650.0	1543.0	2357.0	1503.0	1777.0	1591.0	1991.0	20532.0	9434.0	8491.0	27980.0	2421.0	2440.0	3364.0	138014.0	89331.0	103348.0	138642.0	173437.0	85856.0	154050.0	749967.0
NS.2150.TSP0165---TSP200X.BS_263_R2	1364.0	1136.0	1607.0	1855.0	931.0	659.0	696.0	737.0	650.0	804.0	694.0	2127.0	1902.0	772.0	982.0	816.0	1110.0	851.0	1241.0	944.0	895.0	1108.0	867.0	834.0	948.0	970.0	1009.0	1914.0	824.0	943.0	990.0	1372.0	20741.0	9248.0	7883.0	28424.0	1975.0	2023.0	2022.0	138368.0	89385.0	108708.0	138554.0	175875.0	82586.0	175498.0	732957.0
NS.2150.TSP0166---TSP200X.BS_264_R1	295.0	252.0	261.0	299.0	178.0	162.0	912.0	145.0	164.0	161.0	194.0	225.0	214.0	170.0	178.0	145.0	229.0	207.0	269.0	215.0	217.0	238.0	232.0	230.0	205.0	238.0	212.0	233.0	220.0	275.0	226.0	328.0	3388.0	2056.0	1369.0	5205.0	370.0	293.0	452.0	22408.0	16379.0	18043.0	21462.0	29036.0	17739.0	22878.0	114361.0
NS.2150.TSP0166---TSP200X.BS_264_R2	243.0	240.0	285.0	230.0	158.0	106.0	135.0	160.0	121.0	319.0	148.0	334.0	198.0	114.0	167.0	125.0	239.0	142.0	199.0	186.0	172.0	183.0	172.0	165.0	145.0	171.0	148.0	190.0	129.0	144.0	174.0	232.0	3386.0	2078.0	1274.0	5253.0	315.0	297.0	321.0	22151.0	16125.0	18412.0	21274.0	29276.0	17463.0	24703.0	112537.0
NS.2150.TSP0167---TSP200X.BS_265_R1	1494.0	1269.0	1426.0	1713.0	990.0	987.0	5199.0	829.0	951.0	1037.0	1032.0	1177.0	1079.0	973.0	890.0	963.0	1234.0	1169.0	1736.0	1166.0	1077.0	1137.0	1251.0	1190.0	1281.0	1295.0	1287.0	1277.0	1215.0	1451.0	1334.0	1623.0	16355.0	8168.0	7798.0	24006.0	2042.0	1999.0	2923.0	130885.0	100806.0	102390.0	128248.0	160319.0	103423.0	125892.0	601333.0
NS.2150.TSP0167---TSP200X.BS_265_R2	1223.0	952.0	1379.0	1335.0	778.0	630.0	632.0	628.0	548.0	710.0	687.0	2311.0	1164.0	561.0	828.0	722.0	1544.0	895.0	1095.0	759.0	818.0	919.0	784.0	794.0	903.0	941.0	870.0	920.0	817.0	871.0	822.0	1152.0	16306.0	7669.0	7163.0	23844.0	1692.0	1715.0	1854.0	131222.0	99171.0	105992.0	127886.0	162226.0	101555.0	133804.0	597495.0
NS.2150.TSP0169---TSP200X.BS_267_R1	222.0	189.0	220.0	203.0	176.0	152.0	845.0	148.0	135.0	195.0	160.0	180.0	163.0	159.0	154.0	125.0	200.0	170.0	248.0	203.0	153.0	181.0	180.0	181.0	199.0	180.0	222.0	239.0	180.0	209.0	200.0	251.0	2252.0	1255.0	925.0	3314.0	282.0	268.0	422.0	18490.0	14317.0	15283.0	18885.0	24904.0	14916.0	20784.0	100213.0
NS.2150.TSP0169---TSP200X.BS_267_R2	196.0	167.0	173.0	144.0	111.0	76.0	93.0	111.0	86.0	199.0	160.0	321.0	198.0	134.0	146.0	114.0	241.0	174.0	186.0	147.0	128.0	142.0	117.0	134.0	118.0	126.0	150.0	157.0	104.0	133.0	139.0	188.0	2223.0	1190.0	860.0	3306.0	234.0	250.0	270.0	18587.0	14109.0	15745.0	18705.0	25324.0	14638.0	23064.0	98285.0
NS.2150.TSP0173---TSP200X.BS_271_R1	95.0	4664.0	65.0	65.0	47.0	34.0	234.0	68.0	30.0	47.0	44.0	46.0	38.0	29.0	37.0	43.0	58.0	35.0	50.0	61.0	42.0	48.0	50.0	52.0	60.0	54.0	50.0	69.0	60.0	65.0	60.0	85.0	801.0	484.0	361.0	1318.0	68.0	66.0	110.0	4896.0	4505.0	3846.0	5040.0	7133.0	3548.0	5396.0	25643.0
NS.2150.TSP0173---TSP200X.BS_271_R2	99.0	4641.0	57.0	53.0	48.0	18.0	33.0	26.0	27.0	38.0	40.0	66.0	59.0	32.0	36.0	36.0	53.0	34.0	37.0	42.0	33.0	27.0	26.0	41.0	40.0	36.0	53.0	55.0	41.0	39.0	34.0	58.0	798.0	507.0	343.0	1361.0	83.0	60.0	57.0	4855.0	4440.0	3904.0	4985.0	7249.0	3521.0	5905.0	25123.0
NS.2150.TSP0174---TSP200X.BS_272_R1	1415.0	1186.0	1899.0	3379.0	1041.0	866.0	4721.0	781.0	916.0	1002.0	994.0	1066.0	1038.0	916.0	852.0	880.0	1144.0	1082.0	1267.0	1219.0	1006.0	1064.0	1167.0	1380.0	1175.0	1300.0	1340.0	1705.0	1207.0	1369.0	1256.0	1585.0	12181.0	6491.0	5766.0	16511.0	1928.0	1916.0	3158.0	106853.0	92584.0	99590.0	106985.0	147219.0	96472.0	128692.0	582700.0
NS.2150.TSP0174---TSP200X.BS_272_R2	1343.0	990.0	1815.0	2933.0	738.0	588.0	608.0	652.0	593.0	1407.0	815.0	1485.0	1514.0	564.0	754.0	665.0	1424.0	732.0	902.0	945.0	749.0	801.0	690.0	1041.0	710.0	1005.0	926.0	1235.0	684.0	731.0	812.0	1105.0	12029.0	5906.0	5117.0	16319.0	1558.0	1538.0	1997.0	107376.0	91305.0	103624.0	106300.0	149494.0	94510.0	138550.0	574302.0
NS.2150.TSP0177---TSP200X.BS_275_R2	1172.0	973.0	1344.0	1009.0	861.0	573.0	644.0	616.0	545.0	1010.0	1011.0	1411.0	895.0	621.0	869.0	735.0	1957.0	999.0	1045.0	879.0	779.0	939.0	777.0	845.0	818.0	988.0	934.0	1590.0	828.0	851.0	884.0	1198.0	14236.0	8408.0	6208.0	31708.0	1722.0	1700.0	1806.0	165664.0	109495.0	134484.0	164442.0	170472.0	98532.0	125785.0	589751.0
NS.2150.TSP0178---TSP200X.BS_276_R1	949.0	739.0	907.0	821.0	559.0	549.0	3824.0	526.0	529.0	639.0	681.0	631.0	586.0	578.0	555.0	602.0	686.0	702.0	1114.0	742.0	649.0	681.0	751.0	755.0	790.0	883.0	879.0	1471.0	871.0	950.0	862.0	1087.0	13205.0	6289.0	5243.0	18292.0	1138.0	1164.0	1672.0	87730.0	59296.0	65218.0	82241.0	94007.0	53619.0	65864.0	314891.0
NS.2150.TSP0178---TSP200X.BS_276_R2	665.0	474.0	706.0	631.0	432.0	296.0	333.0	351.0	321.0	390.0	461.0	1060.0	518.0	353.0	496.0	364.0	859.0	487.0	615.0	439.0	440.0	512.0	421.0	453.0	450.0	569.0	505.0	1193.0	472.0	503.0	508.0	673.0	13347.0	6218.0	4897.0	18684.0	834.0	892.0	1032.0	88336.0	58414.0	66176.0	82525.0	95032.0	52453.0	68611.0	318091.0
