	16.0	17.0	18.0	19.0	20.0	21.0	22.0	23.0	24.0	25.0	26.0	27.0	28.0	29.0	30.0	31.0	32.0	33.0	34.0	35.0	36.0	37.0
NS.2150.TSP0001---TSP200X.BS_006_R1	1.0	3.0	0.0	15.0	34.0	84.0	238.0	620.0	1306.0	2106.0	2928.0	4405.0	6771.0	10203.0	16544.0	24789.0	33299.0	49317.0	93601.0	244873.0	373970.0	2943.0
	12.0	13.0	14.0	15.0	16.0	17.0	18.0	19.0	20.0	21.0	22.0	23.0	24.0	25.0	26.0	27.0	28.0	29.0	30.0	31.0	32.0	33.0	34.0	35.0	36.0	37.0
NS.2150.TSP0001---TSP200X.BS_006_R2	5.0	29.0	55.0	80.0	76.0	136.0	145.0	244.0	403.0	720.0	1065.0	1660.0	2175.0	2736.0	3140.0	4181.0	5657.0	7828.0	12349.0	18413.0	26157.0	40687.0	77535.0	198558.0	443923.0	12700.0
	16.0	17.0	18.0	19.0	20.0	21.0	22.0	23.0	24.0	25.0	26.0	27.0	28.0	29.0	30.0	31.0	32.0	33.0	34.0	35.0	36.0	37.0
NS.2150.TSP0002---TSP200X.BS_008_R1	1.0	2.0	3.0	22.0	36.0	98.0	305.0	754.0	1461.0	2281.0	3214.0	4749.0	7246.0	10954.0	17705.0	26508.0	37860.0	61204.0	122954.0	276437.0	239545.0	1386.0
	6.0	7.0	8.0	9.0	10.0	11.0	12.0	13.0	14.0	15.0	16.0	17.0	18.0	19.0	20.0	21.0	22.0	23.0	24.0	25.0	26.0	27.0	28.0	29.0	30.0	31.0	32.0	33.0	34.0	35.0	36.0	37.0
NS.2150.TSP0002---TSP200X.BS_008_R2	1.0	0.0	1.0	0.0	0.0	1.0	1.0	29.0	55.0	52.0	80.0	104.0	157.0	247.0	394.0	712.0	1124.0	1539.0	1965.0	2483.0	2834.0	3739.0	5148.0	7296.0	11688.0	17460.0	26031.0	43794.0	85699.0	209252.0	378664.0	8337.0
	17.0	18.0	19.0	20.0	21.0	22.0	23.0	24.0	25.0	26.0	27.0	28.0	29.0	30.0	31.0	32.0	33.0	34.0	35.0	36.0	37.0
NS.2150.TSP0003---TSP200X.BS_014_R1	7.0	17.0	35.0	88.0	257.0	692.0	1769.0	3855.0	6285.0	8584.0	12813.0	19783.0	29651.0	47295.0	70768.0	95316.0	143408.0	278266.0	732944.0	1048188.0	7472.0
	5.0	6.0	7.0	8.0	9.0	10.0	11.0	12.0	13.0	14.0	15.0	16.0	17.0	18.0	19.0	20.0	21.0	22.0	23.0	24.0	25.0	26.0	27.0	28.0	29.0	30.0	31.0	32.0	33.0	34.0	35.0	36.0	37.0
NS.2150.TSP0003---TSP200X.BS_014_R2	2.0	0.0	0.0	0.0	2.0	0.0	4.0	22.0	103.0	147.0	171.0	244.0	351.0	470.0	797.0	1244.0	2113.0	3387.0	4837.0	6182.0	7360.0	8789.0	11519.0	15197.0	21365.0	33664.0	50886.0	72304.0	114358.0	218485.0	574601.0	1306336.0	33122.0
	17.0	18.0	19.0	20.0	21.0	22.0	23.0	24.0	25.0	26.0	27.0	28.0	29.0	30.0	31.0	32.0	33.0	34.0	35.0	36.0	37.0
NS.2150.TSP0004---TSP200X.BS_026_R1	2.0	4.0	9.0	26.0	70.0	187.0	470.0	1083.0	1667.0	2409.0	3615.0	5657.0	8469.0	13456.0	20554.0	28524.0	43348.0	84176.0	210605.0	249174.0	1635.0
	8.0	9.0	10.0	11.0	12.0	13.0	14.0	15.0	16.0	17.0	18.0	19.0	20.0	21.0	22.0	23.0	24.0	25.0	26.0	27.0	28.0	29.0	30.0	31.0	32.0	33.0	34.0	35.0	36.0	37.0
NS.2150.TSP0004---TSP200X.BS_026_R2	1.0	0.0	0.0	1.0	6.0	16.0	42.0	58.0	61.0	95.0	116.0	185.0	337.0	560.0	796.0	1184.0	1467.0	1834.0	2102.0	2776.0	3803.0	5449.0	8443.0	12828.0	18850.0	29768.0	57129.0	150237.0	361947.0	10561.0
	18.0	19.0	20.0	21.0	22.0	23.0	24.0	25.0	26.0	27.0	28.0	29.0	30.0	31.0	32.0	33.0	34.0	35.0	36.0	37.0
NS.2150.TSP0005---TSP200X.BS_027_R1	5.0	15.0	23.0	77.0	201.0	560.0	1210.0	2014.0	2727.0	4242.0	6676.0	10108.0	16083.0	24418.0	34139.0	52525.0	105125.0	257225.0	291148.0	1859.0
	11.0	12.0	13.0	14.0	15.0	16.0	17.0	18.0	19.0	20.0	21.0	22.0	23.0	24.0	25.0	26.0	27.0	28.0	29.0	30.0	31.0	32.0	33.0	34.0	35.0	36.0	37.0
NS.2150.TSP0005---TSP200X.BS_027_R2	1.0	7.0	40.0	53.0	67.0	82.0	113.0	164.0	242.0	370.0	657.0	1071.0	1530.0	2048.0	2372.0	2808.0	3696.0	5108.0	7043.0	11255.0	16867.0	24359.0	39012.0	74335.0	192205.0	407997.0	10476.0
	17.0	18.0	19.0	20.0	21.0	22.0	23.0	24.0	25.0	26.0	27.0	28.0	29.0	30.0	31.0	32.0	33.0	34.0	35.0	36.0	37.0
NS.2150.TSP0006---TSP200X.BS_028_R1	2.0	6.0	16.0	54.0	167.0	429.0	1067.0	2188.0	3356.0	4647.0	6894.0	10486.0	15710.0	25661.0	38976.0	54245.0	85805.0	170139.0	395122.0	364713.0	1974.0
	6.0	7.0	8.0	9.0	10.0	11.0	12.0	13.0	14.0	15.0	16.0	17.0	18.0	19.0	20.0	21.0	22.0	23.0	24.0	25.0	26.0	27.0	28.0	29.0	30.0	31.0	32.0	33.0	34.0	35.0	36.0	37.0
NS.2150.TSP0006---TSP200X.BS_028_R2	1.0	0.0	0.0	0.0	0.0	2.0	5.0	43.0	82.0	120.0	128.0	177.0	244.0	418.0	670.0	1092.0	1698.0	2528.0	3531.0	4264.0	5391.0	7024.0	9282.0	12757.0	20676.0	31279.0	46775.0	76860.0	147603.0	323098.0	464853.0	9119.0
	20.0	21.0	22.0	23.0	24.0	25.0	26.0	27.0	28.0	29.0	30.0	31.0	32.0	33.0	34.0	35.0	36.0	37.0
NS.2150.TSP0007---TSP200X.BS_029_R1	1.0	2.0	4.0	15.0	29.0	58.0	57.0	100.0	158.0	211.0	371.0	546.0	763.0	1135.0	2152.0	5741.0	6084.0	10.0
	12.0	13.0	14.0	15.0	16.0	17.0	18.0	19.0	20.0	21.0	22.0	23.0	24.0	25.0	26.0	27.0	28.0	29.0	30.0	31.0	32.0	33.0	34.0	35.0	36.0	37.0
NS.2150.TSP0007---TSP200X.BS_029_R2	1.0	0.0	0.0	0.0	0.0	2.0	2.0	6.0	9.0	15.0	15.0	33.0	49.0	57.0	65.0	82.0	107.0	168.0	229.0	336.0	521.0	833.0	1599.0	3868.0	9180.0	194.0
	19.0	20.0	21.0	22.0	23.0	24.0	25.0	26.0	27.0	28.0	29.0	30.0	31.0	32.0	33.0	34.0	35.0	36.0	37.0
NS.2150.TSP0008---TSP200X.BS_031_R1	1.0	4.0	11.0	26.0	70.0	215.0	251.0	381.0	555.0	835.0	1308.0	2104.0	3233.0	4316.0	6662.0	12654.0	32407.0	43209.0	289.0
	13.0	14.0	15.0	16.0	17.0	18.0	19.0	20.0	21.0	22.0	23.0	24.0	25.0	26.0	27.0	28.0	29.0	30.0	31.0	32.0	33.0	34.0	35.0	36.0	37.0
NS.2150.TSP0008---TSP200X.BS_031_R2	1.0	7.0	10.0	12.0	13.0	21.0	40.0	53.0	108.0	157.0	197.0	288.0	352.0	420.0	521.0	680.0	978.0	1557.0	2301.0	3307.0	5356.0	10455.0	26316.0	53221.0	1350.0
	15.0	16.0	17.0	18.0	19.0	20.0	21.0	22.0	23.0	24.0	25.0	26.0	27.0	28.0	29.0	30.0	31.0	32.0	33.0	34.0	35.0	36.0	37.0
NS.2150.TSP0009---TSP200X.BS_033_R1	1.0	0.0	1.0	9.0	25.0	69.0	152.0	466.0	1166.0	2674.0	4083.0	5760.0	8877.0	13332.0	20522.0	32905.0	50479.0	70602.0	111361.0	223548.0	535684.0	551378.0	2988.0
	7.0	8.0	9.0	10.0	11.0	12.0	13.0	14.0	15.0	16.0	17.0	18.0	19.0	20.0	21.0	22.0	23.0	24.0	25.0	26.0	27.0	28.0	29.0	30.0	31.0	32.0	33.0	34.0	35.0	36.0	37.0
NS.2150.TSP0009---TSP200X.BS_033_R2	1.0	0.0	1.0	2.0	0.0	14.0	54.0	108.0	130.0	147.0	232.0	310.0	482.0	852.0	1405.0	2105.0	2933.0	3730.0	4291.0	5067.0	6473.0	8683.0	12222.0	19896.0	30556.0	44678.0	72963.0	140583.0	375484.0	870888.0	21929.0
	15.0	16.0	17.0	18.0	19.0	20.0	21.0	22.0	23.0	24.0	25.0	26.0	27.0	28.0	29.0	30.0	31.0	32.0	33.0	34.0	35.0	36.0	37.0
NS.2150.TSP0010---TSP200X.BS_034_R1	1.0	2.0	2.0	10.0	44.0	74.0	248.0	613.0	1521.0	3028.0	4987.0	6669.0	9910.0	14831.0	22470.0	35220.0	53027.0	69984.0	100571.0	187298.0	507112.0	844084.0	7674.0
	5.0	6.0	7.0	8.0	9.0	10.0	11.0	12.0	13.0	14.0	15.0	16.0	17.0	18.0	19.0	20.0	21.0	22.0	23.0	24.0	25.0	26.0	27.0	28.0	29.0	30.0	31.0	32.0	33.0	34.0	35.0	36.0	37.0
NS.2150.TSP0010---TSP200X.BS_034_R2	1.0	0.0	0.0	0.0	0.0	0.0	1.0	14.0	61.0	140.0	151.0	203.0	245.0	415.0	585.0	986.0	1695.0	2691.0	4120.0	5119.0	6354.0	7465.0	9511.0	12883.0	17523.0	26812.0	39945.0	56728.0	87996.0	162860.0	417590.0	964065.0	26556.0
	17.0	18.0	19.0	20.0	21.0	22.0	23.0	24.0	25.0	26.0	27.0	28.0	29.0	30.0	31.0	32.0	33.0	34.0	35.0	36.0	37.0
NS.2150.TSP0011---TSP200X.BS_036_R1	1.0	2.0	10.0	32.0	74.0	230.0	570.0	1126.0	1877.0	2538.0	3642.0	5693.0	8727.0	14134.0	20995.0	30147.0	46930.0	93288.0	224404.0	224492.0	1610.0
	12.0	13.0	14.0	15.0	16.0	17.0	18.0	19.0	20.0	21.0	22.0	23.0	24.0	25.0	26.0	27.0	28.0	29.0	30.0	31.0	32.0	33.0	34.0	35.0	36.0	37.0
NS.2150.TSP0011---TSP200X.BS_036_R2	7.0	21.0	41.0	59.0	66.0	77.0	122.0	170.0	323.0	572.0	764.0	1105.0	1502.0	1668.0	1909.0	2411.0	3375.0	4783.0	7926.0	12122.0	17613.0	28530.0	54846.0	147796.0	378577.0	10980.0
	17.0	18.0	19.0	20.0	21.0	22.0	23.0	24.0	25.0	26.0	27.0	28.0	29.0	30.0	31.0	32.0	33.0	34.0	35.0	36.0	37.0
NS.2150.TSP0012---TSP200X.BS_038_R1	1.0	15.0	27.0	61.0	144.0	377.0	1128.0	2306.0	3501.0	4906.0	7269.0	10947.0	17139.0	27368.0	42136.0	60781.0	98802.0	200083.0	435491.0	364213.0	1846.0
	9.0	10.0	11.0	12.0	13.0	14.0	15.0	16.0	17.0	18.0	19.0	20.0	21.0	22.0	23.0	24.0	25.0	26.0	27.0	28.0	29.0	30.0	31.0	32.0	33.0	34.0	35.0	36.0	37.0
NS.2150.TSP0012---TSP200X.BS_038_R2	1.0	0.0	1.0	8.0	24.0	80.0	103.0	131.0	192.0	271.0	365.0	711.0	1355.0	1798.0	2366.0	2895.0	3199.0	3591.0	4648.0	6205.0	8904.0	14207.0	22053.0	33090.0	54729.0	108109.0	291748.0	693013.0	18093.0
	15.0	16.0	17.0	18.0	19.0	20.0	21.0	22.0	23.0	24.0	25.0	26.0	27.0	28.0	29.0	30.0	31.0	32.0	33.0	34.0	35.0	36.0	37.0
NS.2150.TSP0013---TSP200X.BS_040_R1	1.0	1.0	3.0	1.0	19.0	50.0	137.0	389.0	955.0	2004.0	3208.0	4349.0	6541.0	9962.0	15099.0	24245.0	36521.0	50679.0	77692.0	150933.0	383207.0	457507.0	2821.0
	6.0	7.0	8.0	9.0	10.0	11.0	12.0	13.0	14.0	15.0	16.0	17.0	18.0	19.0	20.0	21.0	22.0	23.0	24.0	25.0	26.0	27.0	28.0	29.0	30.0	31.0	32.0	33.0	34.0	35.0	36.0	37.0
NS.2150.TSP0013---TSP200X.BS_040_R2	1.0	0.0	0.0	0.0	0.0	1.0	14.0	42.0	79.0	101.0	112.0	166.0	272.0	401.0	626.0	1166.0	1739.0	2413.0	3020.0	3322.0	3948.0	5105.0	6859.0	9643.0	15090.0	23000.0	33499.0	53643.0	102906.0	272848.0	659354.0	18254.0
	16.0	17.0	18.0	19.0	20.0	21.0	22.0	23.0	24.0	25.0	26.0	27.0	28.0	29.0	30.0	31.0	32.0	33.0	34.0	35.0	36.0	37.0
NS.2150.TSP0014---TSP200X.BS_042_R1	1.0	0.0	2.0	5.0	23.0	54.0	135.0	372.0	715.0	1139.0	1660.0	2491.0	3763.0	5584.0	8977.0	13464.0	18953.0	30136.0	60336.0	139051.0	141573.0	1533.0
	12.0	13.0	14.0	15.0	16.0	17.0	18.0	19.0	20.0	21.0	22.0	23.0	24.0	25.0	26.0	27.0	28.0	29.0	30.0	31.0	32.0	33.0	34.0	35.0	36.0	37.0
NS.2150.TSP0014---TSP200X.BS_042_R2	3.0	18.0	41.0	58.0	41.0	77.0	95.0	153.0	258.0	377.0	609.0	908.0	1016.0	1162.0	1376.0	1655.0	2258.0	3081.0	5098.0	7740.0	11281.0	18358.0	34908.0	93715.0	233920.0	9308.0
	17.0	18.0	19.0	20.0	21.0	22.0	23.0	24.0	25.0	26.0	27.0	28.0	29.0	30.0	31.0	32.0	33.0	34.0	35.0	36.0	37.0
NS.2150.TSP0015---TSP200X.BS_043_R1	4.0	4.0	9.0	39.0	99.0	256.0	664.0	1323.0	2120.0	3036.0	4483.0	7039.0	10587.0	16810.0	25623.0	36135.0	56690.0	114986.0	277588.0	281863.0	1597.0
	9.0	10.0	11.0	12.0	13.0	14.0	15.0	16.0	17.0	18.0	19.0	20.0	21.0	22.0	23.0	24.0	25.0	26.0	27.0	28.0	29.0	30.0	31.0	32.0	33.0	34.0	35.0	36.0	37.0
NS.2150.TSP0015---TSP200X.BS_043_R2	1.0	0.0	0.0	4.0	38.0	49.0	69.0	90.0	114.0	159.0	249.0	415.0	702.0	1042.0	1527.0	1938.0	2154.0	2519.0	3227.0	4245.0	6029.0	9606.0	14399.0	21406.0	35490.0	69107.0	187239.0	460352.0	13846.0
	16.0	17.0	18.0	19.0	20.0	21.0	22.0	23.0	24.0	25.0	26.0	27.0	28.0	29.0	30.0	31.0	32.0	33.0	34.0	35.0	36.0	37.0
NS.2150.TSP0016---TSP200X.BS_044_R1	3.0	6.0	15.0	36.0	92.0	316.0	781.0	1878.0	3819.0	6003.0	8205.0	12582.0	19144.0	29428.0	48652.0	76929.0	115873.0	198960.0	402929.0	706771.0	403129.0	2102.0
	5.0	6.0	7.0	8.0	9.0	10.0	11.0	12.0	13.0	14.0	15.0	16.0	17.0	18.0	19.0	20.0	21.0	22.0	23.0	24.0	25.0	26.0	27.0	28.0	29.0	30.0	31.0	32.0	33.0	34.0	35.0	36.0	37.0
NS.2150.TSP0016---TSP200X.BS_044_R2	1.0	1.0	1.0	1.0	0.0	1.0	4.0	18.0	81.0	145.0	200.0	232.0	285.0	432.0	655.0	1108.0	2013.0	2846.0	3974.0	5176.0	6236.0	7372.0	9917.0	13845.0	19912.0	32250.0	51245.0	79794.0	138827.0	272525.0	577541.0	779403.0	16508.0
	17.0	18.0	19.0	20.0	21.0	22.0	23.0	24.0	25.0	26.0	27.0	28.0	29.0	30.0	31.0	32.0	33.0	34.0	35.0	36.0	37.0
NS.2150.TSP0017---TSP200X.BS_049_R1	1.0	3.0	6.0	15.0	41.0	143.0	357.0	761.0	1196.0	1645.0	2463.0	3893.0	5758.0	9478.0	14517.0	20721.0	32947.0	65901.0	147675.0	127139.0	392.0
	11.0	12.0	13.0	14.0	15.0	16.0	17.0	18.0	19.0	20.0	21.0	22.0	23.0	24.0	25.0	26.0	27.0	28.0	29.0	30.0	31.0	32.0	33.0	34.0	35.0	36.0	37.0
NS.2150.TSP0017---TSP200X.BS_049_R2	1.0	1.0	23.0	21.0	35.0	63.0	59.0	101.0	175.0	271.0	400.0	607.0	848.0	1118.0	1215.0	1348.0	1755.0	2276.0	3075.0	4942.0	7733.0	11877.0	19928.0	39037.0	103956.0	225763.0	6038.0
	17.0	18.0	19.0	20.0	21.0	22.0	23.0	24.0	25.0	26.0	27.0	28.0	29.0	30.0	31.0	32.0	33.0	34.0	35.0	36.0	37.0
NS.2150.TSP0018---TSP200X.BS_050_R1	4.0	10.0	22.0	54.0	135.0	393.0	913.0	2043.0	3205.0	4586.0	7133.0	11069.0	16712.0	26594.0	40844.0	58101.0	94533.0	189877.0	414625.0	344783.0	2091.0
	6.0	7.0	8.0	9.0	10.0	11.0	12.0	13.0	14.0	15.0	16.0	17.0	18.0	19.0	20.0	21.0	22.0	23.0	24.0	25.0	26.0	27.0	28.0	29.0	30.0	31.0	32.0	33.0	34.0	35.0	36.0	37.0
NS.2150.TSP0018---TSP200X.BS_050_R2	1.0	0.0	0.0	0.0	1.0	0.0	6.0	34.0	85.0	111.0	112.0	146.0	204.0	354.0	553.0	907.0	1567.0	2196.0	2715.0	2993.0	3483.0	4466.0	6043.0	8580.0	14196.0	21905.0	32613.0	54103.0	105984.0	281445.0	649854.0	16568.0
	17.0	18.0	19.0	20.0	21.0	22.0	23.0	24.0	25.0	26.0	27.0	28.0	29.0	30.0	31.0	32.0	33.0	34.0	35.0	36.0	37.0
NS.2150.TSP0019---TSP200X.BS_051_R1	1.0	1.0	4.0	4.0	11.0	62.0	150.0	310.0	566.0	781.0	1319.0	2005.0	3030.0	4669.0	7113.0	10004.0	15802.0	32389.0	81364.0	75816.0	224.0
	8.0	9.0	10.0	11.0	12.0	13.0	14.0	15.0	16.0	17.0	18.0	19.0	20.0	21.0	22.0	23.0	24.0	25.0	26.0	27.0	28.0	29.0	30.0	31.0	32.0	33.0	34.0	35.0	36.0	37.0
NS.2150.TSP0019---TSP200X.BS_051_R2	1.0	0.0	0.0	0.0	0.0	6.0	15.0	19.0	13.0	27.0	38.0	55.0	102.0	204.0	293.0	393.0	507.0	585.0	705.0	915.0	1334.0	1869.0	2985.0	4469.0	6588.0	10937.0	20389.0	52158.0	126751.0	2978.0
	17.0	18.0	19.0	20.0	21.0	22.0	23.0	24.0	25.0	26.0	27.0	28.0	29.0	30.0	31.0	32.0	33.0	34.0	35.0	36.0	37.0
NS.2150.TSP0020---TSP200X.BS_052_R1	1.0	6.0	21.0	45.0	152.0	352.0	1018.0	2231.0	3658.0	5115.0	7987.0	12239.0	18388.0	29773.0	46161.0	66572.0	108191.0	217052.0	479653.0	401231.0	1668.0
	11.0	12.0	13.0	14.0	15.0	16.0	17.0	18.0	19.0	20.0	21.0	22.0	23.0	24.0	25.0	26.0	27.0	28.0	29.0	30.0	31.0	32.0	33.0	34.0	35.0	36.0	37.0
NS.2150.TSP0020---TSP200X.BS_052_R2	1.0	13.0	52.0	82.0	127.0	133.0	181.0	253.0	380.0	750.0	1186.0	1713.0	2287.0	2828.0	3254.0	3847.0	5114.0	6805.0	9820.0	16015.0	24930.0	37245.0	61765.0	120358.0	318845.0	756744.0	19755.0
	15.0	16.0	17.0	18.0	19.0	20.0	21.0	22.0	23.0	24.0	25.0	26.0	27.0	28.0	29.0	30.0	31.0	32.0	33.0	34.0	35.0	36.0	37.0
NS.2150.TSP0021---TSP200X.BS_053_R1	1.0	1.0	7.0	14.0	37.0	129.0	363.0	983.0	2575.0	5410.0	8677.0	12298.0	18601.0	28739.0	44050.0	70890.0	108391.0	154486.0	249665.0	509115.0	1133130.0	953591.0	3956.0
	7.0	8.0	9.0	10.0	11.0	12.0	13.0	14.0	15.0	16.0	17.0	18.0	19.0	20.0	21.0	22.0	23.0	24.0	25.0	26.0	27.0	28.0	29.0	30.0	31.0	32.0	33.0	34.0	35.0	36.0	37.0
NS.2150.TSP0021---TSP200X.BS_053_R2	1.0	0.0	0.0	1.0	2.0	26.0	120.0	183.0	242.0	315.0	424.0	566.0	893.0	1486.0	2540.0	3733.0	5483.0	6914.0	8239.0	10062.0	13078.0	17972.0	25543.0	41417.0	63553.0	94466.0	157006.0	311654.0	811403.0	1669807.0	39478.0
	14.0	15.0	16.0	17.0	18.0	19.0	20.0	21.0	22.0	23.0	24.0	25.0	26.0	27.0	28.0	29.0	30.0	31.0	32.0	33.0	34.0	35.0	36.0	37.0
NS.2150.TSP0022---TSP200X.BS_054_R1	1.0	0.0	1.0	6.0	7.0	35.0	92.0	268.0	818.0	1935.0	4013.0	6366.0	8679.0	12780.0	19955.0	29197.0	46883.0	71554.0	98303.0	153658.0	306281.0	736616.0	781353.0	4598.0
	11.0	12.0	13.0	14.0	15.0	16.0	17.0	18.0	19.0	20.0	21.0	22.0	23.0	24.0	25.0	26.0	27.0	28.0	29.0	30.0	31.0	32.0	33.0	34.0	35.0	36.0	37.0
NS.2150.TSP0022---TSP200X.BS_054_R2	1.0	21.0	99.0	166.0	198.0	253.0	352.0	457.0	743.0	1185.0	1945.0	2870.0	3983.0	5041.0	5876.0	6764.0	8714.0	11928.0	16851.0	27097.0	41533.0	61216.0	98645.0	190780.0	510488.0	1237942.0	33936.0
	16.0	17.0	18.0	19.0	20.0	21.0	22.0	23.0	24.0	25.0	26.0	27.0	28.0	29.0	30.0	31.0	32.0	33.0	34.0	35.0	36.0	37.0
NS.2150.TSP0023---TSP200X.BS_055_R1	1.0	5.0	11.0	22.0	96.0	262.0	758.0	1997.0	4282.0	6950.0	9357.0	13638.0	20564.0	31298.0	49720.0	76094.0	106356.0	165742.0	332138.0	809938.0	845688.0	4283.0
	6.0	7.0	8.0	9.0	10.0	11.0	12.0	13.0	14.0	15.0	16.0	17.0	18.0	19.0	20.0	21.0	22.0	23.0	24.0	25.0	26.0	27.0	28.0	29.0	30.0	31.0	32.0	33.0	34.0	35.0	36.0	37.0
NS.2150.TSP0023---TSP200X.BS_055_R2	1.0	0.0	0.0	4.0	0.0	1.0	25.0	100.0	170.0	242.0	261.0	408.0	513.0	749.0	1348.0	2327.0	3285.0	4525.0	5486.0	6355.0	7376.0	9483.0	12840.0	18001.0	29354.0	44274.0	64993.0	105133.0	205340.0	551794.0	1351632.0	37207.0
	16.0	17.0	18.0	19.0	20.0	21.0	22.0	23.0	24.0	25.0	26.0	27.0	28.0	29.0	30.0	31.0	32.0	33.0	34.0	35.0	36.0	37.0
NS.2150.TSP0024---TSP200X.BS_056_R1	1.0	2.0	15.0	29.0	75.0	229.0	635.0	1491.0	3202.0	5322.0	6933.0	10535.0	15949.0	23816.0	37509.0	56817.0	77962.0	120309.0	236865.0	593726.0	727482.0	4617.0
	7.0	8.0	9.0	10.0	11.0	12.0	13.0	14.0	15.0	16.0	17.0	18.0	19.0	20.0	21.0	22.0	23.0	24.0	25.0	26.0	27.0	28.0	29.0	30.0	31.0	32.0	33.0	34.0	35.0	36.0	37.0
NS.2150.TSP0024---TSP200X.BS_056_R2	1.0	0.0	0.0	0.0	3.0	17.0	74.0	119.0	160.0	201.0	251.0	364.0	560.0	1034.0	1874.0	2634.0	3775.0	4825.0	5705.0	6458.0	8692.0	11480.0	16418.0	25559.0	38512.0	55392.0	88730.0	167869.0	439688.0	1003806.0	24542.0
	16.0	17.0	18.0	19.0	20.0	21.0	22.0	23.0	24.0	25.0	26.0	27.0	28.0	29.0	30.0	31.0	32.0	33.0	34.0	35.0	36.0	37.0
NS.2150.TSP0025---TSP200X.BS_058_R1	2.0	2.0	21.0	34.0	101.0	311.0	907.0	2194.0	4754.0	7542.0	10160.0	15071.0	22742.0	34645.0	55167.0	84629.0	117202.0	181483.0	362263.0	892563.0	981653.0	5130.0
	7.0	8.0	9.0	10.0	11.0	12.0	13.0	14.0	15.0	16.0	17.0	18.0	19.0	20.0	21.0	22.0	23.0	24.0	25.0	26.0	27.0	28.0	29.0	30.0	31.0	32.0	33.0	34.0	35.0	36.0	37.0
NS.2150.TSP0025---TSP200X.BS_058_R2	1.0	0.0	0.0	0.0	1.0	23.0	105.0	163.0	234.0	304.0	423.0	527.0	820.0	1431.0	2298.0	3565.0	5135.0	6260.0	6962.0	8132.0	10325.0	13904.0	19861.0	32289.0	49620.0	72696.0	117041.0	226037.0	609195.0	1533093.0	41933.0
	16.0	17.0	18.0	19.0	20.0	21.0	22.0	23.0	24.0	25.0	26.0	27.0	28.0	29.0	30.0	31.0	32.0	33.0	34.0	35.0	36.0	37.0
NS.2150.TSP0026---TSP200X.BS_059_R1	1.0	5.0	7.0	43.0	89.0	247.0	753.0	1801.0	3676.0	5865.0	8103.0	11857.0	18323.0	27261.0	44125.0	67686.0	94945.0	150581.0	302148.0	699473.0	654989.0	3315.0
	11.0	12.0	13.0	14.0	15.0	16.0	17.0	18.0	19.0	20.0	21.0	22.0	23.0	24.0	25.0	26.0	27.0	28.0	29.0	30.0	31.0	32.0	33.0	34.0	35.0	36.0	37.0
NS.2150.TSP0026---TSP200X.BS_059_R2	1.0	21.0	92.0	122.0	176.0	226.0	282.0	433.0	643.0	1035.0	1745.0	2734.0	3824.0	4733.0	5291.0	5982.0	7669.0	10292.0	14600.0	23672.0	37311.0	55285.0	91041.0	177255.0	475074.0	1134371.0	29549.0
	15.0	16.0	17.0	18.0	19.0	20.0	21.0	22.0	23.0	24.0	25.0	26.0	27.0	28.0	29.0	30.0	31.0	32.0	33.0	34.0	35.0	36.0	37.0
NS.2150.TSP0027---TSP200X.BS_063_R1	1.0	0.0	5.0	11.0	33.0	58.0	148.0	492.0	1374.0	2957.0	4904.0	7201.0	11135.0	16840.0	25285.0	40542.0	61333.0	85017.0	132249.0	266970.0	638106.0	611966.0	2146.0
	6.0	7.0	8.0	9.0	10.0	11.0	12.0	13.0	14.0	15.0	16.0	17.0	18.0	19.0	20.0	21.0	22.0	23.0	24.0	25.0	26.0	27.0	28.0	29.0	30.0	31.0	32.0	33.0	34.0	35.0	36.0	37.0
NS.2150.TSP0027---TSP200X.BS_063_R2	1.0	0.0	0.0	0.0	0.0	1.0	18.0	76.0	117.0	191.0	219.0	273.0	431.0	667.0	1028.0	1712.0	2481.0	3751.0	4642.0	5147.0	5915.0	7558.0	10229.0	14356.0	23156.0	35964.0	53725.0	87465.0	168822.0	440959.0	1002722.0	25090.0
	17.0	18.0	19.0	20.0	21.0	22.0	23.0	24.0	25.0	26.0	27.0	28.0	29.0	30.0	31.0	32.0	33.0	34.0	35.0	36.0	37.0
NS.2150.TSP0028---TSP200X.BS_066_R1	8.0	14.0	26.0	95.0	285.0	908.0	2105.0	4560.0	7627.0	10968.0	16080.0	24606.0	36957.0	59178.0	87843.0	118084.0	169007.0	303269.0	809695.0	1817928.0	20635.0
	4.0	5.0	6.0	7.0	8.0	9.0	10.0	11.0	12.0	13.0	14.0	15.0	16.0	17.0	18.0	19.0	20.0	21.0	22.0	23.0	24.0	25.0	26.0	27.0	28.0	29.0	30.0	31.0	32.0	33.0	34.0	35.0	36.0	37.0
NS.2150.TSP0028---TSP200X.BS_066_R2	1.0	0.0	0.0	1.0	2.0	2.0	1.0	4.0	23.0	139.0	265.0	361.0	409.0	556.0	823.0	1223.0	1959.0	3323.0	5391.0	8468.0	11600.0	14999.0	17962.0	23001.0	29768.0	39804.0	60235.0	86989.0	119235.0	183812.0	336626.0	818393.0	1640589.0	35021.0
	16.0	17.0	18.0	19.0	20.0	21.0	22.0	23.0	24.0	25.0	26.0	27.0	28.0	29.0	30.0	31.0	32.0	33.0	34.0	35.0	36.0	37.0
NS.2150.TSP0029---TSP200X.BS_068_R1	1.0	1.0	3.0	9.0	11.0	42.0	131.0	331.0	737.0	1227.0	1646.0	2678.0	4175.0	6435.0	10389.0	16002.0	22465.0	36418.0	72889.0	169546.0	154513.0	322.0
	6.0	7.0	8.0	9.0	10.0	11.0	12.0	13.0	14.0	15.0	16.0	17.0	18.0	19.0	20.0	21.0	22.0	23.0	24.0	25.0	26.0	27.0	28.0	29.0	30.0	31.0	32.0	33.0	34.0	35.0	36.0	37.0
NS.2150.TSP0029---TSP200X.BS_068_R2	1.0	0.0	0.0	0.0	1.0	1.0	4.0	14.0	19.0	34.0	27.0	44.0	70.0	133.0	214.0	399.0	651.0	997.0	1218.0	1472.0	1671.0	2316.0	3129.0	4386.0	7298.0	10784.0	15527.0	25059.0	46802.0	116304.0	253239.0	5235.0
	15.0	16.0	17.0	18.0	19.0	20.0	21.0	22.0	23.0	24.0	25.0	26.0	27.0	28.0	29.0	30.0	31.0	32.0	33.0	34.0	35.0	36.0	37.0
NS.2150.TSP0030---TSP200X.BS_069_R1	1.0	1.0	2.0	17.0	32.0	89.0	302.0	704.0	1781.0	3809.0	6235.0	8427.0	12628.0	19187.0	28984.0	46328.0	71098.0	99090.0	158373.0	320498.0	752679.0	715399.0	4410.0
	5.0	6.0	7.0	8.0	9.0	10.0	11.0	12.0	13.0	14.0	15.0	16.0	17.0	18.0	19.0	20.0	21.0	22.0	23.0	24.0	25.0	26.0	27.0	28.0	29.0	30.0	31.0	32.0	33.0	34.0	35.0	36.0	37.0
NS.2150.TSP0030---TSP200X.BS_069_R2	1.0	0.0	1.0	0.0	0.0	0.0	2.0	20.0	105.0	183.0	206.0	267.0	328.0	484.0	679.0	1127.0	1855.0	2987.0	4047.0	5059.0	5790.0	6763.0	8578.0	11472.0	16140.0	25736.0	39697.0	59150.0	97654.0	191198.0	514521.0	1209997.0	32768.0
	15.0	16.0	17.0	18.0	19.0	20.0	21.0	22.0	23.0	24.0	25.0	26.0	27.0	28.0	29.0	30.0	31.0	32.0	33.0	34.0	35.0	36.0	37.0
NS.2150.TSP0031---TSP200X.BS_072_R1	1.0	4.0	7.0	18.0	67.0	142.0	450.0	1351.0	3266.0	6291.0	9844.0	13149.0	19165.0	29077.0	44402.0	72384.0	111139.0	156028.0	244197.0	477858.0	1145450.0	1257955.0	6670.0
	10.0	11.0	12.0	13.0	14.0	15.0	16.0	17.0	18.0	19.0	20.0	21.0	22.0	23.0	24.0	25.0	26.0	27.0	28.0	29.0	30.0	31.0	32.0	33.0	34.0	35.0	36.0	37.0
NS.2150.TSP0031---TSP200X.BS_072_R2	2.0	2.0	36.0	138.0	242.0	334.0	391.0	516.0	780.0	1162.0	1947.0	3373.0	5113.0	7142.0	8812.0	9933.0	11651.0	14861.0	19764.0	28358.0	45346.0	68746.0	99933.0	162374.0	313632.0	818942.0	1898868.0	50785.0
	17.0	18.0	19.0	20.0	21.0	22.0	23.0	24.0	25.0	26.0	27.0	28.0	29.0	30.0	31.0	32.0	33.0	34.0	35.0	36.0	37.0
NS.2150.TSP0032---TSP200X.BS_073_R1	5.0	11.0	37.0	82.0	265.0	756.0	2001.0	4362.0	6797.0	9532.0	14135.0	21093.0	31541.0	50731.0	77289.0	108258.0	171682.0	345129.0	830669.0	836020.0	4953.0
	5.0	6.0	7.0	8.0	9.0	10.0	11.0	12.0	13.0	14.0	15.0	16.0	17.0	18.0	19.0	20.0	21.0	22.0	23.0	24.0	25.0	26.0	27.0	28.0	29.0	30.0	31.0	32.0	33.0	34.0	35.0	36.0	37.0
NS.2150.TSP0032---TSP200X.BS_073_R2	1.0	0.0	0.0	1.0	1.0	0.0	1.0	18.0	93.0	166.0	220.0	274.0	352.0	477.0	815.0	1295.0	2263.0	3427.0	4677.0	5958.0	6574.0	7559.0	9540.0	12766.0	18155.0	29251.0	44611.0	66264.0	108888.0	211386.0	569072.0	1359104.0	36673.0
	15.0	16.0	17.0	18.0	19.0	20.0	21.0	22.0	23.0	24.0	25.0	26.0	27.0	28.0	29.0	30.0	31.0	32.0	33.0	34.0	35.0	36.0	37.0
NS.2150.TSP0033---TSP200X.BS_074_R1	2.0	0.0	4.0	7.0	38.0	83.0	264.0	752.0	1989.0	3984.0	6538.0	8756.0	13069.0	19850.0	29931.0	46988.0	71038.0	98107.0	150342.0	297105.0	744615.0	881212.0	5158.0
	5.0	6.0	7.0	8.0	9.0	10.0	11.0	12.0	13.0	14.0	15.0	16.0	17.0	18.0	19.0	20.0	21.0	22.0	23.0	24.0	25.0	26.0	27.0	28.0	29.0	30.0	31.0	32.0	33.0	34.0	35.0	36.0	37.0
NS.2150.TSP0033---TSP200X.BS_074_R2	1.0	0.0	0.0	0.0	0.0	0.0	0.0	21.0	98.0	164.0	220.0	236.0	351.0	473.0	767.0	1171.0	2054.0	3300.0	4784.0	6023.0	6961.0	8123.0	10415.0	14381.0	19718.0	31042.0	46724.0	67712.0	108950.0	210162.0	549745.0	1236896.0	31882.0
	18.0	19.0	20.0	21.0	22.0	23.0	24.0	25.0	26.0	27.0	28.0	29.0	30.0	31.0	32.0	33.0	34.0	35.0	36.0	37.0
NS.2150.TSP0034---TSP200X.BS_078_R1	1.0	5.0	14.0	26.0	61.0	248.0	571.0	916.0	1307.0	2014.0	3152.0	4736.0	7540.0	11395.0	15493.0	23537.0	47213.0	123899.0	138858.0	390.0
	5.0	6.0	7.0	8.0	9.0	10.0	11.0	12.0	13.0	14.0	15.0	16.0	17.0	18.0	19.0	20.0	21.0	22.0	23.0	24.0	25.0	26.0	27.0	28.0	29.0	30.0	31.0	32.0	33.0	34.0	35.0	36.0	37.0
NS.2150.TSP0034---TSP200X.BS_078_R2	1.0	0.0	0.0	0.0	0.0	0.0	1.0	3.0	21.0	35.0	33.0	58.0	58.0	90.0	113.0	174.0	340.0	522.0	736.0	904.0	1061.0	1356.0	1826.0	2468.0	3401.0	5205.0	7516.0	11120.0	17622.0	32296.0	82192.0	204376.0	4969.0
	20.0	21.0	22.0	23.0	24.0	25.0	26.0	27.0	28.0	29.0	30.0	31.0	32.0	33.0	34.0	35.0	36.0	37.0
NS.2150.TSP0035---TSP200X.BS_079_R1	4.0	2.0	15.0	33.0	74.0	82.0	136.0	205.0	287.0	460.0	775.0	1199.0	1582.0	2458.0	4910.0	11451.0	10438.0	118.0
	15.0	16.0	17.0	18.0	19.0	20.0	21.0	22.0	23.0	24.0	25.0	26.0	27.0	28.0	29.0	30.0	31.0	32.0	33.0	34.0	35.0	36.0	37.0
NS.2150.TSP0035---TSP200X.BS_079_R2	4.0	3.0	1.0	3.0	7.0	9.0	37.0	41.0	62.0	74.0	79.0	98.0	146.0	168.0	244.0	400.0	665.0	954.0	1494.0	2997.0	7851.0	18128.0	644.0
	17.0	18.0	19.0	20.0	21.0	22.0	23.0	24.0	25.0	26.0	27.0	28.0	29.0	30.0	31.0	32.0	33.0	34.0	35.0	36.0	37.0
NS.2150.TSP0036---TSP200X.BS_081_R1	1.0	0.0	2.0	2.0	4.0	14.0	24.0	49.0	83.0	119.0	187.0	270.0	409.0	623.0	959.0	1472.0	2226.0	4409.0	10411.0	9148.0	48.0
	13.0	14.0	15.0	16.0	17.0	18.0	19.0	20.0	21.0	22.0	23.0	24.0	25.0	26.0	27.0	28.0	29.0	30.0	31.0	32.0	33.0	34.0	35.0	36.0	37.0
NS.2150.TSP0036---TSP200X.BS_081_R2	1.0	1.0	3.0	6.0	4.0	4.0	7.0	11.0	22.0	38.0	58.0	69.0	74.0	72.0	122.0	170.0	238.0	338.0	566.0	898.0	1454.0	2661.0	7043.0	16125.0	329.0
	15.0	16.0	17.0	18.0	19.0	20.0	21.0	22.0	23.0	24.0	25.0	26.0	27.0	28.0	29.0	30.0	31.0	32.0	33.0	34.0	35.0	36.0	37.0
NS.2150.TSP0037---TSP200X.BS_083_R1	2.0	3.0	3.0	16.0	52.0	111.0	335.0	1000.0	2451.0	5015.0	7978.0	11252.0	17114.0	26311.0	39731.0	63287.0	94919.0	129940.0	198831.0	388588.0	979109.0	1200765.0	7921.0
	4.0	5.0	6.0	7.0	8.0	9.0	10.0	11.0	12.0	13.0	14.0	15.0	16.0	17.0	18.0	19.0	20.0	21.0	22.0	23.0	24.0	25.0	26.0	27.0	28.0	29.0	30.0	31.0	32.0	33.0	34.0	35.0	36.0	37.0
NS.2150.TSP0037---TSP200X.BS_083_R2	2.0	0.0	1.0	0.0	0.0	1.0	1.0	0.0	35.0	121.0	215.0	256.0	303.0	381.0	664.0	945.0	1594.0	2673.0	4393.0	6060.0	7995.0	9198.0	10926.0	14324.0	19028.0	26775.0	42765.0	64147.0	93751.0	149511.0	285185.0	738272.0	1630099.0	40840.0
	17.0	18.0	19.0	20.0	21.0	22.0	23.0	24.0	25.0	26.0	27.0	28.0	29.0	30.0	31.0	32.0	33.0	34.0	35.0	36.0	37.0
NS.2150.TSP0038---TSP200X.BS_085_R1	2.0	10.0	12.0	55.0	125.0	360.0	990.0	2122.0	3390.0	4459.0	6767.0	10352.0	15230.0	24559.0	36998.0	50543.0	76430.0	149123.0	382870.0	469373.0	3023.0
	6.0	7.0	8.0	9.0	10.0	11.0	12.0	13.0	14.0	15.0	16.0	17.0	18.0	19.0	20.0	21.0	22.0	23.0	24.0	25.0	26.0	27.0	28.0	29.0	30.0	31.0	32.0	33.0	34.0	35.0	36.0	37.0
NS.2150.TSP0038---TSP200X.BS_085_R2	1.0	1.0	0.0	0.0	0.0	0.0	11.0	42.0	92.0	123.0	144.0	195.0	267.0	396.0	771.0	1274.0	1928.0	2540.0	3092.0	3708.0	4349.0	5412.0	7291.0	10329.0	16190.0	24962.0	36523.0	58464.0	109263.0	278414.0	641676.0	19533.0
	15.0	16.0	17.0	18.0	19.0	20.0	21.0	22.0	23.0	24.0	25.0	26.0	27.0	28.0	29.0	30.0	31.0	32.0	33.0	34.0	35.0	36.0	37.0
NS.2150.TSP0039---TSP200X.BS_086_R1	1.0	2.0	12.0	21.0	58.0	154.0	449.0	1232.0	2967.0	6020.0	9443.0	13068.0	18927.0	28593.0	42616.0	68533.0	102963.0	142679.0	219439.0	437179.0	1069069.0	1166164.0	6953.0
	4.0	5.0	6.0	7.0	8.0	9.0	10.0	11.0	12.0	13.0	14.0	15.0	16.0	17.0	18.0	19.0	20.0	21.0	22.0	23.0	24.0	25.0	26.0	27.0	28.0	29.0	30.0	31.0	32.0	33.0	34.0	35.0	36.0	37.0
NS.2150.TSP0039---TSP200X.BS_086_R2	1.0	1.0	2.0	1.0	0.0	1.0	1.0	4.0	38.0	128.0	279.0	300.0	400.0	557.0	804.0	1149.0	1868.0	2776.0	4390.0	6509.0	7947.0	9251.0	10876.0	13888.0	19013.0	26694.0	42343.0	64255.0	93474.0	150960.0	290520.0	759321.0	1756985.0	47587.0
	18.0	19.0	20.0	21.0	22.0	23.0	24.0	25.0	26.0	27.0	28.0	29.0	30.0	31.0	32.0	33.0	34.0	35.0	36.0	37.0
NS.2150.TSP0040---TSP200X.BS_087_R1	3.0	11.0	20.0	49.0	133.0	323.0	688.0	1089.0	1704.0	2485.0	3816.0	5446.0	8696.0	13388.0	18445.0	28454.0	57416.0	137104.0	126114.0	517.0
	7.0	8.0	9.0	10.0	11.0	12.0	13.0	14.0	15.0	16.0	17.0	18.0	19.0	20.0	21.0	22.0	23.0	24.0	25.0	26.0	27.0	28.0	29.0	30.0	31.0	32.0	33.0	34.0	35.0	36.0	37.0
NS.2150.TSP0040---TSP200X.BS_087_R2	1.0	0.0	0.0	0.0	0.0	5.0	21.0	37.0	35.0	68.0	89.0	125.0	192.0	301.0	464.0	667.0	795.0	997.0	1117.0	1264.0	1644.0	2039.0	2907.0	4906.0	7418.0	11299.0	18535.0	36126.0	94010.0	211546.0	6844.0
	17.0	18.0	19.0	20.0	21.0	22.0	23.0	24.0	25.0	26.0	27.0	28.0	29.0	30.0	31.0	32.0	33.0	34.0	35.0	36.0	37.0
NS.2150.TSP0041---TSP200X.BS_088_R1	3.0	2.0	13.0	22.0	82.0	204.0	553.0	1258.0	2016.0	2806.0	4265.0	6586.0	9932.0	15841.0	24478.0	33815.0	53589.0	107613.0	253274.0	239228.0	1433.0
	12.0	13.0	14.0	15.0	16.0	17.0	18.0	19.0	20.0	21.0	22.0	23.0	24.0	25.0	26.0	27.0	28.0	29.0	30.0	31.0	32.0	33.0	34.0	35.0	36.0	37.0
NS.2150.TSP0041---TSP200X.BS_088_R2	7.0	36.0	62.0	77.0	80.0	116.0	155.0	258.0	398.0	637.0	979.0	1481.0	1689.0	1889.0	2098.0	2702.0	3668.0	5183.0	8424.0	13286.0	19648.0	31966.0	63005.0	170119.0	412455.0	12588.0
	16.0	17.0	18.0	19.0	20.0	21.0	22.0	23.0	24.0	25.0	26.0	27.0	28.0	29.0	30.0	31.0	32.0	33.0	34.0	35.0	36.0	37.0
NS.2150.TSP0042---TSP200X.BS_089_R1	4.0	9.0	15.0	59.0	156.0	483.0	1325.0	3225.0	6654.0	10552.0	14034.0	20912.0	32672.0	49566.0	79551.0	121434.0	170952.0	269398.0	537652.0	1244532.0	1185945.0	5827.0
	4.0	5.0	6.0	7.0	8.0	9.0	10.0	11.0	12.0	13.0	14.0	15.0	16.0	17.0	18.0	19.0	20.0	21.0	22.0	23.0	24.0	25.0	26.0	27.0	28.0	29.0	30.0	31.0	32.0	33.0	34.0	35.0	36.0	37.0
NS.2150.TSP0042---TSP200X.BS_089_R2	3.0	0.0	2.0	0.0	0.0	1.0	0.0	6.0	33.0	141.0	246.0	305.0	380.0	519.0	759.0	1116.0	1772.0	3076.0	4972.0	7563.0	9201.0	10629.0	12265.0	15664.0	21347.0	29493.0	47629.0	73697.0	109767.0	181816.0	354605.0	914296.0	1888867.0	39936.0
	15.0	16.0	17.0	18.0	19.0	20.0	21.0	22.0	23.0	24.0	25.0	26.0	27.0	28.0	29.0	30.0	31.0	32.0	33.0	34.0	35.0	36.0	37.0
NS.2150.TSP0043---TSP200X.BS_090_R1	1.0	1.0	10.0	41.0	79.0	217.0	621.0	1636.0	3879.0	8031.0	13093.0	17885.0	26467.0	40406.0	59785.0	95635.0	142522.0	193221.0	290378.0	559641.0	1425171.0	1878137.0	11624.0
	6.0	7.0	8.0	9.0	10.0	11.0	12.0	13.0	14.0	15.0	16.0	17.0	18.0	19.0	20.0	21.0	22.0	23.0	24.0	25.0	26.0	27.0	28.0	29.0	30.0	31.0	32.0	33.0	34.0	35.0	36.0	37.0
NS.2150.TSP0043---TSP200X.BS_090_R2	1.0	0.0	0.0	1.0	1.0	2.0	43.0	163.0	296.0	434.0	494.0	650.0	927.0	1475.0	2502.0	4120.0	6250.0	9331.0	11679.0	13982.0	16728.0	21908.0	29130.0	40812.0	64099.0	95792.0	136550.0	218798.0	412190.0	1081979.0	2503084.0	58394.0
	17.0	18.0	19.0	20.0	21.0	22.0	23.0	24.0	25.0	26.0	27.0	28.0	29.0	30.0	31.0	32.0	33.0	34.0	35.0	36.0	37.0
NS.2150.TSP0044---TSP200X.BS_091_R1	7.0	9.0	44.0	88.0	244.0	743.0	1776.0	3855.0	6363.0	8441.0	12225.0	18689.0	27625.0	44312.0	66391.0	89567.0	133591.0	252805.0	656169.0	955620.0	5829.0
	4.0	5.0	6.0	7.0	8.0	9.0	10.0	11.0	12.0	13.0	14.0	15.0	16.0	17.0	18.0	19.0	20.0	21.0	22.0	23.0	24.0	25.0	26.0	27.0	28.0	29.0	30.0	31.0	32.0	33.0	34.0	35.0	36.0	37.0
NS.2150.TSP0044---TSP200X.BS_091_R2	1.0	0.0	0.0	1.0	1.0	1.0	1.0	3.0	22.0	94.0	160.0	175.0	222.0	337.0	440.0	698.0	1291.0	2268.0	3449.0	4810.0	6278.0	7423.0	8780.0	11068.0	14698.0	20247.0	32159.0	47725.0	69027.0	110003.0	209052.0	530755.0	1157332.0	26945.0
	15.0	16.0	17.0	18.0	19.0	20.0	21.0	22.0	23.0	24.0	25.0	26.0	27.0	28.0	29.0	30.0	31.0	32.0	33.0	34.0	35.0	36.0	37.0
NS.2150.TSP0045---TSP200X.BS_095_R1	1.0	1.0	5.0	23.0	66.0	197.0	563.0	1501.0	3749.0	8014.0	12396.0	16719.0	24621.0	36802.0	55560.0	88732.0	134761.0	186052.0	293320.0	586941.0	1420376.0	1461499.0	7500.0
	5.0	6.0	7.0	8.0	9.0	10.0	11.0	12.0	13.0	14.0	15.0	16.0	17.0	18.0	19.0	20.0	21.0	22.0	23.0	24.0	25.0	26.0	27.0	28.0	29.0	30.0	31.0	32.0	33.0	34.0	35.0	36.0	37.0
NS.2150.TSP0045---TSP200X.BS_095_R2	2.0	1.0	1.0	0.0	1.0	0.0	1.0	41.0	176.0	280.0	391.0	491.0	624.0	849.0	1343.0	2175.0	3742.0	5695.0	8295.0	10745.0	11963.0	13824.0	17214.0	23427.0	32811.0	52237.0	79825.0	117406.0	191697.0	375397.0	992221.0	2305184.0	63151.0
	18.0	19.0	20.0	21.0	22.0	23.0	24.0	25.0	26.0	27.0	28.0	29.0	30.0	31.0	32.0	33.0	34.0	35.0	36.0	37.0
NS.2150.TSP0046---TSP200X.BS_096_R1	1.0	1.0	2.0	9.0	21.0	35.0	66.0	118.0	138.0	265.0	371.0	494.0	838.0	1322.0	1825.0	2915.0	5791.0	13510.0	11399.0	48.0
	14.0	15.0	16.0	17.0	18.0	19.0	20.0	21.0	22.0	23.0	24.0	25.0	26.0	27.0	28.0	29.0	30.0	31.0	32.0	33.0	34.0	35.0	36.0	37.0
NS.2150.TSP0046---TSP200X.BS_096_R2	3.0	2.0	0.0	5.0	9.0	6.0	26.0	30.0	60.0	77.0	104.0	85.0	135.0	142.0	193.0	313.0	446.0	730.0	1072.0	1731.0	3346.0	8887.0	21129.0	493.0
	19.0	20.0	21.0	22.0	23.0	24.0	25.0	26.0	27.0	28.0	29.0	30.0	31.0	32.0	33.0	34.0	35.0	36.0	37.0
NS.2150.TSP0047---TSP200X.BS_097_R1	1.0	0.0	2.0	10.0	16.0	54.0	75.0	96.0	156.0	222.0	357.0	565.0	788.0	1062.0	1569.0	2865.0	7302.0	13108.0	85.0
	13.0	14.0	15.0	16.0	17.0	18.0	19.0	20.0	21.0	22.0	23.0	24.0	25.0	26.0	27.0	28.0	29.0	30.0	31.0	32.0	33.0	34.0	35.0	36.0	37.0
NS.2150.TSP0047---TSP200X.BS_097_R2	1.0	0.0	0.0	1.0	3.0	6.0	11.0	15.0	29.0	49.0	62.0	89.0	94.0	115.0	131.0	197.0	276.0	405.0	599.0	879.0	1369.0	2459.0	6213.0	14792.0	333.0
	14.0	15.0	16.0	17.0	18.0	19.0	20.0	21.0	22.0	23.0	24.0	25.0	26.0	27.0	28.0	29.0	30.0	31.0	32.0	33.0	34.0	35.0	36.0	37.0
NS.2150.TSP0048---TSP200X.BS_098_R1	1.0	1.0	3.0	12.0	23.0	72.0	189.0	587.0	1353.0	3317.0	6558.0	10644.0	15080.0	23327.0	36124.0	55017.0	88352.0	135026.0	192633.0	311626.0	634571.0	1412242.0	1183838.0	7112.0
	7.0	8.0	9.0	10.0	11.0	12.0	13.0	14.0	15.0	16.0	17.0	18.0	19.0	20.0	21.0	22.0	23.0	24.0	25.0	26.0	27.0	28.0	29.0	30.0	31.0	32.0	33.0	34.0	35.0	36.0	37.0
NS.2150.TSP0048---TSP200X.BS_098_R2	1.0	4.0	1.0	1.0	2.0	31.0	180.0	278.0	354.0	415.0	614.0	912.0	1352.0	2466.0	4276.0	6348.0	8940.0	11610.0	13855.0	17260.0	22968.0	30862.0	43470.0	69410.0	105689.0	156213.0	259092.0	502688.0	1148991.0	1641438.0	27350.0
	16.0	17.0	18.0	19.0	20.0	21.0	22.0	23.0	24.0	25.0	26.0	27.0	28.0	29.0	30.0	31.0	32.0	33.0	34.0	35.0	36.0	37.0
NS.2150.TSP0049---TSP200X.BS_099_R1	2.0	2.0	7.0	13.0	35.0	117.0	289.0	751.0	1545.0	2366.0	3632.0	5570.0	8481.0	12833.0	20809.0	32039.0	46014.0	74235.0	149898.0	332193.0	285186.0	1321.0
	11.0	12.0	13.0	14.0	15.0	16.0	17.0	18.0	19.0	20.0	21.0	22.0	23.0	24.0	25.0	26.0	27.0	28.0	29.0	30.0	31.0	32.0	33.0	34.0	35.0	36.0	37.0
NS.2150.TSP0049---TSP200X.BS_099_R2	1.0	9.0	35.0	55.0	81.0	71.0	105.0	158.0	267.0	442.0	756.0	1118.0	1607.0	1963.0	2262.0	2662.0	3440.0	4729.0	6763.0	10995.0	17095.0	25747.0	42580.0	84161.0	223053.0	528486.0	14553.0
	16.0	17.0	18.0	19.0	20.0	21.0	22.0	23.0	24.0	25.0	26.0	27.0	28.0	29.0	30.0	31.0	32.0	33.0	34.0	35.0	36.0	37.0
NS.2150.TSP0050---TSP200X.BS_100_R1	2.0	4.0	10.0	15.0	54.0	184.0	510.0	1257.0	2617.0	4395.0	5904.0	8903.0	13584.0	20718.0	33854.0	51230.0	71271.0	111138.0	219766.0	532556.0	581833.0	2662.0
	7.0	8.0	9.0	10.0	11.0	12.0	13.0	14.0	15.0	16.0	17.0	18.0	19.0	20.0	21.0	22.0	23.0	24.0	25.0	26.0	27.0	28.0	29.0	30.0	31.0	32.0	33.0	34.0	35.0	36.0	37.0
NS.2150.TSP0050---TSP200X.BS_100_R2	1.0	0.0	0.0	0.0	0.0	19.0	55.0	102.0	119.0	129.0	233.0	280.0	458.0	754.0	1309.0	1997.0	2852.0	3513.0	4144.0	4860.0	6193.0	8439.0	11911.0	19184.0	30275.0	44923.0	72351.0	138029.0	366048.0	908282.0	26773.0
	18.0	19.0	20.0	21.0	22.0	23.0	24.0	25.0	26.0	27.0	28.0	29.0	30.0	31.0	32.0	33.0	34.0	35.0	36.0	37.0
NS.2150.TSP0052---TSP200X.BS_102_R1	1.0	0.0	0.0	2.0	11.0	29.0	54.0	88.0	151.0	239.0	292.0	445.0	726.0	1159.0	1543.0	2421.0	4924.0	11608.0	12148.0	44.0
	14.0	15.0	16.0	17.0	18.0	19.0	20.0	21.0	22.0	23.0	24.0	25.0	26.0	27.0	28.0	29.0	30.0	31.0	32.0	33.0	34.0	35.0	36.0	37.0
NS.2150.TSP0052---TSP200X.BS_102_R2	4.0	3.0	2.0	3.0	9.0	8.0	16.0	26.0	40.0	68.0	76.0	85.0	109.0	152.0	186.0	265.0	407.0	671.0	1000.0	1521.0	2939.0	7687.0	20005.0	490.0
	18.0	19.0	20.0	21.0	22.0	23.0	24.0	25.0	26.0	27.0	28.0	29.0	30.0	31.0	32.0	33.0	34.0	35.0	36.0	37.0
NS.2150.TSP0054---TSP200X.BS_104_R1	4.0	3.0	16.0	32.0	109.0	264.0	547.0	951.0	1348.0	2015.0	3112.0	4858.0	7812.0	11618.0	15763.0	23730.0	46919.0	120202.0	135364.0	441.0
	12.0	13.0	14.0	15.0	16.0	17.0	18.0	19.0	20.0	21.0	22.0	23.0	24.0	25.0	26.0	27.0	28.0	29.0	30.0	31.0	32.0	33.0	34.0	35.0	36.0	37.0
NS.2150.TSP0054---TSP200X.BS_104_R2	2.0	18.0	25.0	28.0	29.0	39.0	87.0	92.0	162.0	307.0	499.0	716.0	900.0	1033.0	1283.0	1620.0	2170.0	3056.0	4773.0	7351.0	10621.0	17224.0	32083.0	81507.0	201896.0	5340.0
	16.0	17.0	18.0	19.0	20.0	21.0	22.0	23.0	24.0	25.0	26.0	27.0	28.0	29.0	30.0	31.0	32.0	33.0	34.0	35.0	36.0	37.0
NS.2150.TSP0055---TSP200X.BS_105_R1	1.0	3.0	19.0	53.0	149.0	381.0	979.0	2357.0	5128.0	8304.0	11312.0	16921.0	26039.0	39615.0	63073.0	95168.0	131990.0	203725.0	402854.0	992439.0	1109750.0	6668.0
	4.0	5.0	6.0	7.0	8.0	9.0	10.0	11.0	12.0	13.0	14.0	15.0	16.0	17.0	18.0	19.0	20.0	21.0	22.0	23.0	24.0	25.0	26.0	27.0	28.0	29.0	30.0	31.0	32.0	33.0	34.0	35.0	36.0	37.0
NS.2150.TSP0055---TSP200X.BS_105_R2	1.0	1.0	1.0	1.0	1.0	0.0	1.0	0.0	27.0	105.0	202.0	252.0	314.0	427.0	570.0	808.0	1522.0	2625.0	4095.0	5724.0	7132.0	8027.0	9672.0	12425.0	16870.0	23753.0	38162.0	57703.0	84469.0	136901.0	260836.0	690349.0	1688530.0	46514.0
	18.0	19.0	20.0	21.0	22.0	23.0	24.0	25.0	26.0	27.0	28.0	29.0	30.0	31.0	32.0	33.0	34.0	35.0	36.0	37.0
NS.2150.TSP0056---TSP200X.BS_106_R1	3.0	2.0	2.0	18.0	60.0	145.0	321.0	482.0	689.0	995.0	1714.0	2523.0	4185.0	6092.0	8410.0	13441.0	26791.0	65176.0	67428.0	281.0
	13.0	14.0	15.0	16.0	17.0	18.0	19.0	20.0	21.0	22.0	23.0	24.0	25.0	26.0	27.0	28.0	29.0	30.0	31.0	32.0	33.0	34.0	35.0	36.0	37.0
NS.2150.TSP0056---TSP200X.BS_106_R2	7.0	12.0	15.0	28.0	43.0	37.0	75.0	101.0	203.0	306.0	417.0	478.0	559.0	594.0	848.0	1161.0	1557.0	2580.0	3898.0	5641.0	9172.0	17677.0	45769.0	103463.0	2887.0
	18.0	19.0	20.0	21.0	22.0	23.0	24.0	25.0	26.0	27.0	28.0	29.0	30.0	31.0	32.0	33.0	34.0	35.0	36.0	37.0
NS.2150.TSP0057---TSP200X.BS_107_R1	6.0	27.0	43.0	107.0	327.0	872.0	1831.0	2886.0	3927.0	5638.0	8728.0	13077.0	20680.0	31017.0	42367.0	64419.0	125841.0	321097.0	398218.0	2149.0
	6.0	7.0	8.0	9.0	10.0	11.0	12.0	13.0	14.0	15.0	16.0	17.0	18.0	19.0	20.0	21.0	22.0	23.0	24.0	25.0	26.0	27.0	28.0	29.0	30.0	31.0	32.0	33.0	34.0	35.0	36.0	37.0
NS.2150.TSP0057---TSP200X.BS_107_R2	1.0	2.0	0.0	0.0	0.0	1.0	11.0	43.0	70.0	80.0	101.0	162.0	219.0	330.0	538.0	879.0	1437.0	2154.0	2536.0	2948.0	3424.0	4205.0	5889.0	8001.0	13047.0	19600.0	28048.0	45031.0	84997.0	224695.0	570090.0	18151.0
	16.0	17.0	18.0	19.0	20.0	21.0	22.0	23.0	24.0	25.0	26.0	27.0	28.0	29.0	30.0	31.0	32.0	33.0	34.0	35.0	36.0	37.0
NS.2150.TSP0058---TSP200X.BS_108_R1	1.0	1.0	4.0	13.0	19.0	82.0	218.0	549.0	1139.0	1781.0	2390.0	3681.0	5834.0	8706.0	14212.0	21500.0	30852.0	49565.0	99903.0	231576.0	235258.0	1834.0
	11.0	12.0	13.0	14.0	15.0	16.0	17.0	18.0	19.0	20.0	21.0	22.0	23.0	24.0	25.0	26.0	27.0	28.0	29.0	30.0	31.0	32.0	33.0	34.0	35.0	36.0	37.0
NS.2150.TSP0058---TSP200X.BS_108_R2	1.0	5.0	26.0	46.0	64.0	70.0	88.0	132.0	227.0	306.0	563.0	948.0	1369.0	1764.0	2073.0	2476.0	3362.0	4424.0	6294.0	9979.0	15316.0	21929.0	34616.0	66800.0	170201.0	351827.0	8767.0
	17.0	18.0	19.0	20.0	21.0	22.0	23.0	24.0	25.0	26.0	27.0	28.0	29.0	30.0	31.0	32.0	33.0	34.0	35.0	36.0	37.0
NS.2150.TSP0059---TSP200X.BS_109_R1	1.0	3.0	14.0	34.0	91.0	262.0	725.0	1514.0	2612.0	3641.0	5530.0	8490.0	12997.0	21085.0	31662.0	43013.0	64938.0	123467.0	316258.0	436342.0	2817.0
	9.0	10.0	11.0	12.0	13.0	14.0	15.0	16.0	17.0	18.0	19.0	20.0	21.0	22.0	23.0	24.0	25.0	26.0	27.0	28.0	29.0	30.0	31.0	32.0	33.0	34.0	35.0	36.0	37.0
NS.2150.TSP0059---TSP200X.BS_109_R2	1.0	0.0	0.0	6.0	46.0	64.0	96.0	102.0	122.0	180.0	290.0	449.0	765.0	1281.0	1932.0	2484.0	2972.0	3597.0	4580.0	6445.0	8869.0	14227.0	21587.0	31227.0	49250.0	92648.0	241345.0	567345.0	16080.0
	18.0	19.0	20.0	21.0	22.0	23.0	24.0	25.0	26.0	27.0	28.0	29.0	30.0	31.0	32.0	33.0	34.0	35.0	36.0	37.0
NS.2150.TSP0060---TSP200X.BS_110_R1	1.0	0.0	2.0	16.0	37.0	122.0	241.0	381.0	541.0	809.0	1127.0	1841.0	2866.0	4204.0	5752.0	8520.0	16474.0	41215.0	57958.0	642.0
	12.0	13.0	14.0	15.0	16.0	17.0	18.0	19.0	20.0	21.0	22.0	23.0	24.0	25.0	26.0	27.0	28.0	29.0	30.0	31.0	32.0	33.0	34.0	35.0	36.0	37.0
NS.2150.TSP0060---TSP200X.BS_110_R2	1.0	5.0	10.0	20.0	14.0	22.0	36.0	58.0	80.0	152.0	221.0	301.0	390.0	420.0	503.0	646.0	858.0	1206.0	1911.0	2854.0	4211.0	6470.0	12187.0	31074.0	75104.0	3045.0
	18.0	19.0	20.0	21.0	22.0	23.0	24.0	25.0	26.0	27.0	28.0	29.0	30.0	31.0	32.0	33.0	34.0	35.0	36.0	37.0
NS.2150.TSP0062---TSP200X.BS_112_R1	1.0	0.0	2.0	8.0	36.0	73.0	154.0	241.0	341.0	476.0	795.0	1263.0	1984.0	3010.0	4120.0	6406.0	12778.0	31369.0	33527.0	181.0
	13.0	14.0	15.0	16.0	17.0	18.0	19.0	20.0	21.0	22.0	23.0	24.0	25.0	26.0	27.0	28.0	29.0	30.0	31.0	32.0	33.0	34.0	35.0	36.0	37.0
NS.2150.TSP0062---TSP200X.BS_112_R2	3.0	8.0	8.0	8.0	21.0	23.0	37.0	42.0	79.0	132.0	198.0	220.0	280.0	319.0	369.0	492.0	720.0	1111.0	1853.0	2744.0	4242.0	8284.0	21714.0	51734.0	1552.0
	16.0	17.0	18.0	19.0	20.0	21.0	22.0	23.0	24.0	25.0	26.0	27.0	28.0	29.0	30.0	31.0	32.0	33.0	34.0	35.0	36.0	37.0
NS.2150.TSP0063---TSP200X.BS_113_R1	2.0	1.0	8.0	18.0	43.0	140.0	337.0	870.0	1770.0	2964.0	4350.0	6845.0	10829.0	16533.0	27132.0	42955.0	62441.0	105606.0	217549.0	426587.0	280347.0	1718.0
	6.0	7.0	8.0	9.0	10.0	11.0	12.0	13.0	14.0	15.0	16.0	17.0	18.0	19.0	20.0	21.0	22.0	23.0	24.0	25.0	26.0	27.0	28.0	29.0	30.0	31.0	32.0	33.0	34.0	35.0	36.0	37.0
NS.2150.TSP0063---TSP200X.BS_113_R2	1.0	0.0	0.0	1.0	1.0	0.0	18.0	40.0	71.0	92.0	117.0	130.0	242.0	324.0	587.0	965.0	1462.0	2107.0	2575.0	2984.0	3543.0	4509.0	6307.0	9194.0	15221.0	24182.0	36603.0	61576.0	123142.0	312172.0	579538.0	14354.0
	17.0	18.0	19.0	20.0	21.0	22.0	23.0	24.0	25.0	26.0	27.0	28.0	29.0	30.0	31.0	32.0	33.0	34.0	35.0	36.0	37.0
NS.2150.TSP0064---TSP200X.BS_114_R1	1.0	5.0	11.0	22.0	54.0	212.0	531.0	1146.0	1732.0	2443.0	3778.0	5626.0	8384.0	13415.0	20429.0	28006.0	43805.0	88373.0	213162.0	217355.0	1552.0
	11.0	12.0	13.0	14.0	15.0	16.0	17.0	18.0	19.0	20.0	21.0	22.0	23.0	24.0	25.0	26.0	27.0	28.0	29.0	30.0	31.0	32.0	33.0	34.0	35.0	36.0	37.0
NS.2150.TSP0064---TSP200X.BS_114_R2	1.0	4.0	21.0	39.0	53.0	71.0	85.0	153.0	183.0	355.0	608.0	879.0	1213.0	1536.0	1788.0	2074.0	2661.0	3591.0	5085.0	8158.0	12557.0	18374.0	29485.0	56661.0	148972.0	341494.0	9745.0
	16.0	17.0	18.0	19.0	20.0	21.0	22.0	23.0	24.0	25.0	26.0	27.0	28.0	29.0	30.0	31.0	32.0	33.0	34.0	35.0	36.0	37.0
NS.2150.TSP0065---TSP200X.BS_115_R1	1.0	1.0	3.0	14.0	36.0	106.0	267.0	703.0	1524.0	2290.0	2944.0	4588.0	7047.0	10810.0	17205.0	26249.0	36574.0	57682.0	114330.0	276442.0	288462.0	3038.0
	10.0	11.0	12.0	13.0	14.0	15.0	16.0	17.0	18.0	19.0	20.0	21.0	22.0	23.0	24.0	25.0	26.0	27.0	28.0	29.0	30.0	31.0	32.0	33.0	34.0	35.0	36.0	37.0
NS.2150.TSP0065---TSP200X.BS_115_R2	1.0	1.0	10.0	39.0	56.0	59.0	96.0	120.0	165.0	277.0	412.0	739.0	1067.0	1449.0	1811.0	2059.0	2389.0	2980.0	4152.0	5737.0	9435.0	14825.0	21767.0	35165.0	68086.0	182454.0	474441.0	16193.0
	15.0	16.0	17.0	18.0	19.0	20.0	21.0	22.0	23.0	24.0	25.0	26.0	27.0	28.0	29.0	30.0	31.0	32.0	33.0	34.0	35.0	36.0	37.0
NS.2150.TSP0066---TSP200X.BS_116_R1	1.0	2.0	1.0	12.0	22.0	65.0	180.0	503.0	1257.0	2622.0	4046.0	5709.0	8685.0	13252.0	19970.0	33031.0	50231.0	73012.0	119375.0	240652.0	503762.0	359905.0	2131.0
	10.0	11.0	12.0	13.0	14.0	15.0	16.0	17.0	18.0	19.0	20.0	21.0	22.0	23.0	24.0	25.0	26.0	27.0	28.0	29.0	30.0	31.0	32.0	33.0	34.0	35.0	36.0	37.0
NS.2150.TSP0066---TSP200X.BS_116_R2	1.0	0.0	13.0	50.0	98.0	127.0	142.0	216.0	274.0	452.0	740.0	1406.0	2058.0	2852.0	3649.0	4201.0	5057.0	6609.0	9094.0	12699.0	20819.0	32224.0	48064.0	80705.0	158915.0	379478.0	644070.0	14245.0
	18.0	19.0	20.0	21.0	22.0	23.0	24.0	25.0	26.0	27.0	28.0	29.0	30.0	31.0	32.0	33.0	34.0	35.0	36.0	37.0
NS.2150.TSP0067---TSP200X.BS_117_R1	3.0	11.0	16.0	46.0	139.0	410.0	894.0	1296.0	1928.0	2954.0	4595.0	7225.0	11503.0	17791.0	24971.0	40504.0	82373.0	180800.0	146745.0	517.0
	12.0	13.0	14.0	15.0	16.0	17.0	18.0	19.0	20.0	21.0	22.0	23.0	24.0	25.0	26.0	27.0	28.0	29.0	30.0	31.0	32.0	33.0	34.0	35.0	36.0	37.0
NS.2150.TSP0067---TSP200X.BS_117_R2	5.0	21.0	29.0	48.0	61.0	81.0	97.0	148.0	230.0	461.0	673.0	1018.0	1290.0	1415.0	1590.0	2036.0	2885.0	4049.0	6227.0	9780.0	14192.0	24063.0	46862.0	121402.0	276580.0	7170.0
	18.0	19.0	20.0	21.0	22.0	23.0	24.0	25.0	26.0	27.0	28.0	29.0	30.0	31.0	32.0	33.0	34.0	35.0	36.0	37.0
NS.2150.TSP0070---TSP200X.BS_120_R1	1.0	4.0	21.0	65.0	173.0	522.0	1188.0	1809.0	2441.0	3631.0	5504.0	8132.0	12913.0	19991.0	27299.0	42631.0	84087.0	205597.0	222591.0	1444.0
	8.0	9.0	10.0	11.0	12.0	13.0	14.0	15.0	16.0	17.0	18.0	19.0	20.0	21.0	22.0	23.0	24.0	25.0	26.0	27.0	28.0	29.0	30.0	31.0	32.0	33.0	34.0	35.0	36.0	37.0
NS.2150.TSP0070---TSP200X.BS_120_R2	1.0	0.0	0.0	0.0	2.0	18.0	49.0	61.0	77.0	89.0	147.0	193.0	338.0	555.0	881.0	1311.0	1542.0	1729.0	2023.0	2548.0	3385.0	4798.0	7697.0	11553.0	17006.0	27810.0	53517.0	143456.0	345140.0	10509.0
	16.0	17.0	18.0	19.0	20.0	21.0	22.0	23.0	24.0	25.0	26.0	27.0	28.0	29.0	30.0	31.0	32.0	33.0	34.0	35.0	36.0	37.0
NS.2150.TSP0071---TSP200X.BS_121_R1	1.0	1.0	10.0	24.0	83.0	177.0	568.0	1363.0	2841.0	4506.0	6167.0	9070.0	13487.0	20272.0	33011.0	50396.0	71474.0	112785.0	228178.0	527992.0	518757.0	3032.0
	7.0	8.0	9.0	10.0	11.0	12.0	13.0	14.0	15.0	16.0	17.0	18.0	19.0	20.0	21.0	22.0	23.0	24.0	25.0	26.0	27.0	28.0	29.0	30.0	31.0	32.0	33.0	34.0	35.0	36.0	37.0
NS.2150.TSP0071---TSP200X.BS_121_R2	1.0	0.0	0.0	0.0	2.0	26.0	64.0	102.0	137.0	161.0	242.0	307.0	480.0	948.0	1684.0	2281.0	3092.0	3858.0	4434.0	5183.0	6768.0	9101.0	12495.0	19818.0	30336.0	44754.0	72715.0	142125.0	372309.0	838395.0	22191.0
	15.0	16.0	17.0	18.0	19.0	20.0	21.0	22.0	23.0	24.0	25.0	26.0	27.0	28.0	29.0	30.0	31.0	32.0	33.0	34.0	35.0	36.0	37.0
NS.2150.TSP0072---TSP200X.BS_122_R1	1.0	0.0	1.0	8.0	26.0	80.0	196.0	536.0	1522.0	3120.0	4981.0	6366.0	9337.0	14299.0	21220.0	34065.0	51014.0	69959.0	106764.0	208810.0	526821.0	644860.0	3798.0
	11.0	12.0	13.0	14.0	15.0	16.0	17.0	18.0	19.0	20.0	21.0	22.0	23.0	24.0	25.0	26.0	27.0	28.0	29.0	30.0	31.0	32.0	33.0	34.0	35.0	36.0	37.0
NS.2150.TSP0072---TSP200X.BS_122_R2	1.0	11.0	54.0	100.0	142.0	176.0	239.0	330.0	544.0	903.0	1455.0	2246.0	3306.0	4249.0	4911.0	5713.0	7116.0	9594.0	13294.0	21074.0	32654.0	46699.0	75668.0	145094.0	382696.0	912055.0	26206.0
	15.0	16.0	17.0	18.0	19.0	20.0	21.0	22.0	23.0	24.0	25.0	26.0	27.0	28.0	29.0	30.0	31.0	32.0	33.0	34.0	35.0	36.0	37.0
NS.2150.TSP0073---TSP200X.BS_123_R1	1.0	5.0	4.0	15.0	50.0	143.0	395.0	1078.0	2786.0	6061.0	9224.0	12741.0	18946.0	28915.0	43734.0	70734.0	108799.0	151879.0	240760.0	478567.0	1128565.0	1125946.0	5524.0
	5.0	6.0	7.0	8.0	9.0	10.0	11.0	12.0	13.0	14.0	15.0	16.0	17.0	18.0	19.0	20.0	21.0	22.0	23.0	24.0	25.0	26.0	27.0	28.0	29.0	30.0	31.0	32.0	33.0	34.0	35.0	36.0	37.0
NS.2150.TSP0073---TSP200X.BS_123_R2	2.0	0.0	1.0	0.0	0.0	0.0	2.0	36.0	126.0	189.0	276.0	323.0	453.0	620.0	1019.0	1721.0	2940.0	4427.0	6392.0	8466.0	10196.0	12339.0	16129.0	21839.0	30800.0	49573.0	75902.0	111084.0	179945.0	347068.0	859267.0	1630433.0	37974.0
	18.0	19.0	20.0	21.0	22.0	23.0	24.0	25.0	26.0	27.0	28.0	29.0	30.0	31.0	32.0	33.0	34.0	35.0	36.0	37.0
NS.2150.TSP0074---TSP200X.BS_124_R1	3.0	9.0	19.0	51.0	180.0	438.0	989.0	1539.0	2071.0	3083.0	4692.0	7216.0	11240.0	17317.0	24441.0	38911.0	79911.0	188975.0	181830.0	1178.0
	12.0	13.0	14.0	15.0	16.0	17.0	18.0	19.0	20.0	21.0	22.0	23.0	24.0	25.0	26.0	27.0	28.0	29.0	30.0	31.0	32.0	33.0	34.0	35.0	36.0	37.0
NS.2150.TSP0074---TSP200X.BS_124_R2	8.0	17.0	33.0	46.0	56.0	65.0	108.0	142.0	265.0	414.0	681.0	961.0	1270.0	1374.0	1557.0	2092.0	2786.0	3791.0	6203.0	9595.0	14414.0	23830.0	47031.0	127400.0	307865.0	9482.0
	15.0	16.0	17.0	18.0	19.0	20.0	21.0	22.0	23.0	24.0	25.0	26.0	27.0	28.0	29.0	30.0	31.0	32.0	33.0	34.0	35.0	36.0	37.0
NS.2150.TSP0075---TSP200X.BS_125_R1	1.0	0.0	1.0	3.0	28.0	50.0	163.0	423.0	1051.0	2271.0	3472.0	4909.0	7097.0	11232.0	16874.0	27386.0	41761.0	57245.0	86920.0	167906.0	423984.0	567695.0	3656.0
	12.0	13.0	14.0	15.0	16.0	17.0	18.0	19.0	20.0	21.0	22.0	23.0	24.0	25.0	26.0	27.0	28.0	29.0	30.0	31.0	32.0	33.0	34.0	35.0	36.0	37.0
NS.2150.TSP0075---TSP200X.BS_125_R2	10.0	55.0	98.0	106.0	144.0	178.0	269.0	440.0	759.0	1299.0	2078.0	2921.0	3738.0	4348.0	5175.0	6718.0	8761.0	12407.0	19424.0	28860.0	41728.0	66689.0	126195.0	324422.0	736047.0	20305.0
	16.0	17.0	18.0	19.0	20.0	21.0	22.0	23.0	24.0	25.0	26.0	27.0	28.0	29.0	30.0	31.0	32.0	33.0	34.0	35.0	36.0	37.0
NS.2150.TSP0078---TSP200X.BS_128_R1	3.0	3.0	21.0	59.0	162.0	505.0	1182.0	3038.0	6187.0	10370.0	14291.0	22146.0	34305.0	51741.0	84117.0	129304.0	185936.0	300459.0	606717.0	1330989.0	1204654.0	5550.0
	5.0	6.0	7.0	8.0	9.0	10.0	11.0	12.0	13.0	14.0	15.0	16.0	17.0	18.0	19.0	20.0	21.0	22.0	23.0	24.0	25.0	26.0	27.0	28.0	29.0	30.0	31.0	32.0	33.0	34.0	35.0	36.0	37.0
NS.2150.TSP0078---TSP200X.BS_128_R2	2.0	1.0	0.0	0.0	0.0	0.0	1.0	29.0	136.0	229.0	327.0	379.0	476.0	713.0	1078.0	1869.0	3219.0	4956.0	7158.0	8886.0	10316.0	12121.0	15917.0	21989.0	30757.0	50205.0	77875.0	114231.0	187226.0	361713.0	939277.0	2066693.0	50296.0
	19.0	20.0	21.0	22.0	23.0	24.0	25.0	26.0	27.0	28.0	29.0	30.0	31.0	32.0	33.0	34.0	35.0	36.0	37.0
NS.2150.TSP0079---TSP200X.BS_129_R1	1.0	1.0	7.0	10.0	34.0	48.0	89.0	129.0	168.0	294.0	423.0	690.0	1068.0	1447.0	2106.0	3892.0	10284.0	14729.0	79.0
	13.0	14.0	15.0	16.0	17.0	18.0	19.0	20.0	21.0	22.0	23.0	24.0	25.0	26.0	27.0	28.0	29.0	30.0	31.0	32.0	33.0	34.0	35.0	36.0	37.0
NS.2150.TSP0079---TSP200X.BS_129_R2	3.0	2.0	3.0	3.0	5.0	11.0	10.0	21.0	33.0	39.0	57.0	85.0	105.0	108.0	164.0	220.0	274.0	455.0	663.0	1034.0	1450.0	2884.0	7714.0	19443.0	513.0
	18.0	19.0	20.0	21.0	22.0	23.0	24.0	25.0	26.0	27.0	28.0	29.0	30.0	31.0	32.0	33.0	34.0	35.0	36.0	37.0
NS.2150.TSP0080---TSP200X.BS_130_R1	2.0	1.0	10.0	15.0	36.0	121.0	255.0	424.0	573.0	896.0	1325.0	2087.0	3249.0	4613.0	6306.0	9162.0	16939.0	46918.0	80919.0	467.0
	13.0	14.0	15.0	16.0	17.0	18.0	19.0	20.0	21.0	22.0	23.0	24.0	25.0	26.0	27.0	28.0	29.0	30.0	31.0	32.0	33.0	34.0	35.0	36.0	37.0
NS.2150.TSP0080---TSP200X.BS_130_R2	5.0	10.0	9.0	14.0	19.0	29.0	44.0	110.0	207.0	289.0	331.0	431.0	498.0	606.0	816.0	1138.0	1583.0	2475.0	3783.0	5309.0	8695.0	15848.0	38723.0	89904.0	2291.0
	16.0	17.0	18.0	19.0	20.0	21.0	22.0	23.0	24.0	25.0	26.0	27.0	28.0	29.0	30.0	31.0	32.0	33.0	34.0	35.0	36.0	37.0
NS.2150.TSP0081---TSP200X.BS_131_R1	4.0	10.0	22.0	42.0	121.0	333.0	949.0	2631.0	5531.0	8756.0	11556.0	17283.0	26481.0	39872.0	64350.0	100032.0	142073.0	231306.0	468598.0	1030439.0	908894.0	4957.0
	6.0	7.0	8.0	9.0	10.0	11.0	12.0	13.0	14.0	15.0	16.0	17.0	18.0	19.0	20.0	21.0	22.0	23.0	24.0	25.0	26.0	27.0	28.0	29.0	30.0	31.0	32.0	33.0	34.0	35.0	36.0	37.0
NS.2150.TSP0081---TSP200X.BS_131_R2	1.0	1.0	0.0	0.0	3.0	3.0	30.0	115.0	175.0	287.0	299.0	419.0	558.0	847.0	1461.0	2534.0	3869.0	5401.0	6750.0	7547.0	8800.0	10986.0	15074.0	21377.0	34924.0	54034.0	79621.0	130245.0	255097.0	686792.0	1671212.0	49360.0
	17.0	18.0	19.0	20.0	21.0	22.0	23.0	24.0	25.0	26.0	27.0	28.0	29.0	30.0	31.0	32.0	33.0	34.0	35.0	36.0	37.0
NS.2150.TSP0082---TSP200X.BS_132_R1	3.0	14.0	14.0	55.0	154.0	429.0	1159.0	2470.0	3831.0	5246.0	8073.0	12524.0	19152.0	31147.0	48489.0	70578.0	117755.0	240225.0	491352.0	358606.0	2068.0
	6.0	7.0	8.0	9.0	10.0	11.0	12.0	13.0	14.0	15.0	16.0	17.0	18.0	19.0	20.0	21.0	22.0	23.0	24.0	25.0	26.0	27.0	28.0	29.0	30.0	31.0	32.0	33.0	34.0	35.0	36.0	37.0
NS.2150.TSP0082---TSP200X.BS_132_R2	1.0	0.0	0.0	0.0	2.0	0.0	12.0	43.0	92.0	104.0	104.0	195.0	242.0	388.0	617.0	1181.0	1691.0	2338.0	2836.0	3354.0	3676.0	4869.0	6780.0	9585.0	15872.0	24830.0	37165.0	62025.0	122274.0	328997.0	757389.0	19598.0
	17.0	18.0	19.0	20.0	21.0	22.0	23.0	24.0	25.0	26.0	27.0	28.0	29.0	30.0	31.0	32.0	33.0	34.0	35.0	36.0	37.0
NS.2150.TSP0083---TSP200X.BS_133_R1	3.0	1.0	14.0	46.0	132.0	405.0	994.0	2121.0	3385.0	4634.0	6857.0	10397.0	15778.0	25421.0	37971.0	52131.0	80689.0	157830.0	396541.0	465740.0	2866.0
	4.0	5.0	6.0	7.0	8.0	9.0	10.0	11.0	12.0	13.0	14.0	15.0	16.0	17.0	18.0	19.0	20.0	21.0	22.0	23.0	24.0	25.0	26.0	27.0	28.0	29.0	30.0	31.0	32.0	33.0	34.0	35.0	36.0	37.0
NS.2150.TSP0083---TSP200X.BS_133_R2	1.0	0.0	0.0	1.0	0.0	0.0	0.0	1.0	10.0	27.0	66.0	102.0	132.0	195.0	251.0	366.0	554.0	934.0	1466.0	2344.0	3035.0	3339.0	3949.0	5093.0	6782.0	9634.0	15418.0	23422.0	34463.0	55016.0	106587.0	280268.0	682650.0	20311.0
	17.0	18.0	19.0	20.0	21.0	22.0	23.0	24.0	25.0	26.0	27.0	28.0	29.0	30.0	31.0	32.0	33.0	34.0	35.0	36.0	37.0
NS.2150.TSP0086---TSP200X.BS_136_R1	2.0	5.0	5.0	3.0	22.0	66.0	140.0	321.0	508.0	704.0	1143.0	1765.0	2800.0	4300.0	6841.0	9217.0	14324.0	29122.0	71527.0	77277.0	306.0
	12.0	13.0	14.0	15.0	16.0	17.0	18.0	19.0	20.0	21.0	22.0	23.0	24.0	25.0	26.0	27.0	28.0	29.0	30.0	31.0	32.0	33.0	34.0	35.0	36.0	37.0
NS.2150.TSP0086---TSP200X.BS_136_R2	1.0	9.0	10.0	18.0	14.0	28.0	35.0	47.0	100.0	206.0	269.0	334.0	425.0	477.0	598.0	758.0	1052.0	1524.0	2524.0	4116.0	6172.0	10546.0	19484.0	48739.0	118976.0	2973.0
	17.0	18.0	19.0	20.0	21.0	22.0	23.0	24.0	25.0	26.0	27.0	28.0	29.0	30.0	31.0	32.0	33.0	34.0	35.0	36.0	37.0
NS.2150.TSP0088---TSP200X.BS_138_R1	2.0	15.0	38.0	100.0	299.0	826.0	2161.0	4631.0	7435.0	9964.0	14844.0	22712.0	34363.0	55063.0	83685.0	115750.0	179930.0	355459.0	861850.0	935394.0	5213.0
	7.0	8.0	9.0	10.0	11.0	12.0	13.0	14.0	15.0	16.0	17.0	18.0	19.0	20.0	21.0	22.0	23.0	24.0	25.0	26.0	27.0	28.0	29.0	30.0	31.0	32.0	33.0	34.0	35.0	36.0	37.0
NS.2150.TSP0088---TSP200X.BS_138_R2	1.0	0.0	0.0	1.0	2.0	26.0	113.0	158.0	224.0	308.0	352.0	482.0	760.0	1173.0	2021.0	3376.0	5200.0	6452.0	7370.0	8540.0	10877.0	14680.0	20656.0	33216.0	50562.0	74422.0	120225.0	232144.0	610948.0	1428216.0	40627.0
	16.0	17.0	18.0	19.0	20.0	21.0	22.0	23.0	24.0	25.0	26.0	27.0	28.0	29.0	30.0	31.0	32.0	33.0	34.0	35.0	36.0	37.0
NS.2150.TSP0089---TSP200X.BS_139_R1	3.0	2.0	19.0	50.0	133.0	389.0	1042.0	2575.0	5273.0	8248.0	11317.0	17149.0	26760.0	40043.0	64148.0	97713.0	138415.0	223875.0	455111.0	1017042.0	879055.0	4292.0
	3.0	4.0	5.0	6.0	7.0	8.0	9.0	10.0	11.0	12.0	13.0	14.0	15.0	16.0	17.0	18.0	19.0	20.0	21.0	22.0	23.0	24.0	25.0	26.0	27.0	28.0	29.0	30.0	31.0	32.0	33.0	34.0	35.0	36.0	37.0
NS.2150.TSP0089---TSP200X.BS_139_R2	1.0	0.0	0.0	1.0	0.0	0.0	1.0	1.0	3.0	21.0	111.0	189.0	250.0	287.0	369.0	520.0	844.0	1489.0	2806.0	4176.0	5695.0	6773.0	7726.0	8918.0	11461.0	15612.0	21498.0	34764.0	53925.0	80661.0	134543.0	264407.0	697199.0	1581278.0	40536.0
	18.0	19.0	20.0	21.0	22.0	23.0	24.0	25.0	26.0	27.0	28.0	29.0	30.0	31.0	32.0	33.0	34.0	35.0	36.0	37.0
NS.2150.TSP0090---TSP200X.BS_140_R1	5.0	18.0	51.0	131.0	395.0	1039.0	2096.0	3440.0	4535.0	6899.0	10480.0	16066.0	26034.0	40162.0	57827.0	93830.0	191499.0	411697.0	334610.0	1809.0
	12.0	13.0	14.0	15.0	16.0	17.0	18.0	19.0	20.0	21.0	22.0	23.0	24.0	25.0	26.0	27.0	28.0	29.0	30.0	31.0	32.0	33.0	34.0	35.0	36.0	37.0
NS.2150.TSP0090---TSP200X.BS_140_R2	11.0	38.0	82.0	109.0	129.0	159.0	237.0	328.0	606.0	1054.0	1521.0	2132.0	2531.0	2887.0	3317.0	4246.0	5910.0	8327.0	13323.0	20668.0	30836.0	51032.0	99929.0	268863.0	658388.0	20229.0
	15.0	16.0	17.0	18.0	19.0	20.0	21.0	22.0	23.0	24.0	25.0	26.0	27.0	28.0	29.0	30.0	31.0	32.0	33.0	34.0	35.0	36.0	37.0
NS.2150.TSP0091---TSP200X.BS_141_R1	2.0	1.0	5.0	14.0	41.0	125.0	315.0	992.0	2476.0	4984.0	7675.0	10404.0	15496.0	23619.0	35901.0	57783.0	87748.0	124611.0	201522.0	407870.0	930063.0	852400.0	4937.0
	6.0	7.0	8.0	9.0	10.0	11.0	12.0	13.0	14.0	15.0	16.0	17.0	18.0	19.0	20.0	21.0	22.0	23.0	24.0	25.0	26.0	27.0	28.0	29.0	30.0	31.0	32.0	33.0	34.0	35.0	36.0	37.0
NS.2150.TSP0091---TSP200X.BS_141_R2	1.0	0.0	1.0	0.0	1.0	0.0	17.0	99.0	172.0	237.0	253.0	354.0	469.0	703.0	1236.0	2116.0	3583.0	5313.0	6435.0	6999.0	7929.0	10047.0	13515.0	19459.0	30885.0	48253.0	71800.0	118860.0	234313.0	627187.0	1502793.0	41420.0
	17.0	18.0	19.0	20.0	21.0	22.0	23.0	24.0	25.0	26.0	27.0	28.0	29.0	30.0	31.0	32.0	33.0	34.0	35.0	36.0	37.0
NS.2150.TSP0094---TSP200X.BS_144_R1	5.0	8.0	20.0	64.0	179.0	526.0	1406.0	2933.0	4614.0	6410.0	9474.0	14760.0	21989.0	35075.0	54263.0	76507.0	120804.0	243394.0	553672.0	530817.0	2952.0
	5.0	6.0	7.0	8.0	9.0	10.0	11.0	12.0	13.0	14.0	15.0	16.0	17.0	18.0	19.0	20.0	21.0	22.0	23.0	24.0	25.0	26.0	27.0	28.0	29.0	30.0	31.0	32.0	33.0	34.0	35.0	36.0	37.0
NS.2150.TSP0094---TSP200X.BS_144_R2	1.0	2.0	0.0	0.0	1.0	0.0	1.0	17.0	59.0	101.0	137.0	156.0	208.0	316.0	474.0	746.0	1143.0	1948.0	3045.0	3804.0	4474.0	5135.0	6311.0	8843.0	12384.0	19759.0	30238.0	43869.0	70591.0	136381.0	363695.0	928385.0	28709.0
	16.0	17.0	18.0	19.0	20.0	21.0	22.0	23.0	24.0	25.0	26.0	27.0	28.0	29.0	30.0	31.0	32.0	33.0	34.0	35.0	36.0	37.0
NS.2150.TSP0095---TSP200X.BS_145_R1	2.0	1.0	11.0	36.0	85.0	228.0	673.0	1783.0	3535.0	5571.0	7339.0	11430.0	17637.0	26871.0	43048.0	65997.0	94706.0	150709.0	304533.0	682770.0	606365.0	3606.0
	8.0	9.0	10.0	11.0	12.0	13.0	14.0	15.0	16.0	17.0	18.0	19.0	20.0	21.0	22.0	23.0	24.0	25.0	26.0	27.0	28.0	29.0	30.0	31.0	32.0	33.0	34.0	35.0	36.0	37.0
NS.2150.TSP0095---TSP200X.BS_145_R2	1.0	1.0	1.0	3.0	16.0	67.0	116.0	144.0	195.0	277.0	351.0	540.0	884.0	1479.0	2482.0	3616.0	4382.0	5101.0	5634.0	7146.0	10066.0	14298.0	23228.0	35883.0	52926.0	86606.0	167151.0	450804.0	1113262.0	30441.0
	17.0	18.0	19.0	20.0	21.0	22.0	23.0	24.0	25.0	26.0	27.0	28.0	29.0	30.0	31.0	32.0	33.0	34.0	35.0	36.0	37.0
NS.2150.TSP0096---TSP200X.BS_146_R1	3.0	8.0	22.0	56.0	161.0	449.0	1113.0	2231.0	3458.0	4954.0	7437.0	11453.0	17637.0	28346.0	44187.0	64345.0	105449.0	216259.0	456140.0	354669.0	1944.0
	9.0	10.0	11.0	12.0	13.0	14.0	15.0	16.0	17.0	18.0	19.0	20.0	21.0	22.0	23.0	24.0	25.0	26.0	27.0	28.0	29.0	30.0	31.0	32.0	33.0	34.0	35.0	36.0	37.0
NS.2150.TSP0096---TSP200X.BS_146_R2	1.0	1.0	0.0	9.0	40.0	86.0	94.0	140.0	174.0	255.0	403.0	585.0	987.0	1626.0	2338.0	2777.0	3146.0	3646.0	4742.0	6395.0	9243.0	14777.0	22836.0	33981.0	56695.0	110367.0	298544.0	718783.0	21023.0
	16.0	17.0	18.0	19.0	20.0	21.0	22.0	23.0	24.0	25.0	26.0	27.0	28.0	29.0	30.0	31.0	32.0	33.0	34.0	35.0	36.0	37.0
NS.2150.TSP0097---TSP200X.BS_147_R1	2.0	3.0	6.0	13.0	33.0	128.0	336.0	759.0	1665.0	2634.0	3525.0	5432.0	8345.0	12500.0	19765.0	30365.0	42229.0	66223.0	128960.0	307394.0	320475.0	2288.0
	9.0	10.0	11.0	12.0	13.0	14.0	15.0	16.0	17.0	18.0	19.0	20.0	21.0	22.0	23.0	24.0	25.0	26.0	27.0	28.0	29.0	30.0	31.0	32.0	33.0	34.0	35.0	36.0	37.0
NS.2150.TSP0097---TSP200X.BS_147_R2	1.0	0.0	0.0	10.0	32.0	59.0	88.0	80.0	138.0	162.0	261.0	436.0	807.0	1151.0	1852.0	2298.0	2589.0	3027.0	3805.0	5361.0	7526.0	12231.0	18736.0	27309.0	43537.0	83435.0	218314.0	499957.0	13988.0
	16.0	17.0	18.0	19.0	20.0	21.0	22.0	23.0	24.0	25.0	26.0	27.0	28.0	29.0	30.0	31.0	32.0	33.0	34.0	35.0	36.0	37.0
NS.2150.TSP0098---TSP200X.BS_148_R1	1.0	12.0	10.0	37.0	99.0	254.0	746.0	1835.0	3957.0	6362.0	8718.0	13003.0	19984.0	30064.0	48014.0	72132.0	96778.0	144464.0	273310.0	716294.0	1092608.0	7984.0
	4.0	5.0	6.0	7.0	8.0	9.0	10.0	11.0	12.0	13.0	14.0	15.0	16.0	17.0	18.0	19.0	20.0	21.0	22.0	23.0	24.0	25.0	26.0	27.0	28.0	29.0	30.0	31.0	32.0	33.0	34.0	35.0	36.0	37.0
NS.2150.TSP0098---TSP200X.BS_148_R2	1.0	0.0	1.0	0.0	0.0	0.0	0.0	2.0	25.0	102.0	168.0	221.0	282.0	371.0	503.0	763.0	1244.0	2196.0	3373.0	5072.0	6618.0	8117.0	9612.0	12468.0	16553.0	22852.0	35970.0	53369.0	75370.0	118814.0	223865.0	576747.0	1306701.0	33389.0
	16.0	17.0	18.0	19.0	20.0	21.0	22.0	23.0	24.0	25.0	26.0	27.0	28.0	29.0	30.0	31.0	32.0	33.0	34.0	35.0	36.0	37.0
NS.2150.TSP0099---TSP200X.BS_149_R1	1.0	2.0	4.0	36.0	65.0	164.0	493.0	1304.0	2871.0	4842.0	6595.0	9809.0	14913.0	22514.0	36263.0	54961.0	74025.0	110060.0	207598.0	542985.0	857667.0	6221.0
	10.0	11.0	12.0	13.0	14.0	15.0	16.0	17.0	18.0	19.0	20.0	21.0	22.0	23.0	24.0	25.0	26.0	27.0	28.0	29.0	30.0	31.0	32.0	33.0	34.0	35.0	36.0	37.0
NS.2150.TSP0099---TSP200X.BS_149_R2	3.0	1.0	18.0	81.0	117.0	133.0	202.0	276.0	384.0	525.0	891.0	1494.0	2471.0	3770.0	4953.0	5922.0	7236.0	9469.0	12686.0	17682.0	27685.0	41199.0	58037.0	90675.0	170238.0	435800.0	1016422.0	29211.0
	17.0	18.0	19.0	20.0	21.0	22.0	23.0	24.0	25.0	26.0	27.0	28.0	29.0	30.0	31.0	32.0	33.0	34.0	35.0	36.0	37.0
NS.2150.TSP0105---TSP200X.BS_155_R1	2.0	10.0	20.0	49.0	157.0	463.0	1132.0	2429.0	3783.0	5430.0	7816.0	11824.0	17869.0	28341.0	42931.0	58368.0	88146.0	170442.0	440969.0	560964.0	3230.0
	5.0	6.0	7.0	8.0	9.0	10.0	11.0	12.0	13.0	14.0	15.0	16.0	17.0	18.0	19.0	20.0	21.0	22.0	23.0	24.0	25.0	26.0	27.0	28.0	29.0	30.0	31.0	32.0	33.0	34.0	35.0	36.0	37.0
NS.2150.TSP0105---TSP200X.BS_155_R2	1.0	1.0	0.0	0.0	0.0	1.0	2.0	11.0	53.0	82.0	125.0	162.0	206.0	296.0	496.0	789.0	1328.0	1940.0	2850.0	3594.0	4249.0	4919.0	6344.0	8358.0	11588.0	18019.0	27534.0	39905.0	63100.0	120388.0	319181.0	776574.0	22111.0
	17.0	18.0	19.0	20.0	21.0	22.0	23.0	24.0	25.0	26.0	27.0	28.0	29.0	30.0	31.0	32.0	33.0	34.0	35.0	36.0	37.0
NS.2150.TSP0106---TSP200X.BS_156_R1	3.0	6.0	23.0	57.0	160.0	475.0	1212.0	2470.0	3892.0	5355.0	8084.0	12318.0	18669.0	29688.0	44650.0	62546.0	95943.0	187705.0	462066.0	537425.0	3330.0
	11.0	12.0	13.0	14.0	15.0	16.0	17.0	18.0	19.0	20.0	21.0	22.0	23.0	24.0	25.0	26.0	27.0	28.0	29.0	30.0	31.0	32.0	33.0	34.0	35.0	36.0	37.0
NS.2150.TSP0106---TSP200X.BS_156_R2	1.0	11.0	70.0	84.0	127.0	158.0	218.0	310.0	480.0	835.0	1466.0	2073.0	2750.0	3318.0	4007.0	4672.0	6059.0	7973.0	11234.0	18304.0	27711.0	39790.0	63906.0	122013.0	325117.0	800677.0	23057.0
	16.0	17.0	18.0	19.0	20.0	21.0	22.0	23.0	24.0	25.0	26.0	27.0	28.0	29.0	30.0	31.0	32.0	33.0	34.0	35.0	36.0	37.0
NS.2150.TSP0107---TSP200X.BS_157_R1	1.0	1.0	8.0	27.0	82.0	205.0	499.0	1346.0	2866.0	4466.0	6345.0	9735.0	14842.0	22254.0	36219.0	56484.0	81620.0	134091.0	274197.0	583041.0	460336.0	2753.0
	5.0	6.0	7.0	8.0	9.0	10.0	11.0	12.0	13.0	14.0	15.0	16.0	17.0	18.0	19.0	20.0	21.0	22.0	23.0	24.0	25.0	26.0	27.0	28.0	29.0	30.0	31.0	32.0	33.0	34.0	35.0	36.0	37.0
NS.2150.TSP0107---TSP200X.BS_157_R2	1.0	1.0	0.0	0.0	0.0	1.0	1.0	11.0	58.0	118.0	135.0	165.0	268.0	324.0	470.0	840.0	1391.0	2119.0	2943.0	3610.0	4093.0	4653.0	6001.0	8040.0	11500.0	18609.0	28968.0	43295.0	71887.0	140997.0	378984.0	924827.0	28141.0
	18.0	19.0	20.0	21.0	22.0	23.0	24.0	25.0	26.0	27.0	28.0	29.0	30.0	31.0	32.0	33.0	34.0	35.0	36.0	37.0
NS.2150.TSP0113---TSP200X.BS_163_R1	1.0	1.0	2.0	6.0	17.0	27.0	53.0	106.0	161.0	263.0	387.0	585.0	925.0	1356.0	1818.0	2901.0	5818.0	14367.0	15197.0	69.0
	5.0	6.0	7.0	8.0	9.0	10.0	11.0	12.0	13.0	14.0	15.0	16.0	17.0	18.0	19.0	20.0	21.0	22.0	23.0	24.0	25.0	26.0	27.0	28.0	29.0	30.0	31.0	32.0	33.0	34.0	35.0	36.0	37.0
NS.2150.TSP0113---TSP200X.BS_163_R2	1.0	0.0	0.0	0.0	0.0	0.0	0.0	0.0	2.0	2.0	1.0	8.0	4.0	8.0	18.0	16.0	31.0	43.0	99.0	86.0	99.0	113.0	161.0	241.0	340.0	538.0	758.0	1214.0	1969.0	3573.0	9520.0	24330.0	662.0
	15.0	16.0	17.0	18.0	19.0	20.0	21.0	22.0	23.0	24.0	25.0	26.0	27.0	28.0	29.0	30.0	31.0	32.0	33.0	34.0	35.0	36.0	37.0
NS.2150.TSP0114---TSP200X.BS_164_R1	1.0	0.0	3.0	7.0	24.0	60.0	198.0	473.0	1212.0	2443.0	3867.0	5434.0	8140.0	12170.0	18262.0	28848.0	43741.0	58575.0	89183.0	171657.0	446395.0	605564.0	4953.0
	11.0	12.0	13.0	14.0	15.0	16.0	17.0	18.0	19.0	20.0	21.0	22.0	23.0	24.0	25.0	26.0	27.0	28.0	29.0	30.0	31.0	32.0	33.0	34.0	35.0	36.0	37.0
NS.2150.TSP0114---TSP200X.BS_164_R2	1.0	17.0	54.0	110.0	149.0	174.0	209.0	291.0	482.0	806.0	1358.0	2184.0	3001.0	3701.0	4334.0	5186.0	6547.0	8661.0	11887.0	19087.0	28505.0	41067.0	65170.0	123759.0	327760.0	811690.0	24367.0
	20.0	21.0	22.0	23.0	24.0	25.0	26.0	27.0	28.0	29.0	30.0	31.0	32.0	33.0	34.0	35.0	36.0	37.0
NS.2150.TSP0115---TSP200X.BS_165_R1	1.0	3.0	5.0	24.0	41.0	77.0	91.0	129.0	206.0	296.0	478.0	763.0	1122.0	1937.0	3759.0	7471.0	4905.0	21.0
	13.0	14.0	15.0	16.0	17.0	18.0	19.0	20.0	21.0	22.0	23.0	24.0	25.0	26.0	27.0	28.0	29.0	30.0	31.0	32.0	33.0	34.0	35.0	36.0	37.0
NS.2150.TSP0115---TSP200X.BS_165_R2	1.0	1.0	0.0	1.0	1.0	0.0	8.0	8.0	19.0	28.0	33.0	51.0	60.0	59.0	69.0	86.0	136.0	216.0	389.0	569.0	927.0	1767.0	4752.0	11814.0	281.0
	17.0	18.0	19.0	20.0	21.0	22.0	23.0	24.0	25.0	26.0	27.0	28.0	29.0	30.0	31.0	32.0	33.0	34.0	35.0	36.0	37.0
NS.2150.TSP0121---TSP200X.BS_171_R1	1.0	13.0	36.0	113.0	263.0	726.0	1632.0	3627.0	5808.0	7728.0	11500.0	17588.0	26380.0	42211.0	64483.0	89485.0	138977.0	275664.0	663883.0	723992.0	4361.0
	10.0	11.0	12.0	13.0	14.0	15.0	16.0	17.0	18.0	19.0	20.0	21.0	22.0	23.0	24.0	25.0	26.0	27.0	28.0	29.0	30.0	31.0	32.0	33.0	34.0	35.0	36.0	37.0
NS.2150.TSP0121---TSP200X.BS_171_R2	1.0	2.0	13.0	80.0	152.0	186.0	221.0	293.0	360.0	560.0	992.0	1762.0	2601.0	3935.0	4976.0	5813.0	6827.0	8770.0	11941.0	16649.0	26232.0	39987.0	58988.0	95765.0	185015.0	477931.0	1084646.0	30658.0
	17.0	18.0	19.0	20.0	21.0	22.0	23.0	24.0	25.0	26.0	27.0	28.0	29.0	30.0	31.0	32.0	33.0	34.0	35.0	36.0	37.0
NS.2150.TSP0122---TSP200X.BS_172_R1	3.0	11.0	21.0	69.0	157.0	457.0	1234.0	2545.0	3868.0	5103.0	7447.0	11333.0	16825.0	27105.0	40692.0	56027.0	88144.0	173353.0	435001.0	507353.0	3286.0
	4.0	5.0	6.0	7.0	8.0	9.0	10.0	11.0	12.0	13.0	14.0	15.0	16.0	17.0	18.0	19.0	20.0	21.0	22.0	23.0	24.0	25.0	26.0	27.0	28.0	29.0	30.0	31.0	32.0	33.0	34.0	35.0	36.0	37.0
NS.2150.TSP0122---TSP200X.BS_172_R2	1.0	0.0	0.0	0.0	0.0	1.0	0.0	0.0	10.0	65.0	70.0	134.0	134.0	189.0	295.0	405.0	677.0	1155.0	1801.0	2696.0	3242.0	3879.0	4338.0	5461.0	7184.0	10348.0	16071.0	24729.0	35804.0	58878.0	113717.0	306342.0	751443.0	22120.0
	16.0	17.0	18.0	19.0	20.0	21.0	22.0	23.0	24.0	25.0	26.0	27.0	28.0	29.0	30.0	31.0	32.0	33.0	34.0	35.0	36.0	37.0
NS.2150.TSP0123---TSP200X.BS_173_R1	4.0	2.0	6.0	29.0	64.0	182.0	592.0	1580.0	3173.0	4757.0	6020.0	8634.0	13458.0	20307.0	33285.0	51302.0	72876.0	113401.0	220680.0	521344.0	583516.0	3793.0
	11.0	12.0	13.0	14.0	15.0	16.0	17.0	18.0	19.0	20.0	21.0	22.0	23.0	24.0	25.0	26.0	27.0	28.0	29.0	30.0	31.0	32.0	33.0	34.0	35.0	36.0	37.0
NS.2150.TSP0123---TSP200X.BS_173_R2	3.0	16.0	61.0	105.0	146.0	188.0	268.0	367.0	529.0	864.0	1534.0	2363.0	3397.0	4249.0	5004.0	5746.0	7250.0	9795.0	13615.0	21910.0	33353.0	48904.0	78843.0	154644.0	392546.0	838905.0	22213.0
	16.0	17.0	18.0	19.0	20.0	21.0	22.0	23.0	24.0	25.0	26.0	27.0	28.0	29.0	30.0	31.0	32.0	33.0	34.0	35.0	36.0	37.0
NS.2150.TSP0129---TSP200X.BS_179_R1	1.0	4.0	15.0	20.0	69.0	146.0	406.0	1028.0	2092.0	3404.0	4791.0	6984.0	10731.0	15838.0	24984.0	37075.0	49562.0	72545.0	133972.0	364153.0	655921.0	6377.0
	11.0	12.0	13.0	14.0	15.0	16.0	17.0	18.0	19.0	20.0	21.0	22.0	23.0	24.0	25.0	26.0	27.0	28.0	29.0	30.0	31.0	32.0	33.0	34.0	35.0	36.0	37.0
NS.2150.TSP0129---TSP200X.BS_179_R2	3.0	9.0	44.0	82.0	117.0	133.0	197.0	262.0	412.0	725.0	1284.0	1944.0	2934.0	3794.0	4522.0	5328.0	6762.0	9046.0	12261.0	19287.0	28257.0	39669.0	61622.0	114723.0	300181.0	743517.0	20848.0
	16.0	17.0	18.0	19.0	20.0	21.0	22.0	23.0	24.0	25.0	26.0	27.0	28.0	29.0	30.0	31.0	32.0	33.0	34.0	35.0	36.0	37.0
NS.2150.TSP0130---TSP200X.BS_180_R1	1.0	3.0	12.0	34.0	93.0	260.0	701.0	1763.0	3612.0	5790.0	7828.0	11853.0	17864.0	26553.0	43099.0	65124.0	90820.0	139750.0	277772.0	674932.0	733513.0	4069.0
	6.0	7.0	8.0	9.0	10.0	11.0	12.0	13.0	14.0	15.0	16.0	17.0	18.0	19.0	20.0	21.0	22.0	23.0	24.0	25.0	26.0	27.0	28.0	29.0	30.0	31.0	32.0	33.0	34.0	35.0	36.0	37.0
NS.2150.TSP0130---TSP200X.BS_180_R2	1.0	1.0	0.0	0.0	0.0	2.0	10.0	84.0	144.0	177.0	191.0	266.0	398.0	632.0	1178.0	2083.0	3008.0	3858.0	4655.0	5485.0	6151.0	8075.0	10765.0	15402.0	25008.0	37964.0	55881.0	89957.0	173784.0	465809.0	1149666.0	32079.0
	15.0	16.0	17.0	18.0	19.0	20.0	21.0	22.0	23.0	24.0	25.0	26.0	27.0	28.0	29.0	30.0	31.0	32.0	33.0	34.0	35.0	36.0	37.0
NS.2150.TSP0131---TSP200X.BS_181_R1	1.0	0.0	3.0	5.0	29.0	72.0	200.0	540.0	1312.0	2638.0	4219.0	5802.0	8580.0	13026.0	19629.0	31348.0	47291.0	66445.0	103654.0	207219.0	497050.0	508236.0	3382.0
	7.0	8.0	9.0	10.0	11.0	12.0	13.0	14.0	15.0	16.0	17.0	18.0	19.0	20.0	21.0	22.0	23.0	24.0	25.0	26.0	27.0	28.0	29.0	30.0	31.0	32.0	33.0	34.0	35.0	36.0	37.0
NS.2150.TSP0131---TSP200X.BS_181_R2	2.0	1.0	0.0	0.0	0.0	15.0	60.0	118.0	147.0	193.0	214.0	292.0	468.0	714.0	1223.0	1932.0	2966.0	3550.0	3778.0	4406.0	5554.0	7593.0	10724.0	17715.0	27032.0	39428.0	63586.0	122628.0	334051.0	839107.0	24743.0
	17.0	18.0	19.0	20.0	21.0	22.0	23.0	24.0	25.0	26.0	27.0	28.0	29.0	30.0	31.0	32.0	33.0	34.0	35.0	36.0	37.0
NS.2150.TSP0137---TSP200X.BS_187_R1	3.0	13.0	28.0	95.0	268.0	762.0	1975.0	4194.0	6952.0	9750.0	14400.0	22392.0	33113.0	52475.0	78514.0	105358.0	152774.0	282188.0	770176.0	1362674.0	10371.0
	4.0	5.0	6.0	7.0	8.0	9.0	10.0	11.0	12.0	13.0	14.0	15.0	16.0	17.0	18.0	19.0	20.0	21.0	22.0	23.0	24.0	25.0	26.0	27.0	28.0	29.0	30.0	31.0	32.0	33.0	34.0	35.0	36.0	37.0
NS.2150.TSP0137---TSP200X.BS_187_R2	1.0	0.0	1.0	0.0	0.0	0.0	1.0	0.0	31.0	131.0	192.0	241.0	304.0	403.0	604.0	918.0	1417.0	2486.0	3825.0	5899.0	7518.0	9064.0	11017.0	14242.0	19048.0	25920.0	40741.0	59974.0	83755.0	129978.0	242723.0	638819.0	1540716.0	42530.0
	16.0	17.0	18.0	19.0	20.0	21.0	22.0	23.0	24.0	25.0	26.0	27.0	28.0	29.0	30.0	31.0	32.0	33.0	34.0	35.0	36.0	37.0
NS.2150.TSP0138---TSP200X.BS_188_R1	1.0	3.0	7.0	24.0	53.0	166.0	473.0	1154.0	2408.0	3762.0	5304.0	8056.0	12219.0	17992.0	29161.0	44103.0	62007.0	99225.0	198292.0	458372.0	450727.0	2500.0
	6.0	7.0	8.0	9.0	10.0	11.0	12.0	13.0	14.0	15.0	16.0	17.0	18.0	19.0	20.0	21.0	22.0	23.0	24.0	25.0	26.0	27.0	28.0	29.0	30.0	31.0	32.0	33.0	34.0	35.0	36.0	37.0
NS.2150.TSP0138---TSP200X.BS_188_R2	1.0	0.0	0.0	0.0	0.0	2.0	13.0	55.0	89.0	118.0	134.0	199.0	283.0	428.0	729.0	1118.0	1806.0	2631.0	3303.0	3694.0	4251.0	5533.0	7400.0	10455.0	16729.0	25563.0	37435.0	60043.0	115915.0	309753.0	758564.0	21121.0
	16.0	17.0	18.0	19.0	20.0	21.0	22.0	23.0	24.0	25.0	26.0	27.0	28.0	29.0	30.0	31.0	32.0	33.0	34.0	35.0	36.0	37.0
NS.2150.TSP0139---TSP200X.BS_189_R1	1.0	5.0	8.0	28.0	96.0	292.0	768.0	2143.0	4425.0	7209.0	9819.0	14436.0	22229.0	33073.0	53469.0	79859.0	111717.0	175341.0	350197.0	836159.0	857170.0	4952.0
	6.0	7.0	8.0	9.0	10.0	11.0	12.0	13.0	14.0	15.0	16.0	17.0	18.0	19.0	20.0	21.0	22.0	23.0	24.0	25.0	26.0	27.0	28.0	29.0	30.0	31.0	32.0	33.0	34.0	35.0	36.0	37.0
NS.2150.TSP0139---TSP200X.BS_189_R2	1.0	0.0	0.0	1.0	0.0	0.0	27.0	123.0	174.0	212.0	268.0	323.0	463.0	752.0	1318.0	2215.0	3453.0	4796.0	5961.0	6860.0	7991.0	10141.0	13719.0	19358.0	30424.0	46900.0	69123.0	112364.0	220655.0	589367.0	1364077.0	36847.0
	17.0	18.0	19.0	20.0	21.0	22.0	23.0	24.0	25.0	26.0	27.0	28.0	29.0	30.0	31.0	32.0	33.0	34.0	35.0	36.0	37.0
NS.2150.TSP0145---TSP200X.BS_195_R1	1.0	10.0	15.0	20.0	91.0	284.0	769.0	1871.0	3001.0	4017.0	5936.0	9135.0	13813.0	21741.0	31753.0	42591.0	60791.0	112193.0	308211.0	573844.0	5315.0
	7.0	8.0	9.0	10.0	11.0	12.0	13.0	14.0	15.0	16.0	17.0	18.0	19.0	20.0	21.0	22.0	23.0	24.0	25.0	26.0	27.0	28.0	29.0	30.0	31.0	32.0	33.0	34.0	35.0	36.0	37.0
NS.2150.TSP0145---TSP200X.BS_195_R2	1.0	0.0	0.0	1.0	1.0	10.0	57.0	90.0	95.0	104.0	172.0	238.0	363.0	557.0	928.0	1584.0	2348.0	3226.0	4000.0	4832.0	6390.0	8510.0	11498.0	18071.0	26201.0	36124.0	55387.0	103728.0	268712.0	609803.0	20505.0
	17.0	18.0	19.0	20.0	21.0	22.0	23.0	24.0	25.0	26.0	27.0	28.0	29.0	30.0	31.0	32.0	33.0	34.0	35.0	36.0	37.0
NS.2150.TSP0146---TSP200X.BS_196_R1	5.0	5.0	23.0	51.0	156.0	426.0	1102.0	2276.0	3589.0	4876.0	7530.0	11217.0	16866.0	26721.0	40849.0	56302.0	85881.0	168248.0	412042.0	468655.0	3362.0
	11.0	12.0	13.0	14.0	15.0	16.0	17.0	18.0	19.0	20.0	21.0	22.0	23.0	24.0	25.0	26.0	27.0	28.0	29.0	30.0	31.0	32.0	33.0	34.0	35.0	36.0	37.0
NS.2150.TSP0146---TSP200X.BS_196_R2	1.0	20.0	59.0	108.0	129.0	134.0	195.0	251.0	368.0	712.0	1149.0	1743.0	2463.0	2922.0	3466.0	4107.0	5468.0	7208.0	10182.0	16652.0	25134.0	36299.0	58152.0	110595.0	292480.0	700546.0	20885.0
	16.0	17.0	18.0	19.0	20.0	21.0	22.0	23.0	24.0	25.0	26.0	27.0	28.0	29.0	30.0	31.0	32.0	33.0	34.0	35.0	36.0	37.0
NS.2150.TSP0147---TSP200X.BS_197_R1	3.0	2.0	10.0	46.0	96.0	241.0	769.0	1943.0	4146.0	6663.0	8924.0	13152.0	20069.0	30127.0	47869.0	71917.0	98644.0	149629.0	292435.0	742559.0	917461.0	5783.0
	10.0	11.0	12.0	13.0	14.0	15.0	16.0	17.0	18.0	19.0	20.0	21.0	22.0	23.0	24.0	25.0	26.0	27.0	28.0	29.0	30.0	31.0	32.0	33.0	34.0	35.0	36.0	37.0
NS.2150.TSP0147---TSP200X.BS_197_R2	2.0	1.0	15.0	97.0	180.0	204.0	261.0	378.0	487.0	763.0	1231.0	2081.0	3235.0	4728.0	5993.0	7130.0	8014.0	10455.0	14285.0	19670.0	31120.0	46842.0	68366.0	107893.0	207674.0	543584.0	1270597.0	39214.0
	18.0	19.0	20.0	21.0	22.0	23.0	24.0	25.0	26.0	27.0	28.0	29.0	30.0	31.0	32.0	33.0	34.0	35.0	36.0	37.0
NS.2150.TSP0149---TSP200X.BS_199_R1	3.0	0.0	10.0	31.0	74.0	181.0	412.0	633.0	833.0	1380.0	2094.0	2985.0	5017.0	7741.0	11136.0	17489.0	35920.0	81679.0	75752.0	537.0
	13.0	14.0	15.0	16.0	17.0	18.0	19.0	20.0	21.0	22.0	23.0	24.0	25.0	26.0	27.0	28.0	29.0	30.0	31.0	32.0	33.0	34.0	35.0	36.0	37.0
NS.2150.TSP0149---TSP200X.BS_199_R2	8.0	11.0	24.0	30.0	37.0	46.0	87.0	125.0	184.0	294.0	353.0	479.0	600.0	676.0	928.0	1214.0	1782.0	2875.0	4493.0	6474.0	10582.0	20427.0	54310.0	131985.0	4589.0
	19.0	20.0	21.0	22.0	23.0	24.0	25.0	26.0	27.0	28.0	29.0	30.0	31.0	32.0	33.0	34.0	35.0	36.0	37.0
NS.2150.TSP0150---TSP200X.BS_202_R1	3.0	11.0	32.0	76.0	191.0	353.0	610.0	831.0	1309.0	1918.0	2994.0	4858.0	7244.0	9918.0	14820.0	27687.0	71037.0	117231.0	606.0
	12.0	13.0	14.0	15.0	16.0	17.0	18.0	19.0	20.0	21.0	22.0	23.0	24.0	25.0	26.0	27.0	28.0	29.0	30.0	31.0	32.0	33.0	34.0	35.0	36.0	37.0
NS.2150.TSP0150---TSP200X.BS_202_R2	2.0	6.0	21.0	23.0	29.0	33.0	50.0	84.0	155.0	242.0	440.0	639.0	841.0	922.0	1104.0	1351.0	1742.0	2431.0	3792.0	5868.0	8218.0	12410.0	22063.0	55343.0	137652.0	4171.0
	17.0	18.0	19.0	20.0	21.0	22.0	23.0	24.0	25.0	26.0	27.0	28.0	29.0	30.0	31.0	32.0	33.0	34.0	35.0	36.0	37.0
NS.2150.TSP0151---TSP200X.BS_233_R1	8.0	6.0	33.0	88.0	220.0	617.0	1490.0	3090.0	4853.0	6471.0	9649.0	14697.0	22108.0	35392.0	53579.0	74737.0	117747.0	234901.0	561375.0	598088.0	3959.0
	11.0	12.0	13.0	14.0	15.0	16.0	17.0	18.0	19.0	20.0	21.0	22.0	23.0	24.0	25.0	26.0	27.0	28.0	29.0	30.0	31.0	32.0	33.0	34.0	35.0	36.0	37.0
NS.2150.TSP0151---TSP200X.BS_233_R2	3.0	13.0	52.0	112.0	139.0	194.0	246.0	385.0	619.0	1016.0	1759.0	2544.0	3474.0	4159.0	4869.0	5567.0	7173.0	9446.0	13390.0	21164.0	31931.0	46770.0	75445.0	148150.0	390723.0	934724.0	27566.0
	17.0	18.0	19.0	20.0	21.0	22.0	23.0	24.0	25.0	26.0	27.0	28.0	29.0	30.0	31.0	32.0	33.0	34.0	35.0	36.0	37.0
NS.2150.TSP0152---TSP200X.BS_238_R1	2.0	3.0	16.0	34.0	82.0	243.0	606.0	1233.0	2004.0	2707.0	4009.0	6072.0	9061.0	14505.0	21673.0	29892.0	45892.0	89072.0	223216.0	286715.0	2027.0
	11.0	12.0	13.0	14.0	15.0	16.0	17.0	18.0	19.0	20.0	21.0	22.0	23.0	24.0	25.0	26.0	27.0	28.0	29.0	30.0	31.0	32.0	33.0	34.0	35.0	36.0	37.0
NS.2150.TSP0152---TSP200X.BS_238_R2	2.0	3.0	27.0	72.0	68.0	83.0	128.0	173.0	276.0	378.0	727.0	1118.0	1703.0	2210.0	2756.0	3408.0	4336.0	5831.0	8014.0	12650.0	18780.0	27165.0	44388.0	85502.0	194323.0	309620.0	7463.0
	16.0	17.0	18.0	19.0	20.0	21.0	22.0	23.0	24.0	25.0	26.0	27.0	28.0	29.0	30.0	31.0	32.0	33.0	34.0	35.0	36.0	37.0
NS.2150.TSP0153---TSP200X.BS_245_R1	1.0	0.0	6.0	17.0	27.0	121.0	281.0	795.0	1671.0	2618.0	3785.0	5634.0	9084.0	13560.0	21660.0	32866.0	46155.0	71568.0	141053.0	343389.0	389348.0	3048.0
	4.0	5.0	6.0	7.0	8.0	9.0	10.0	11.0	12.0	13.0	14.0	15.0	16.0	17.0	18.0	19.0	20.0	21.0	22.0	23.0	24.0	25.0	26.0	27.0	28.0	29.0	30.0	31.0	32.0	33.0	34.0	35.0	36.0	37.0
NS.2150.TSP0153---TSP200X.BS_245_R2	1.0	0.0	0.0	0.0	0.0	1.0	1.0	1.0	14.0	36.0	57.0	86.0	100.0	141.0	231.0	363.0	552.0	988.0	1514.0	2033.0	2524.0	2873.0	3448.0	4402.0	6061.0	8557.0	13776.0	21160.0	30655.0	48732.0	92817.0	243433.0	577153.0	17603.0
	14.0	15.0	16.0	17.0	18.0	19.0	20.0	21.0	22.0	23.0	24.0	25.0	26.0	27.0	28.0	29.0	30.0	31.0	32.0	33.0	34.0	35.0	36.0	37.0
NS.2150.TSP0155---TSP200X.BS_253_R1	1.0	0.0	0.0	3.0	7.0	9.0	40.0	92.0	282.0	690.0	1451.0	2311.0	3228.0	5090.0	7393.0	11599.0	18079.0	27690.0	38638.0	61222.0	122171.0	294804.0	306318.0	2547.0
	10.0	11.0	12.0	13.0	14.0	15.0	16.0	17.0	18.0	19.0	20.0	21.0	22.0	23.0	24.0	25.0	26.0	27.0	28.0	29.0	30.0	31.0	32.0	33.0	34.0	35.0	36.0	37.0
NS.2150.TSP0155---TSP200X.BS_253_R2	1.0	1.0	7.0	39.0	71.0	99.0	96.0	139.0	179.0	306.0	457.0	765.0	1215.0	1802.0	2184.0	2431.0	2819.0	3680.0	5143.0	6898.0	10994.0	16848.0	24533.0	40063.0	77461.0	204232.0	478862.0	16466.0
	15.0	16.0	17.0	18.0	19.0	20.0	21.0	22.0	23.0	24.0	25.0	26.0	27.0	28.0	29.0	30.0	31.0	32.0	33.0	34.0	35.0	36.0	37.0
NS.2150.TSP0157---TSP200X.BS_255_R1	1.0	2.0	4.0	9.0	29.0	99.0	283.0	704.0	1755.0	3585.0	5612.0	7915.0	12064.0	18532.0	28040.0	45052.0	69626.0	100491.0	164264.0	336163.0	728864.0	588025.0	3885.0
	5.0	6.0	7.0	8.0	9.0	10.0	11.0	12.0	13.0	14.0	15.0	16.0	17.0	18.0	19.0	20.0	21.0	22.0	23.0	24.0	25.0	26.0	27.0	28.0	29.0	30.0	31.0	32.0	33.0	34.0	35.0	36.0	37.0
NS.2150.TSP0157---TSP200X.BS_255_R2	1.0	0.0	0.0	0.0	2.0	0.0	2.0	27.0	66.0	135.0	174.0	236.0	290.0	403.0	597.0	1006.0	1699.0	2720.0	3629.0	4445.0	4975.0	5636.0	7163.0	10150.0	14623.0	23418.0	37088.0	55421.0	91526.0	178052.0	479798.0	1147711.0	33051.0
	16.0	17.0	18.0	19.0	20.0	21.0	22.0	23.0	24.0	25.0	26.0	27.0	28.0	29.0	30.0	31.0	32.0	33.0	34.0	35.0	36.0	37.0
NS.2150.TSP0159---TSP200X.BS_257_R1	1.0	13.0	13.0	44.0	104.0	271.0	744.0	1666.0	3556.0	5346.0	7306.0	10979.0	17049.0	25261.0	41100.0	63809.0	92347.0	152804.0	312814.0	660732.0	512770.0	3755.0
	7.0	8.0	9.0	10.0	11.0	12.0	13.0	14.0	15.0	16.0	17.0	18.0	19.0	20.0	21.0	22.0	23.0	24.0	25.0	26.0	27.0	28.0	29.0	30.0	31.0	32.0	33.0	34.0	35.0	36.0	37.0
NS.2150.TSP0159---TSP200X.BS_257_R2	1.0	0.0	0.0	0.0	0.0	14.0	67.0	134.0	161.0	222.0	280.0	401.0	588.0	991.0	1671.0	2512.0	3618.0	4547.0	4908.0	5471.0	6981.0	9637.0	13478.0	21950.0	33989.0	50419.0	83484.0	163178.0	436279.0	1025314.0	31540.0
	16.0	17.0	18.0	19.0	20.0	21.0	22.0	23.0	24.0	25.0	26.0	27.0	28.0	29.0	30.0	31.0	32.0	33.0	34.0	35.0	36.0	37.0
NS.2150.TSP0163---TSP200X.BS_261_R1	1.0	0.0	0.0	9.0	21.0	35.0	137.0	348.0	651.0	1144.0	1652.0	2546.0	3929.0	6398.0	10649.0	16794.0	26160.0	45521.0	91628.0	155860.0	82653.0	366.0
	12.0	13.0	14.0	15.0	16.0	17.0	18.0	19.0	20.0	21.0	22.0	23.0	24.0	25.0	26.0	27.0	28.0	29.0	30.0	31.0	32.0	33.0	34.0	35.0	36.0	37.0
NS.2150.TSP0163---TSP200X.BS_261_R2	8.0	10.0	27.0	52.0	56.0	68.0	101.0	132.0	246.0	395.0	621.0	840.0	1121.0	1380.0	1729.0	2323.0	3252.0	4732.0	7988.0	12780.0	19665.0	33614.0	64917.0	128878.0	153884.0	3937.0
	5.0	6.0	7.0	8.0	9.0	10.0	11.0	12.0	13.0	14.0	15.0	16.0	17.0	18.0	19.0	20.0	21.0	22.0	23.0	24.0	25.0	26.0	27.0	28.0	29.0	30.0	31.0	32.0	33.0	34.0	35.0	36.0	37.0
NS.2150.TSP0164---TSP200X.BS_262_R2	1.0	0.0	0.0	0.0	0.0	0.0	0.0	10.0	49.0	88.0	123.0	131.0	163.0	205.0	293.0	503.0	948.0	1378.0	1923.0	2453.0	2909.0	3418.0	4635.0	6333.0	8892.0	14226.0	22568.0	34256.0	56902.0	108173.0	238837.0	337680.0	5479.0
	17.0	18.0	19.0	20.0	21.0	22.0	23.0	24.0	25.0	26.0	27.0	28.0	29.0	30.0	31.0	32.0	33.0	34.0	35.0	36.0	37.0
NS.2150.TSP0165---TSP200X.BS_263_R1	3.0	17.0	24.0	82.0	216.0	630.0	1404.0	3171.0	4946.0	6941.0	10090.0	14999.0	22812.0	36419.0	55628.0	77415.0	121254.0	239323.0	574514.0	586069.0	3403.0
	6.0	7.0	8.0	9.0	10.0	11.0	12.0	13.0	14.0	15.0	16.0	17.0	18.0	19.0	20.0	21.0	22.0	23.0	24.0	25.0	26.0	27.0	28.0	29.0	30.0	31.0	32.0	33.0	34.0	35.0	36.0	37.0
NS.2150.TSP0165---TSP200X.BS_263_R2	1.0	0.0	0.0	0.0	0.0	2.0	12.0	71.0	121.0	126.0	180.0	255.0	361.0	546.0	879.0	1461.0	2315.0	3305.0	4063.0	4616.0	5381.0	6933.0	9280.0	13294.0	21378.0	32807.0	48335.0	78431.0	150725.0	400212.0	937943.0	25766.0
	17.0	18.0	19.0	20.0	21.0	22.0	23.0	24.0	25.0	26.0	27.0	28.0	29.0	30.0	31.0	32.0	33.0	34.0	35.0	36.0	37.0
NS.2150.TSP0166---TSP200X.BS_264_R1	2.0	0.0	6.0	9.0	32.0	103.0	238.0	489.0	754.0	1031.0	1465.0	2331.0	3482.0	5415.0	8275.0	11185.0	16696.0	31418.0	81739.0	117653.0	845.0
	12.0	13.0	14.0	15.0	16.0	17.0	18.0	19.0	20.0	21.0	22.0	23.0	24.0	25.0	26.0	27.0	28.0	29.0	30.0	31.0	32.0	33.0	34.0	35.0	36.0	37.0
NS.2150.TSP0166---TSP200X.BS_264_R2	2.0	13.0	21.0	27.0	30.0	39.0	72.0	106.0	156.0	257.0	411.0	626.0	772.0	870.0	1025.0	1329.0	1697.0	2458.0	3739.0	5736.0	7963.0	12706.0	24122.0	63120.0	147771.0	5671.0
	14.0	15.0	16.0	17.0	18.0	19.0	20.0	21.0	22.0	23.0	24.0	25.0	26.0	27.0	28.0	29.0	30.0	31.0	32.0	33.0	34.0	35.0	36.0	37.0
NS.2150.TSP0167---TSP200X.BS_265_R1	1.0	0.0	0.0	3.0	9.0	23.0	58.0	159.0	472.0	1226.0	2542.0	4193.0	5753.0	8733.0	13264.0	19688.0	31406.0	47257.0	65914.0	101934.0	201511.0	494447.0	557497.0	3229.0
	4.0	5.0	6.0	7.0	8.0	9.0	10.0	11.0	12.0	13.0	14.0	15.0	16.0	17.0	18.0	19.0	20.0	21.0	22.0	23.0	24.0	25.0	26.0	27.0	28.0	29.0	30.0	31.0	32.0	33.0	34.0	35.0	36.0	37.0
NS.2150.TSP0167---TSP200X.BS_265_R2	2.0	0.0	0.0	0.0	0.0	0.0	0.0	1.0	16.0	51.0	102.0	123.0	126.0	222.0	280.0	387.0	699.0	1189.0	1960.0	3006.0	3666.0	4161.0	4885.0	6308.0	8427.0	11942.0	19237.0	29444.0	42977.0	68895.0	133172.0	353037.0	833399.0	21872.0
	16.0	17.0	18.0	19.0	20.0	21.0	22.0	23.0	24.0	25.0	26.0	27.0	28.0	29.0	30.0	31.0	32.0	33.0	34.0	35.0	36.0	37.0
NS.2150.TSP0169---TSP200X.BS_267_R1	2.0	1.0	4.0	2.0	9.0	26.0	71.0	182.0	377.0	578.0	823.0	1259.0	1855.0	3017.0	4815.0	7356.0	10253.0	15219.0	29431.0	73272.0	93978.0	602.0
	10.0	11.0	12.0	13.0	14.0	15.0	16.0	17.0	18.0	19.0	20.0	21.0	22.0	23.0	24.0	25.0	26.0	27.0	28.0	29.0	30.0	31.0	32.0	33.0	34.0	35.0	36.0	37.0
NS.2150.TSP0169---TSP200X.BS_267_R2	1.0	0.0	1.0	10.0	21.0	23.0	26.0	30.0	37.0	64.0	134.0	217.0	320.0	419.0	537.0	650.0	755.0	990.0	1382.0	1889.0	3109.0	4752.0	6886.0	11337.0	21008.0	55014.0	128480.0	3511.0
	19.0	20.0	21.0	22.0	23.0	24.0	25.0	26.0	27.0	28.0	29.0	30.0	31.0	32.0	33.0	34.0	35.0	36.0	37.0
NS.2150.TSP0173---TSP200X.BS_271_R1	1.0	2.0	14.0	23.0	67.0	106.0	212.0	242.0	391.0	535.0	848.0	1274.0	1967.0	2689.0	3903.0	7811.0	19190.0	28135.0	2290.0
	12.0	13.0	14.0	15.0	16.0	17.0	18.0	19.0	20.0	21.0	22.0	23.0	24.0	25.0	26.0	27.0	28.0	29.0	30.0	31.0	32.0	33.0	34.0	35.0	36.0	37.0
NS.2150.TSP0173---TSP200X.BS_271_R2	2.0	1.0	6.0	6.0	9.0	13.0	14.0	27.0	36.0	50.0	80.0	143.0	205.0	225.0	294.0	383.0	462.0	673.0	1028.0	1499.0	2176.0	3223.0	6109.0	15558.0	33437.0	3490.0
	17.0	18.0	19.0	20.0	21.0	22.0	23.0	24.0	25.0	26.0	27.0	28.0	29.0	30.0	31.0	32.0	33.0	34.0	35.0	36.0	37.0
NS.2150.TSP0174---TSP200X.BS_272_R1	5.0	7.0	25.0	66.0	231.0	481.0	1065.0	2287.0	3578.0	5112.0	7684.0	12004.0	18332.0	29293.0	44676.0	62785.0	99411.0	197166.0	467429.0	496871.0	3756.0
	7.0	8.0	9.0	10.0	11.0	12.0	13.0	14.0	15.0	16.0	17.0	18.0	19.0	20.0	21.0	22.0	23.0	24.0	25.0	26.0	27.0	28.0	29.0	30.0	31.0	32.0	33.0	34.0	35.0	36.0	37.0
NS.2150.TSP0174---TSP200X.BS_272_R2	1.0	0.0	0.0	0.0	2.0	10.0	58.0	113.0	129.0	166.0	198.0	270.0	479.0	820.0	1374.0	1965.0	2679.0	3280.0	3864.0	4630.0	5985.0	8418.0	11774.0	18492.0	28035.0	40876.0	66126.0	127099.0	332884.0	761481.0	20673.0
	8.0	9.0	10.0	11.0	12.0	13.0	14.0	15.0	16.0	17.0	18.0	19.0	20.0	21.0	22.0	23.0	24.0	25.0	26.0	27.0	28.0	29.0	30.0	31.0	32.0	33.0	34.0	35.0	36.0	37.0
NS.2150.TSP0177---TSP200X.BS_275_R2	1.0	0.0	0.0	3.0	14.0	52.0	90.0	126.0	175.0	241.0	282.0	464.0	732.0	1297.0	1925.0	2644.0	3252.0	3729.0	4337.0	5526.0	7816.0	11185.0	18416.0	28757.0	43031.0	71638.0	141069.0	375394.0	905066.0	27751.0
	18.0	19.0	20.0	21.0	22.0	23.0	24.0	25.0	26.0	27.0	28.0	29.0	30.0	31.0	32.0	33.0	34.0	35.0	36.0	37.0
NS.2150.TSP0178---TSP200X.BS_276_R1	6.0	11.0	29.0	77.0	222.0	601.0	1276.0	2162.0	3017.0	4549.0	7130.0	10915.0	18173.0	28076.0	40009.0	63543.0	127761.0	294267.0	293809.0	1784.0
	12.0	13.0	14.0	15.0	16.0	17.0	18.0	19.0	20.0	21.0	22.0	23.0	24.0	25.0	26.0	27.0	28.0	29.0	30.0	31.0	32.0	33.0	34.0	35.0	36.0	37.0
NS.2150.TSP0178---TSP200X.BS_276_R2	8.0	21.0	43.0	63.0	70.0	118.0	143.0	228.0	325.0	659.0	980.0	1520.0	1877.0	2154.0	2678.0	3431.0	4761.0	6744.0	10829.0	16817.0	24314.0	39362.0	75222.0	200202.0	483987.0	15936.0

