#Insert size (bp)	insert size
1.0	49.0
2.0	8.0
3.0	4.0
4.0	2.0
5.0	143.0
6.0	5.0
7.0	11.0
8.0	2.0
9.0	3.0
10.0	2.0
11.0	3.0
12.0	2.0
14.0	2.0
15.0	1.0
16.0	1.0
17.0	2.0
18.0	1.0
19.0	1.0
20.0	1.0
21.0	2.0
22.0	1.0
25.0	1.0
26.0	1.0
28.0	1.0
30.0	2.0
31.0	1.0
32.0	1.0
33.0	1.0
34.0	1.0
35.0	4.0
37.0	1.0
38.0	2.0
39.0	2.0
40.0	2.0
41.0	5.0
42.0	2.0
43.0	1.0
44.0	1.0
45.0	1.0
46.0	4.0
47.0	6.0
48.0	11.0
49.0	4.0
50.0	2.0
51.0	6.0
52.0	3.0
53.0	3.0
54.0	1.0
55.0	2.0
56.0	3.0
57.0	2.0
59.0	2.0
60.0	1.0
61.0	3.0
62.0	3.0
63.0	3.0
64.0	1.0
65.0	2.0
66.0	2.0
67.0	1.0
68.0	2.0
69.0	6.0
71.0	4.0
72.0	7.0
73.0	3.0
74.0	5.0
75.0	2.0
76.0	1.0
77.0	1.0
78.0	1.0
79.0	1.0
80.0	1.0
81.0	5.0
82.0	2.0
83.0	1.0
84.0	3.0
85.0	1.0
87.0	4.0
88.0	4.0
89.0	1.0
90.0	3.0
91.0	1.0
92.0	4.0
93.0	2.0
94.0	1.0
95.0	3.0
96.0	4.0
97.0	4.0
98.0	2.0
99.0	23.0
100.0	13.0
101.0	7.0
102.0	7.0
103.0	12.0
104.0	22.0
105.0	10.0
106.0	8.0
107.0	4.0
108.0	6.0
109.0	4.0
110.0	5.0
111.0	5.0
112.0	5.0
113.0	9.0
114.0	14.0
115.0	4.0
116.0	5.0
117.0	17.0
118.0	8.0
119.0	7.0
120.0	8.0
121.0	3.0
122.0	8.0
123.0	1.0
124.0	3.0
125.0	6.0
126.0	5.0
127.0	4.0
128.0	10.0
129.0	4.0
130.0	3.0
131.0	7.0
132.0	9.0
133.0	16.0
134.0	7.0
135.0	5.0
136.0	23.0
137.0	10.0
138.0	12.0
139.0	9.0
140.0	7.0
141.0	7.0
142.0	6.0
143.0	6.0
144.0	5.0
145.0	2.0
146.0	6.0
147.0	7.0
148.0	7.0
149.0	7.0
150.0	11.0
151.0	14.0
152.0	8.0
153.0	1.0
154.0	3.0
155.0	117.0
156.0	7.0
157.0	3.0
158.0	3.0
159.0	9.0
160.0	6.0
161.0	2.0
162.0	16.0
163.0	5.0
164.0	11.0
165.0	9.0
166.0	5.0
167.0	8.0
168.0	10.0
169.0	38.0
170.0	7.0
171.0	10.0
172.0	8.0
173.0	13.0
174.0	36.0
175.0	29.0
176.0	10.0
177.0	24.0
178.0	3.0
179.0	5.0
180.0	329.0
181.0	176.0
182.0	4.0
183.0	6.0
184.0	4.0
185.0	17.0
186.0	7.0
187.0	204.0
188.0	9.0
189.0	9.0
190.0	7.0
191.0	199.0
192.0	2.0
193.0	9.0
194.0	4.0
195.0	13.0
196.0	308.0
197.0	248.0
198.0	5465.0
199.0	257.0
200.0	10.0
201.0	1.0
202.0	8.0
203.0	27.0
204.0	10.0
205.0	10.0
206.0	7.0
207.0	40.0
208.0	26.0
209.0	6.0
210.0	15.0
211.0	20.0
212.0	21.0
213.0	25.0
214.0	32.0
215.0	46.0
216.0	7505.0
217.0	8977.0
218.0	3551.0
219.0	10998.0
220.0	1016.0
221.0	5155.0
222.0	7822.0
223.0	2047.0
224.0	379.0
225.0	940.0
226.0	6276.0
227.0	6675.0
228.0	2143.0
229.0	4404.0
230.0	8176.0
231.0	8410.0
232.0	462.0
233.0	1698.0
234.0	8133.0
235.0	2959.0
236.0	7636.0
237.0	1425.0
238.0	2629.0
239.0	3130.0
240.0	6533.0
241.0	51.0
242.0	789.0
243.0	11.0
244.0	224.0
245.0	802.0
246.0	19.0
247.0	17.0
248.0	11.0
249.0	860.0
250.0	6716.0
251.0	14.0
252.0	9.0
253.0	181.0
254.0	4.0
255.0	223.0
256.0	672.0
257.0	76.0
258.0	182.0
259.0	9.0
260.0	4.0
261.0	10.0
262.0	5.0
263.0	630.0
264.0	26.0
265.0	31.0
266.0	7.0
267.0	538.0
268.0	7.0
269.0	12.0
270.0	2110.0
271.0	540.0
272.0	1041.0
273.0	266.0
274.0	13380.0
275.0	4463.0
276.0	5178.0
277.0	386.0
278.0	4422.0
279.0	810.0
280.0	297.0
281.0	915.0
282.0	76.0
283.0	755.0
284.0	1458.0
285.0	2138.0
286.0	1518.0
287.0	1247.0
288.0	212.0
289.0	1349.0
290.0	652.0
291.0	982.0
292.0	166.0
293.0	575.0
294.0	811.0
295.0	1158.0
296.0	6081.0
297.0	889.0
298.0	1483.0
299.0	1753.0
300.0	4818.0
301.0	37.0
302.0	14.0
303.0	7.0
304.0	19.0
305.0	8.0
306.0	8.0
307.0	4769.0
308.0	145.0
309.0	10.0
310.0	171.0
311.0	30.0
312.0	8.0
313.0	92.0
314.0	19.0
315.0	837.0
316.0	583.0
317.0	617.0
318.0	1317.0
319.0	196.0
320.0	1049.0
321.0	884.0
322.0	2425.0
323.0	252.0
324.0	428.0
325.0	734.0
326.0	1905.0
327.0	2709.0
328.0	1557.0
329.0	861.0
330.0	1806.0
331.0	4575.0
332.0	196.0
333.0	55.0
334.0	3835.0
335.0	2447.0
336.0	512.0
337.0	413.0
338.0	544.0
339.0	3728.0
340.0	569.0
341.0	312.0
342.0	4004.0
343.0	601.0
344.0	1947.0
345.0	2032.0
346.0	1926.0
347.0	2258.0
348.0	2416.0
349.0	1043.0
350.0	3412.0
351.0	69.0
352.0	1.0
353.0	2.0
354.0	3.0
355.0	26.0
356.0	2.0
357.0	9.0
358.0	3.0
359.0	1.0
360.0	6.0
361.0	1.0
362.0	10.0
363.0	1.0
364.0	6.0
366.0	22.0
367.0	1.0
368.0	8.0
369.0	1.0
370.0	1.0
371.0	12.0
373.0	1.0
374.0	1.0
378.0	6.0
379.0	3.0
380.0	3.0
381.0	1.0
382.0	14.0
383.0	7.0
384.0	2.0
386.0	1.0
389.0	1.0
390.0	10.0
391.0	2.0
392.0	2.0
393.0	1.0
394.0	13.0
395.0	1.0
397.0	1.0
398.0	2.0
399.0	10.0
401.0	1.0
403.0	29.0
405.0	2.0
406.0	1.0
407.0	1.0
408.0	5.0
409.0	2.0
410.0	5.0
414.0	2.0
418.0	1.0
419.0	3.0
421.0	14.0
424.0	2.0
426.0	22.0
428.0	4.0
431.0	2.0
432.0	5.0
433.0	1.0
435.0	2.0
437.0	1.0
439.0	23.0
440.0	2.0
442.0	5.0
443.0	6.0
444.0	2.0
445.0	1.0
447.0	3.0
448.0	11.0
449.0	75.0
452.0	590.0
454.0	4.0
455.0	10.0
457.0	3.0
458.0	36.0
459.0	4.0
460.0	2.0
461.0	23.0
463.0	2.0
464.0	4.0
467.0	2.0
471.0	10.0
472.0	1.0
475.0	3.0
476.0	1.0
477.0	1.0
483.0	1.0
486.0	1.0
487.0	5.0
489.0	1.0
491.0	1.0
493.0	1.0
495.0	2.0
496.0	1.0
497.0	1.0
505.0	2.0
507.0	1.0
514.0	3.0
516.0	2.0
517.0	1.0
518.0	3.0
523.0	2.0
525.0	1.0
528.0	1.0
529.0	1.0
530.0	2.0
531.0	1.0
532.0	2.0
534.0	1.0
536.0	3.0
540.0	1.0
543.0	4.0
544.0	2.0
550.0	9.0
552.0	1.0
555.0	1.0
556.0	4.0
557.0	5.0
558.0	1.0
559.0	1.0
560.0	1.0
562.0	2.0
563.0	3.0
565.0	1.0
567.0	3.0
568.0	15.0
570.0	4.0
574.0	2.0
579.0	1.0
582.0	2.0
584.0	3.0
585.0	2.0
588.0	3.0
597.0	1.0
