#Read position (bp)	Clipping profile
0.0	1.894520819105314
1.0	1.8846629517319788
2.0	1.8754641016446347
3.0	1.8709097926987814
4.0	1.8668654567871972
5.0	1.8612920074174089
6.0	1.8531147146878115
7.0	1.8433438569316976
8.0	1.8327802448853452
9.0	1.8244498796810067
10.0	1.8205698952686182
11.0	1.6508528030107907
12.0	1.5622850691255155
13.0	1.4877564981078228
14.0	1.4225226488853384
15.0	1.345268582172648
16.0	1.2495008024623075
17.0	1.1353546580477734
18.0	1.085302375741203
19.0	1.0595281935731957
20.0	1.0121756263342985
21.0	0.9585559497216537
22.0	0.8948608816926206
23.0	0.8621807139799721
24.0	0.7989078037233832
25.0	0.7297504652798998
26.0	0.6858750601514403
27.0	0.6660110867976521
28.0	0.5923147466557894
29.0	0.5220875121783253
30.0	0.47428217267203554
31.0	0.4377099358779403
32.0	0.37930875854114193
33.0	0.31388880541515635
34.0	0.2546513689795085
35.0	0.18240035525704454
36.0	0.17645228114644196
37.0	0.17411671743973234
38.0	0.172357995269416
39.0	0.17084660599249735
40.0	0.16979765671821798
41.0	0.16892272667838126
42.0	0.16821295378234433
43.0	0.16735333098998173
44.0	0.1663293566984233
45.0	0.1652095106990006
46.0	0.16459883208924353
47.0	0.16396881800899277
48.0	0.16197323632512947
49.0	0.16142539799447667
50.0	0.16082116454155077
51.0	0.1595732210501078
52.0	0.14545671630055088
53.0	0.13442019087170826
54.0	0.13426631275236314
55.0	0.1207355116298424
56.0	0.12001284842014302
57.0	0.11938041740608056
58.0	0.11874637510281032
59.0	0.11824606980378768
60.0	0.1072312967792504
61.0	0.10650138276811591
62.0	0.10612514673809403
63.0	0.10577952520302042
64.0	0.09338871119501989
65.0	0.09280542450179542
66.0	0.0924557747437023
67.0	0.09206745404462191
68.0	0.09183140017567887
69.0	0.09148577864060524
70.0	0.08196628200090861
71.0	0.06313031116169843
72.0	0.062399591505960035
73.0	0.06184450237387211
74.0	0.0613691720575704
75.0	0.06106222146348404
76.0	0.06080038696721614
77.0	0.060419317069570884
78.0	0.06013170194597814
79.0	0.059956071422327686
80.0	0.059700682082891005
81.0	0.05952021769161714
82.0	0.0592978597809404
83.0	0.0590980599191729
84.0	0.05868476423737158
85.0	0.058410039427441274
86.0	0.058166734757063104
87.0	0.057975796985938514
88.0	0.05773652053857986
89.0	0.05751738520631874
90.0	0.05732403050138245
91.0	0.05712825886263445
92.0	0.05688334290304849
93.0	0.05664648338950153
94.0	0.05648052060109788
95.0	0.05621788046022609
96.0	0.056003578995588374
97.0	0.05578524930793114
98.0	0.055486355159883795
99.0	0.05400477473330948
100.0	0.053681711247145096
101.0	0.053353008248753414
102.0	0.05435845271442211
103.0	0.054038611806673326
104.0	0.05392179333910766
105.0	0.0544220986381303
106.0	0.05438181640793525
107.0	0.05435603578061041
108.0	0.05413931738216098
109.0	0.05396529814771832
110.0	0.05376710957515862
111.0	0.05399671828727046
112.0	0.05374374588164549
113.0	0.053484328319189305
114.0	0.053538306507650686
115.0	0.05419007299220675
116.0	0.05419248992601846
117.0	0.05419893508284967
118.0	0.05415784720805071
119.0	0.05436731480506502
120.0	0.05426660922957737
121.0	0.05433025515328557
122.0	0.05429964065833732
123.0	0.054186850413791156
124.0	0.054115148044043944
125.0	0.05392259898371155
126.0	0.05399591264266657
127.0	0.053872649018269686
128.0	0.05402169326999141
129.0	0.05402330455919921
130.0	0.054248079403687643
131.0	0.05428111083244759
132.0	0.05424969069289545
133.0	0.05419812943824577
134.0	0.05419007299220675
135.0	0.05404183438508894
136.0	0.05418604476918725
137.0	0.05421101975190819
138.0	0.05402894407142652
139.0	0.05407003194622548
140.0	0.05410225773038153
141.0	0.054202963305869184
142.0	0.05424405118066814
143.0	0.05416026414186241
144.0	0.054186850413791156
145.0	0.05408131097068009
146.0	0.05406116985558257
147.0	0.053834783721886326
148.0	0.05393468365277007
149.0	0.05406680936780987
150.0	0.05425049633749934
151.0	0.05443982281941614
152.0	0.054477688115799484
153.0	0.05453730581648818
154.0	0.05460578560781978
155.0	0.055872258925152476
156.0	0.055976187079055724
157.0	0.055965713699205014
158.0	0.05607850394375118
159.0	0.05617840387463493
160.0	0.05625413446740165
161.0	0.056307307011259126
162.0	0.056437821437091126
163.0	0.05658525439960504
164.0	0.05671576882543704
165.0	0.05692362513324354
166.0	0.057108923392140826
167.0	0.05729905551866151
168.0	0.057568140816364514
169.0	0.057742965695411076
170.0	0.05784205998169092
171.0	0.05781386242055438
172.0	0.05654497216940998
173.0	0.05626863607027186
174.0	0.05637175857957122
175.0	0.056555445549260695
176.0	0.05685272840810024
177.0	0.057351422417915084
178.0	0.05647004722124717
179.0	0.05702191377491949
180.0	0.07546473004742588
181.0	0.08468855511749078
182.0	0.08479892842822524
183.0	0.08529520550422838
184.0	0.08568997136013998
185.0	0.0848343767907969
186.0	0.08534596111427417
187.0	0.09736940118289575
188.0	0.09792529595958757
189.0	0.09829105860975872
190.0	0.09885017596486616
191.0	0.10942748396948508
192.0	0.10982144418079276
193.0	0.11053605094445314
194.0	0.11079305157309761
195.0	0.11179124523733122
196.0	0.12545336643028784
197.0	0.12671339459078934
198.0	0.13783370705843767
199.0	0.15167709828727208
200.0	0.15238767682791296
201.0	0.1528871764823317
202.0	0.15345757286189374
203.0	0.15537903524219812
204.0	0.15605094284185173
205.0	0.15639092486469802
206.0	0.15714581385855345
207.0	0.15830755337737898
208.0	0.15959094523139364
209.0	0.16069467833873827
210.0	0.1619216750704798
211.0	0.1637746576594526
212.0	0.16662502826805503
213.0	0.17018839435111008
214.0	0.17498600796734173
215.0	0.1881268771015743
216.0	0.2603786964686422
217.0	0.31738610864069144
218.0	0.38148238768246745
219.0	0.43883300445577866
220.0	0.4743007024979253
221.0	0.5250369770732076
222.0	0.5960207118337348
223.0	0.6684570238150962
224.0	0.6875306598124572
225.0	0.7308662830563031
226.0	0.804968668078532
227.0	0.8689859939491257
228.0	0.9028045374870866
229.0	0.9588105334164866
230.0	1.0148584228652895
231.0	1.098366708638065
232.0	1.1274818989784507
233.0	1.200611870963771
234.0	1.2806864994347193
235.0	1.3506212849209676
236.0	1.4306032642624673
237.0	1.4879071536487523
238.0	1.566278649427054
239.0	1.653253623930416
240.0	1.819374318676429
241.0	1.8249558244922568
242.0	1.8335786386878112
243.0	1.844638527810167
244.0	1.8548178473804589
245.0	1.8641850771900181
246.0	1.8724252101987193
247.0	1.8806838730333106
248.0	1.8860035443528704
249.0	1.8974275848361892
250.0	1.9052238076681414
