#Insert size (bp)	insert size
1.0	84.0
2.0	4.0
3.0	11.0
4.0	2.0
5.0	120.0
6.0	2.0
7.0	9.0
8.0	3.0
9.0	3.0
10.0	1.0
11.0	3.0
12.0	1.0
13.0	4.0
14.0	2.0
15.0	2.0
16.0	1.0
19.0	1.0
25.0	1.0
26.0	1.0
28.0	1.0
30.0	1.0
32.0	1.0
36.0	2.0
39.0	1.0
43.0	1.0
44.0	2.0
45.0	2.0
47.0	21.0
48.0	4.0
49.0	4.0
50.0	1.0
51.0	1.0
52.0	2.0
53.0	1.0
54.0	4.0
55.0	1.0
56.0	2.0
57.0	4.0
58.0	2.0
59.0	2.0
61.0	3.0
62.0	3.0
63.0	2.0
64.0	5.0
65.0	3.0
66.0	4.0
67.0	2.0
68.0	2.0
69.0	2.0
70.0	1.0
71.0	2.0
72.0	3.0
73.0	1.0
74.0	3.0
76.0	1.0
78.0	1.0
79.0	1.0
80.0	2.0
81.0	2.0
82.0	1.0
83.0	1.0
84.0	2.0
85.0	1.0
86.0	2.0
87.0	3.0
88.0	3.0
89.0	1.0
91.0	2.0
93.0	3.0
94.0	3.0
95.0	10.0
96.0	4.0
97.0	2.0
98.0	2.0
99.0	15.0
100.0	17.0
101.0	1.0
102.0	4.0
103.0	10.0
104.0	27.0
105.0	6.0
106.0	5.0
107.0	1.0
108.0	3.0
109.0	3.0
110.0	6.0
111.0	4.0
112.0	1.0
113.0	2.0
114.0	22.0
115.0	2.0
116.0	5.0
117.0	4.0
118.0	3.0
119.0	4.0
120.0	5.0
121.0	7.0
122.0	4.0
123.0	3.0
124.0	5.0
125.0	2.0
126.0	8.0
127.0	1.0
128.0	4.0
129.0	1.0
131.0	4.0
132.0	34.0
133.0	3.0
134.0	4.0
135.0	6.0
136.0	8.0
137.0	3.0
138.0	3.0
139.0	3.0
140.0	5.0
141.0	2.0
143.0	6.0
144.0	2.0
145.0	3.0
146.0	1.0
147.0	3.0
148.0	3.0
149.0	1.0
150.0	5.0
151.0	16.0
152.0	5.0
153.0	2.0
154.0	4.0
155.0	112.0
156.0	7.0
157.0	2.0
158.0	8.0
159.0	12.0
160.0	2.0
161.0	3.0
162.0	1.0
163.0	8.0
164.0	3.0
165.0	4.0
166.0	6.0
167.0	3.0
168.0	1.0
169.0	5.0
170.0	6.0
171.0	4.0
172.0	3.0
173.0	7.0
174.0	18.0
175.0	7.0
176.0	4.0
177.0	7.0
178.0	2.0
179.0	8.0
180.0	932.0
181.0	917.0
182.0	7.0
183.0	1.0
184.0	2.0
185.0	9.0
186.0	8.0
187.0	1041.0
188.0	4.0
189.0	4.0
190.0	5.0
191.0	961.0
192.0	3.0
193.0	8.0
194.0	6.0
195.0	5.0
196.0	1044.0
197.0	2.0
198.0	607.0
199.0	1018.0
200.0	17.0
201.0	3.0
202.0	7.0
203.0	19.0
204.0	4.0
205.0	5.0
206.0	5.0
207.0	15.0
208.0	12.0
209.0	7.0
210.0	9.0
211.0	4.0
212.0	12.0
213.0	8.0
214.0	10.0
215.0	19.0
216.0	4111.0
217.0	3775.0
218.0	3334.0
219.0	2980.0
220.0	1609.0
221.0	2137.0
222.0	3931.0
223.0	4370.0
224.0	956.0
225.0	2591.0
226.0	2605.0
227.0	3304.0
228.0	1791.0
229.0	3548.0
230.0	2778.0
231.0	1907.0
232.0	1327.0
233.0	2106.0
234.0	5648.0
235.0	4767.0
236.0	4021.0
237.0	1940.0
238.0	3997.0
239.0	4496.0
240.0	9797.0
241.0	39.0
242.0	354.0
243.0	3.0
244.0	291.0
245.0	357.0
246.0	20.0
248.0	6.0
249.0	164.0
250.0	583.0
251.0	7.0
252.0	31.0
253.0	605.0
254.0	2.0
255.0	116.0
256.0	282.0
257.0	14.0
258.0	541.0
259.0	3.0
260.0	2.0
261.0	4.0
263.0	426.0
264.0	8.0
265.0	3.0
266.0	11.0
267.0	431.0
268.0	4.0
269.0	22.0
270.0	2644.0
271.0	700.0
272.0	1450.0
273.0	203.0
274.0	1444.0
275.0	1536.0
276.0	1379.0
277.0	629.0
278.0	682.0
279.0	1382.0
280.0	390.0
281.0	683.0
282.0	153.0
283.0	1326.0
284.0	979.0
285.0	1149.0
286.0	2038.0
287.0	969.0
288.0	331.0
289.0	670.0
290.0	616.0
291.0	1250.0
292.0	330.0
293.0	725.0
294.0	1163.0
295.0	858.0
296.0	1263.0
297.0	1125.0
298.0	1097.0
299.0	1355.0
300.0	2475.0
301.0	11.0
302.0	1.0
303.0	1.0
304.0	3.0
305.0	2.0
306.0	5.0
307.0	223.0
308.0	167.0
309.0	7.0
310.0	217.0
311.0	27.0
312.0	3.0
313.0	8.0
314.0	12.0
315.0	1194.0
316.0	856.0
317.0	549.0
318.0	507.0
319.0	108.0
320.0	595.0
321.0	528.0
322.0	576.0
323.0	161.0
324.0	325.0
325.0	662.0
326.0	1572.0
327.0	1274.0
328.0	1158.0
329.0	725.0
330.0	403.0
331.0	838.0
332.0	206.0
333.0	42.0
334.0	1043.0
335.0	1708.0
336.0	342.0
337.0	361.0
338.0	546.0
339.0	987.0
340.0	665.0
341.0	150.0
342.0	829.0
343.0	284.0
344.0	320.0
345.0	954.0
346.0	915.0
347.0	806.0
348.0	754.0
349.0	984.0
350.0	1979.0
351.0	101.0
352.0	11.0
354.0	1.0
355.0	1.0
356.0	6.0
358.0	4.0
359.0	5.0
360.0	4.0
361.0	2.0
362.0	14.0
363.0	2.0
364.0	6.0
366.0	4.0
367.0	2.0
368.0	9.0
369.0	5.0
370.0	3.0
371.0	2.0
375.0	1.0
380.0	4.0
381.0	5.0
382.0	9.0
383.0	3.0
384.0	12.0
387.0	2.0
389.0	1.0
390.0	4.0
391.0	3.0
393.0	7.0
394.0	7.0
395.0	1.0
397.0	1.0
398.0	2.0
399.0	4.0
403.0	7.0
404.0	4.0
406.0	5.0
407.0	1.0
408.0	7.0
409.0	2.0
410.0	3.0
411.0	2.0
414.0	2.0
415.0	1.0
419.0	4.0
420.0	1.0
421.0	7.0
423.0	4.0
426.0	6.0
428.0	8.0
431.0	5.0
432.0	10.0
435.0	3.0
436.0	2.0
439.0	6.0
440.0	1.0
442.0	3.0
443.0	3.0
444.0	6.0
446.0	3.0
447.0	3.0
448.0	14.0
449.0	12.0
451.0	6.0
452.0	50.0
454.0	6.0
455.0	1.0
456.0	3.0
458.0	6.0
459.0	2.0
460.0	3.0
461.0	4.0
467.0	1.0
471.0	4.0
472.0	1.0
476.0	6.0
481.0	1.0
487.0	1.0
488.0	3.0
489.0	1.0
491.0	2.0
496.0	2.0
497.0	1.0
499.0	1.0
505.0	1.0
506.0	5.0
514.0	2.0
518.0	1.0
529.0	1.0
532.0	2.0
536.0	1.0
543.0	1.0
547.0	3.0
548.0	1.0
555.0	2.0
556.0	1.0
557.0	1.0
559.0	3.0
560.0	1.0
563.0	5.0
568.0	1.0
570.0	1.0
579.0	1.0
