#Read position (bp)	Clipping profile
0.0	1.8546409268420612
1.0	1.8429723239855325
2.0	1.8357884136760225
3.0	1.8326191959334868
4.0	1.8296652854443791
5.0	1.8254457884168267
6.0	1.8188474088087134
7.0	1.8100513197967036
8.0	1.8013156218435824
9.0	1.7883210413897213
10.0	1.7847159577439036
11.0	1.617330322392679
12.0	1.5458404371598475
13.0	1.4747260267714088
14.0	1.4144111131311483
15.0	1.3442156971170989
16.0	1.2531249747276547
17.0	1.1244316282364224
18.0	1.0783952614759553
19.0	1.0512402905618647
20.0	1.0052616891620736
21.0	0.9572613001386263
22.0	0.8891821968838843
23.0	0.8554025893795548
24.0	0.797715999650047
25.0	0.7305401365804187
26.0	0.6914671214796083
27.0	0.672047457499661
28.0	0.595734164650393
29.0	0.530955564048814
30.0	0.48842187870387554
31.0	0.4529670757399453
32.0	0.3931379162690047
33.0	0.32418970690591187
34.0	0.26315797765362775
35.0	0.19318312028943177
36.0	0.18752474064140767
37.0	0.18520624911973468
38.0	0.18355731064225944
39.0	0.18205278556647392
40.0	0.1811049085117469
41.0	0.18034083033189768
42.0	0.1797001599680379
43.0	0.17898597005422698
44.0	0.1781851320994022
45.0	0.1773028974999887
46.0	0.17673837238429257
47.0	0.17604518805618197
48.0	0.1743306071233932
49.0	0.17377658480054722
50.0	0.17323569096876396
51.0	0.17226155693191156
52.0	0.15812217205738263
53.0	0.14615949100104955
54.0	0.1457525077781058
55.0	0.1273910001778123
56.0	0.12661904490332548
57.0	0.12597574884125312
58.0	0.1253272013827557
59.0	0.12479418464561004
60.0	0.11363496724231424
61.0	0.11319122424439496
62.0	0.11287088906246504
63.0	0.1125032913127094
64.0	0.09720072213002522
65.0	0.09667295678930463
66.0	0.09636575009843742
67.0	0.09600865514153197
68.0	0.09568831995960206
69.0	0.09545988421511106
70.0	0.08486256622929887
71.0	0.06379921516830148
72.0	0.06309027665091563
73.0	0.06258089119768283
74.0	0.06200323759092399
75.0	0.06163563984116836
76.0	0.06146496945735325
77.0	0.061055360536196986
78.0	0.060805919206005664
79.0	0.060643125916828175
80.0	0.06040681307769956
81.0	0.060275528167072545
82.0	0.05998144996726804
83.0	0.059837036565578344
84.0	0.05939854496408413
85.0	0.05918848910708091
86.0	0.058868153925151004
87.0	0.058742120410949075
88.0	0.05854256734679602
89.0	0.058308880205879945
90.0	0.05816446680419024
91.0	0.057996422118587666
92.0	0.057767986374096664
93.0	0.057539550629605675
94.0	0.057332120470815
95.0	0.057127316010236864
96.0	0.057006533892460014
97.0	0.05684374060328252
98.0	0.05655753949811564
99.0	0.055961506003869024
100.0	0.05565167361478928
101.0	0.05541536077566066
102.0	0.05661267916057899
103.0	0.0562214501269105
104.0	0.05620307023942271
105.0	0.056901505963958404
106.0	0.05683323781043236
107.0	0.056796478035456795
108.0	0.05643675738033879
109.0	0.05621619873048541
110.0	0.0561426791805343
111.0	0.05652340542135262
112.0	0.056287092582223995
113.0	0.05604815404488284
114.0	0.056205695937635254
115.0	0.05693301434250889
116.0	0.0569146344550211
117.0	0.05695401992820921
118.0	0.05698027691033461
119.0	0.05719295846555037
120.0	0.05716145008699988
121.0	0.05731636628153975
122.0	0.05729536069583943
123.0	0.05731111488511467
124.0	0.05733999756545262
125.0	0.05730323779047705
126.0	0.05732686907438992
127.0	0.05721133835303815
128.0	0.05733474616902754
129.0	0.057276980808351655
130.0	0.05744502549395422
131.0	0.057560556215305994
132.0	0.057508042251055186
133.0	0.05754742772424329
134.0	0.05753692493139313
135.0	0.057492288061779945
136.0	0.05770234391878317
137.0	0.05768658972950792
138.0	0.05756580761173107
139.0	0.057620947274194416
140.0	0.05761044448134426
141.0	0.05772072380627095
142.0	0.05771547240984587
143.0	0.057739103693758724
144.0	0.05775748358124651
145.0	0.05766295844559506
146.0	0.057665584143807604
147.0	0.05756843330994362
148.0	0.05771547240984587
149.0	0.05780999754549731
150.0	0.05792815396506162
151.0	0.05811982993457705
152.0	0.0582012265791658
153.0	0.05827737182732946
154.0	0.058377148359405995
155.0	0.05893904777688959
156.0	0.05897843325007769
157.0	0.05907558408394169
158.0	0.059222623183843935
159.0	0.059335528206983165
160.0	0.05944843323012239
161.0	0.059461561721185094
162.0	0.05962698070857512
163.0	0.05985804215127866
164.0	0.059947315890505025
165.0	0.06020463431533396
166.0	0.0603831817937867
167.0	0.06057223206508958
168.0	0.060808544904218206
169.0	0.06113150578436065
170.0	0.061383572812764506
171.0	0.06160675716083042
172.0	0.06156737168764232
173.0	0.061748544864307586
174.0	0.06192971804097287
175.0	0.0621870364658018
176.0	0.06226843311039054
177.0	0.06275681297792303
178.0	0.06220804205150213
179.0	0.06276469007256065
180.0	0.08313223110723487
181.0	0.09328318039691524
182.0	0.09149245421596285
183.0	0.09104871121804355
184.0	0.09099882295200529
185.0	0.09022424197930592
186.0	0.09057871123799885
187.0	0.10512245363725894
188.0	0.10449491176446185
189.0	0.10466558214827697
190.0	0.10506993967300815
191.0	0.11606898948533899
192.0	0.11649697829398305
193.0	0.11735820730769622
194.0	0.11774681064315216
195.0	0.11874457596391744
196.0	0.13687764781971998
197.0	0.13813010586710164
198.0	0.15013742379304792
199.0	0.1637910544982569
200.0	0.16433194833004017
201.0	0.16448423882636753
202.0	0.16485446227433567
203.0	0.16644563539113502
204.0	0.16713881971924563
205.0	0.16755630573503955
206.0	0.16810245096324788
207.0	0.16852781407367942
208.0	0.16957809335869548
209.0	0.170722897779363
210.0	0.17172591449655336
211.0	0.17345099822219226
212.0	0.17645742267555076
213.0	0.18056401467996364
214.0	0.18572876306403016
215.0	0.19890451669455686
216.0	0.2693966366066232
217.0	0.3272355168324585
218.0	0.39315629615649245
219.0	0.4511527182750801
220.0	0.4860141134429762
221.0	0.5314045584431584
222.0	0.5968658405799978
223.0	0.6713122620001497
224.0	0.6901674008644009
225.0	0.7293034327223124
226.0	0.8066880104422967
227.0	0.8644428683253307
228.0	0.9005724757298837
229.0	0.9555362164129875
230.0	1.0051067729675336
231.0	1.091143026297838
232.0	1.121225650718911
233.0	1.1934087202798533
234.0	1.283758995773361
235.0	1.346442289201333
236.0	1.4183549118463836
237.0	1.47186401571974
238.0	1.5452811634405763
239.0	1.6152560208047724
240.0	1.7784799244891205
241.0	1.7839466281676293
242.0	1.7968283035983512
243.0	1.8056769065746117
244.0	1.8151294201397563
245.0	1.8231745594629798
246.0	1.830311207204664
247.0	1.8410030503261274
248.0	1.8459945026281663
249.0	1.8556990832217148
250.0	1.8647314850728531
