#Insert size (bp)	insert size
1.0	1466.0
2.0	142.0
3.0	233.0
4.0	36.0
5.0	1105.0
6.0	31.0
7.0	90.0
8.0	32.0
9.0	14.0
10.0	21.0
11.0	19.0
12.0	22.0
13.0	18.0
14.0	16.0
15.0	19.0
16.0	13.0
17.0	23.0
18.0	12.0
19.0	7.0
20.0	13.0
21.0	10.0
22.0	13.0
23.0	19.0
24.0	14.0
25.0	3.0
26.0	10.0
27.0	5.0
28.0	5.0
29.0	11.0
30.0	9.0
31.0	11.0
32.0	9.0
33.0	12.0
34.0	10.0
35.0	8.0
36.0	8.0
37.0	8.0
38.0	6.0
39.0	11.0
40.0	9.0
41.0	10.0
42.0	7.0
43.0	9.0
44.0	11.0
45.0	15.0
46.0	9.0
47.0	66.0
48.0	31.0
49.0	23.0
50.0	15.0
51.0	11.0
52.0	27.0
53.0	18.0
54.0	19.0
55.0	22.0
56.0	21.0
57.0	23.0
58.0	16.0
59.0	24.0
60.0	27.0
61.0	32.0
62.0	34.0
63.0	28.0
64.0	27.0
65.0	23.0
66.0	23.0
67.0	31.0
68.0	51.0
69.0	27.0
70.0	17.0
71.0	24.0
72.0	15.0
73.0	14.0
74.0	21.0
75.0	23.0
76.0	22.0
77.0	24.0
78.0	21.0
79.0	15.0
80.0	13.0
81.0	20.0
82.0	26.0
83.0	19.0
84.0	17.0
85.0	20.0
86.0	18.0
87.0	12.0
88.0	18.0
89.0	13.0
90.0	15.0
91.0	23.0
92.0	34.0
93.0	16.0
94.0	23.0
95.0	63.0
96.0	76.0
97.0	74.0
98.0	49.0
99.0	670.0
100.0	247.0
101.0	96.0
102.0	42.0
103.0	138.0
104.0	173.0
105.0	78.0
106.0	54.0
107.0	60.0
108.0	62.0
109.0	41.0
110.0	88.0
111.0	69.0
112.0	53.0
113.0	45.0
114.0	276.0
115.0	88.0
116.0	103.0
117.0	55.0
118.0	57.0
119.0	37.0
120.0	41.0
121.0	38.0
122.0	106.0
123.0	48.0
124.0	34.0
125.0	39.0
126.0	69.0
127.0	51.0
128.0	82.0
129.0	31.0
130.0	54.0
131.0	85.0
132.0	96.0
133.0	53.0
134.0	38.0
135.0	76.0
136.0	185.0
137.0	124.0
138.0	119.0
139.0	157.0
140.0	72.0
141.0	58.0
142.0	53.0
143.0	60.0
144.0	57.0
145.0	33.0
146.0	31.0
147.0	52.0
148.0	120.0
149.0	62.0
150.0	88.0
151.0	95.0
152.0	65.0
153.0	65.0
154.0	78.0
155.0	111.0
156.0	70.0
157.0	26.0
158.0	64.0
159.0	110.0
160.0	64.0
161.0	33.0
162.0	49.0
163.0	38.0
164.0	89.0
165.0	65.0
166.0	76.0
167.0	54.0
168.0	84.0
169.0	682.0
170.0	33.0
171.0	72.0
172.0	73.0
173.0	88.0
174.0	173.0
175.0	106.0
176.0	164.0
177.0	91.0
178.0	47.0
179.0	102.0
180.0	7531.0
181.0	4549.0
182.0	60.0
183.0	23.0
184.0	50.0
185.0	171.0
186.0	59.0
187.0	4997.0
188.0	82.0
189.0	51.0
190.0	59.0
191.0	4130.0
192.0	33.0
193.0	126.0
194.0	76.0
195.0	70.0
196.0	8242.0
197.0	77.0
198.0	5285.0
199.0	6304.0
200.0	103.0
201.0	41.0
202.0	46.0
203.0	650.0
204.0	49.0
205.0	61.0
206.0	64.0
207.0	120.0
208.0	156.0
209.0	65.0
210.0	67.0
211.0	90.0
212.0	198.0
213.0	169.0
214.0	109.0
215.0	274.0
216.0	28008.0
217.0	24244.0
218.0	25436.0
219.0	27231.0
220.0	15700.0
221.0	17569.0
222.0	28497.0
223.0	29102.0
224.0	6844.0
225.0	13440.0
226.0	23515.0
227.0	29236.0
228.0	10194.0
229.0	29780.0
230.0	24068.0
231.0	18677.0
232.0	9628.0
233.0	18787.0
234.0	53217.0
235.0	40558.0
236.0	34984.0
237.0	22666.0
238.0	31495.0
239.0	33780.0
240.0	75005.0
241.0	908.0
242.0	3156.0
243.0	49.0
244.0	3052.0
245.0	4090.0
246.0	157.0
247.0	45.0
248.0	65.0
249.0	7496.0
250.0	6531.0
251.0	111.0
252.0	201.0
253.0	5382.0
254.0	50.0
255.0	421.0
256.0	3279.0
257.0	529.0
258.0	4823.0
259.0	75.0
260.0	35.0
261.0	110.0
262.0	69.0
263.0	6378.0
264.0	112.0
265.0	72.0
266.0	168.0
267.0	2562.0
268.0	77.0
269.0	195.0
270.0	29098.0
271.0	9621.0
272.0	13792.0
273.0	2107.0
274.0	18451.0
275.0	18752.0
276.0	15457.0
277.0	6318.0
278.0	10685.0
279.0	13403.0
280.0	3345.0
281.0	6090.0
282.0	2038.0
283.0	18236.0
284.0	10821.0
285.0	12286.0
286.0	19163.0
287.0	11827.0
288.0	3462.0
289.0	8823.0
290.0	4764.0
291.0	13809.0
292.0	3604.0
293.0	8848.0
294.0	10541.0
295.0	9056.0
296.0	15258.0
297.0	12598.0
298.0	10843.0
299.0	16152.0
300.0	33079.0
301.0	146.0
302.0	56.0
303.0	39.0
304.0	123.0
305.0	41.0
306.0	78.0
307.0	6882.0
308.0	2505.0
309.0	129.0
310.0	1626.0
311.0	557.0
312.0	75.0
313.0	259.0
314.0	216.0
315.0	17835.0
316.0	8655.0
317.0	6555.0
318.0	7003.0
319.0	1872.0
320.0	7639.0
321.0	7495.0
322.0	8485.0
323.0	2140.0
324.0	4146.0
325.0	8088.0
326.0	22392.0
327.0	21647.0
328.0	15324.0
329.0	11164.0
330.0	3949.0
331.0	14637.0
332.0	2079.0
333.0	1419.0
334.0	20255.0
335.0	27559.0
336.0	3711.0
337.0	4138.0
338.0	6336.0
339.0	22033.0
340.0	9229.0
341.0	2377.0
342.0	11217.0
343.0	4864.0
344.0	5052.0
345.0	10743.0
346.0	16423.0
347.0	9008.0
348.0	8930.0
349.0	13584.0
350.0	26994.0
351.0	2157.0
352.0	81.0
353.0	7.0
354.0	41.0
355.0	107.0
356.0	77.0
357.0	54.0
358.0	52.0
359.0	41.0
360.0	24.0
361.0	13.0
362.0	231.0
363.0	29.0
364.0	52.0
365.0	5.0
366.0	73.0
367.0	38.0
368.0	63.0
369.0	62.0
370.0	11.0
371.0	51.0
372.0	5.0
373.0	14.0
374.0	37.0
375.0	16.0
376.0	43.0
377.0	9.0
378.0	18.0
379.0	14.0
380.0	20.0
381.0	43.0
382.0	95.0
383.0	30.0
384.0	95.0
385.0	1.0
386.0	20.0
387.0	25.0
388.0	5.0
389.0	14.0
390.0	26.0
391.0	22.0
392.0	5.0
393.0	45.0
394.0	43.0
395.0	13.0
396.0	7.0
397.0	8.0
398.0	10.0
399.0	44.0
400.0	8.0
402.0	2.0
403.0	73.0
404.0	40.0
405.0	10.0
406.0	27.0
407.0	7.0
408.0	92.0
409.0	41.0
410.0	28.0
411.0	45.0
412.0	9.0
413.0	8.0
414.0	35.0
415.0	8.0
416.0	7.0
417.0	1.0
418.0	11.0
419.0	47.0
420.0	13.0
421.0	74.0
422.0	4.0
423.0	27.0
424.0	3.0
425.0	3.0
426.0	165.0
427.0	15.0
428.0	43.0
429.0	1.0
430.0	3.0
431.0	70.0
432.0	63.0
433.0	16.0
434.0	6.0
435.0	30.0
436.0	47.0
437.0	22.0
438.0	5.0
439.0	44.0
440.0	12.0
441.0	4.0
442.0	19.0
443.0	56.0
444.0	20.0
445.0	4.0
446.0	18.0
447.0	18.0
448.0	144.0
449.0	28.0
450.0	1.0
451.0	39.0
452.0	1351.0
453.0	5.0
454.0	43.0
455.0	33.0
456.0	45.0
457.0	66.0
458.0	42.0
459.0	36.0
460.0	7.0
461.0	170.0
462.0	27.0
463.0	12.0
464.0	8.0
465.0	1.0
466.0	3.0
467.0	21.0
468.0	9.0
469.0	2.0
470.0	3.0
471.0	142.0
472.0	24.0
473.0	6.0
475.0	38.0
476.0	99.0
477.0	2.0
478.0	1.0
479.0	4.0
480.0	7.0
481.0	7.0
482.0	1.0
483.0	6.0
484.0	3.0
486.0	14.0
487.0	25.0
488.0	7.0
489.0	20.0
490.0	3.0
491.0	21.0
492.0	1.0
493.0	43.0
494.0	7.0
495.0	24.0
496.0	11.0
497.0	22.0
499.0	8.0
500.0	3.0
505.0	18.0
506.0	36.0
507.0	3.0
509.0	27.0
510.0	3.0
511.0	16.0
512.0	2.0
514.0	7.0
515.0	3.0
516.0	5.0
517.0	8.0
518.0	24.0
521.0	3.0
523.0	15.0
524.0	2.0
525.0	3.0
526.0	1.0
528.0	5.0
529.0	22.0
530.0	9.0
531.0	2.0
532.0	34.0
533.0	1.0
534.0	11.0
535.0	6.0
536.0	54.0
537.0	4.0
538.0	1.0
540.0	1.0
542.0	1.0
543.0	14.0
544.0	7.0
545.0	9.0
546.0	1.0
547.0	36.0
548.0	10.0
549.0	1.0
550.0	45.0
551.0	1.0
552.0	4.0
553.0	2.0
554.0	4.0
555.0	8.0
556.0	16.0
557.0	9.0
558.0	11.0
559.0	25.0
560.0	8.0
561.0	1.0
562.0	5.0
563.0	4.0
565.0	2.0
567.0	5.0
568.0	41.0
569.0	2.0
570.0	43.0
571.0	13.0
572.0	1.0
573.0	8.0
574.0	8.0
575.0	3.0
576.0	1.0
577.0	8.0
578.0	12.0
579.0	6.0
580.0	2.0
582.0	1.0
583.0	10.0
584.0	1.0
585.0	15.0
587.0	4.0
588.0	58.0
589.0	1.0
591.0	7.0
592.0	2.0
595.0	1.0
596.0	2.0
597.0	7.0
599.0	2.0
602.0	2.0
606.0	1.0
608.0	1.0
610.0	8.0
612.0	4.0
614.0	3.0
615.0	1.0
624.0	3.0
626.0	2.0
627.0	1.0
629.0	3.0
630.0	1.0
