#Read position (bp)	Clipping profile
0.0	1.9761206657017614
1.0	1.9711440764072343
2.0	1.9557995927491092
3.0	1.9516524350036701
4.0	1.946675845709143
5.0	1.9396256775418965
6.0	1.9043748367056639
7.0	1.888615637272995
8.0	1.8794918902330289
9.0	1.8645621223494477
10.0	1.860000248829465
11.0	1.7144350119645502
12.0	1.616562089172186
13.0	1.5340336500379466
14.0	1.4784617362490617
15.0	1.3075988371369682
16.0	1.209725914344604
17.0	1.1043881076104491
18.0	1.0475720464979328
19.0	1.0247626788980173
20.0	0.9687760493345885
21.0	0.9144482828693354
22.0	0.847679043167765
23.0	0.7921071293788803
24.0	0.7452442468554177
25.0	0.6407358716703507
26.0	0.60465559928503
27.0	0.5926288418232564
28.0	0.520468297052615
29.0	0.4648963832637302
30.0	0.4138863429948285
31.0	0.3807090810313152
32.0	0.33840807202783574
33.0	0.2732976954244409
34.0	0.21938464473373176
35.0	0.15800671010123213
36.0	0.15261540503216123
37.0	0.15054182615944162
38.0	0.14805353151217815
39.0	0.14639466841400245
40.0	0.1468093841885464
41.0	0.14639466841400245
42.0	0.14597995263945854
43.0	0.14556523686491463
44.0	0.1447358053158268
45.0	0.14349165799219507
46.0	0.14266222644310722
47.0	0.14266222644310722
48.0	0.14100336334493155
49.0	0.14100336334493155
50.0	0.14100336334493155
51.0	0.13975921602129981
52.0	0.13105018475587754
53.0	0.11777927997047223
54.0	0.1173645641959283
55.0	0.11031439602868175
56.0	0.10948496447959391
57.0	0.10824081715596215
58.0	0.10824081715596215
59.0	0.10741138560687433
60.0	0.10367894363597907
61.0	0.104093659410523
62.0	0.10326422786143517
63.0	0.10243479631234732
64.0	0.094140480821469
65.0	0.094140480821469
66.0	0.094140480821469
67.0	0.094140480821469
68.0	0.09331104927238118
69.0	0.09289633349783726
70.0	0.0887491757523981
71.0	0.08045486026151977
72.0	0.08004014448697586
73.0	0.0787959971633441
74.0	0.07796656561425627
75.0	0.07630770251608061
76.0	0.07547827096699278
77.0	0.07547827096699278
78.0	0.07630770251608061
79.0	0.07589298674153669
80.0	0.07589298674153669
81.0	0.07547827096699278
82.0	0.07506355519244885
83.0	0.07464883941790494
84.0	0.07464883941790494
85.0	0.07423412364336102
86.0	0.07423412364336102
87.0	0.07464883941790494
88.0	0.07423412364336102
89.0	0.0738194078688171
90.0	0.07298997631972927
91.0	0.07216054477064145
92.0	0.07174582899609754
93.0	0.07091639744700969
94.0	0.07050168167246577
95.0	0.06967225012337794
96.0	0.06842810279974619
97.0	0.06759867125065837
98.0	0.06801338702520228
99.0	0.0634515135052192
100.0	0.06428094505430704
101.0	0.06386622927976311
102.0	0.06552509237793877
103.0	0.0659398081524827
104.0	0.0663545239270266
105.0	0.06718395547611444
106.0	0.06676923970157053
107.0	0.06676923970157053
108.0	0.06718395547611444
109.0	0.0659398081524827
110.0	0.06552509237793877
111.0	0.06552509237793877
112.0	0.06552509237793877
113.0	0.06552509237793877
114.0	0.06552509237793877
115.0	0.0659398081524827
116.0	0.0659398081524827
117.0	0.06552509237793877
118.0	0.06676923970157053
119.0	0.06718395547611444
120.0	0.06718395547611444
121.0	0.06842810279974619
122.0	0.06801338702520228
123.0	0.06759867125065837
124.0	0.06801338702520228
125.0	0.06801338702520228
126.0	0.06718395547611444
127.0	0.06718395547611444
128.0	0.06718395547611444
129.0	0.06718395547611444
130.0	0.06676923970157053
131.0	0.06759867125065837
132.0	0.06718395547611444
133.0	0.0663545239270266
134.0	0.0663545239270266
135.0	0.06718395547611444
136.0	0.06759867125065837
137.0	0.06718395547611444
138.0	0.06759867125065837
139.0	0.06801338702520228
140.0	0.06842810279974619
141.0	0.06842810279974619
142.0	0.06842810279974619
143.0	0.06801338702520228
144.0	0.06925753434883403
145.0	0.06925753434883403
146.0	0.06967225012337794
147.0	0.06884281857429012
148.0	0.06925753434883403
149.0	0.07008696589792186
150.0	0.07050168167246577
151.0	0.07133111322155361
152.0	0.07174582899609754
153.0	0.07174582899609754
154.0	0.07216054477064145
155.0	0.07589298674153669
156.0	0.07589298674153669
157.0	0.07630770251608061
158.0	0.07672241829062453
159.0	0.07672241829062453
160.0	0.07672241829062453
161.0	0.07672241829062453
162.0	0.07630770251608061
163.0	0.07713713406516844
164.0	0.07672241829062453
165.0	0.07713713406516844
166.0	0.07838128138880018
167.0	0.07838128138880018
168.0	0.07838128138880018
169.0	0.07796656561425627
170.0	0.0787959971633441
171.0	0.07755184983971235
172.0	0.0734046920942732
173.0	0.07257526054518536
174.0	0.07174582899609754
175.0	0.07174582899609754
176.0	0.07257526054518536
177.0	0.0734046920942732
178.0	0.07216054477064145
179.0	0.0738194078688171
180.0	0.08252843913423935
181.0	0.08418730223241501
182.0	0.0787959971633441
183.0	0.0787959971633441
184.0	0.07962542871243193
185.0	0.07921071293788802
186.0	0.08004014448697586
187.0	0.08709031265422243
188.0	0.08791974420331025
189.0	0.08833445997785418
190.0	0.0887491757523981
191.0	0.09372576504692509
192.0	0.09496991237055684
193.0	0.09579934391964467
194.0	0.09538462814510075
195.0	0.09621405969418859
196.0	0.10243479631234732
197.0	0.10326422786143517
198.0	0.11529098532320874
199.0	0.12358530081408707
200.0	0.12358530081408707
201.0	0.124000016588631
202.0	0.12482944813771882
203.0	0.12648831123589446
204.0	0.12814717433407014
205.0	0.12773245855952622
206.0	0.12814717433407014
207.0	0.1293913216577019
208.0	0.13063546898133366
209.0	0.1318796163049654
210.0	0.1327090478540532
211.0	0.13519734250131674
212.0	0.1372709213740363
213.0	0.14058864757038764
214.0	0.14349165799219507
215.0	0.1551036996794247
216.0	0.21606691853738041
217.0	0.2687358219044578
218.0	0.33177261963513305
219.0	0.3703411866677173
220.0	0.40020072243487925
221.0	0.4512107627037809
222.0	0.5113445500126488
223.0	0.5839198105578342
224.0	0.5955318522450639
225.0	0.6328562719540163
226.0	0.7448295310808737
227.0	0.7962542871243193
228.0	0.8572175059822751
229.0	0.9173512932911428
230.0	0.9691907651091325
231.0	1.0479867622724766
232.0	1.0799198769123581
233.0	1.1612041687229657
234.0	1.2420737447590293
235.0	1.308428268686056
236.0	1.4859266201908523
237.0	1.531545355390683
238.0	1.6161473733976421
239.0	1.7127761488663744
240.0	1.8554383753094816
241.0	1.8608296803785525
242.0	1.8745153009385018
243.0	1.8857126268511875
244.0	1.9002276789602246
245.0	1.9350638040219137
246.0	1.942528687963704
247.0	1.9512377192291264
248.0	1.9566290242981972
249.0	1.977779528799937
250.0	1.9815119707708322
