#Position (bp)	Coverage
4011823.0	0.9890130981617457
1.2035468E7	0.6897305401722035
2.0059113E7	0.17722132522064474
2.8082758E7	5.308061361139482E-4
3.6106403E7	2.1424178163415754E-4
4.4130048E7	3.22422041354023E-4
5.2153693E7	0.0
6.0177338E7	9.970530849757186E-6
6.8200983E7	7.203708538949567E-5
7.6224628E7	7.029224249078816E-5
8.4248273E7	0.04448913180979468
9.2271918E7	0.0
1.00295563E8	0.0
1.08319208E8	2.7668223108076193E-5
1.16342853E8	6.530697706590957E-5
1.24366498E8	0.0
1.32390143E8	0.0
1.40413788E8	0.1651579799455235
1.48437433E8	0.08100620104703037
1.56461078E8	7.01676108551662E-5
1.64484723E8	0.29211025662276935
1.72508368E8	4.362107246768769E-6
1.80532013E8	1.1466110477220764E-5
1.88555658E8	5.857686874232347E-6
1.96579303E8	5.359160331744487E-6
2.04602948E8	2.6197569807737006E-4
2.12626593E8	4.237475611146805E-6
2.20650238E8	8.350319586671644E-6
2.28673883E8	1.1665521094215909E-4
2.36697528E8	3.86358070428091E-6
2.44721173E8	4.424423064579752E-5
2.48844709E8	0.0
2.528565315E8	9.897159284522561E-5
2.60768463E8	2.1773146743157257E-4
2.68792108E8	1.2114194982454982E-4
2.76815753E8	1.3136174394555092E-4
2.84839398E8	0.12229803287657916
2.92863043E8	3.564464778788194E-5
3.00886688E8	4.21753454944729E-4
3.08910333E8	6.231581781098242E-6
3.16933978E8	1.2562868870694054E-4
3.24957623E8	5.371623495306684E-5
3.32981268E8	2.891453946429584E-5
3.41004913E8	0.4911655488247548
3.49028558E8	1.2774742651251394E-4
3.57052203E8	2.6421906751856542E-5
3.65075848E8	2.296961044512812E-4
3.73099493E8	0.0503228894099876
3.81123138E8	8.57465653079118E-5
3.89146783E8	7.72716140856182E-6
3.97170428E8	9.721267578513257E-6
4.05194073E8	2.1810536233843844E-5
4.13217718E8	1.4083374825282026E-5
4.21241363E8	1.403352217103324E-4
4.29265008E8	0.0
4.37288653E8	3.7514122322211415E-5
4.45312298E8	1.0593689027867011E-5
4.53335943E8	2.3929274039417248E-5
4.61359588E8	9.845899214135222E-6
4.69383233E8	3.975749176340678E-5
4.77406878E8	2.4402874254780713E-4
4.85430523E8	1.5018112092446761E-4
4.902961485E8	0.0011378503003620273
4.94307971E8	6.016428967585539E-6
5.01477813E8	1.4195543297341795E-4
5.09501458E8	0.0
5.17525103E8	0.0
5.25548748E8	1.034442575662308E-4
5.33572393E8	2.849079190318116E-4
5.41596038E8	0.10774143173084054
5.49619683E8	8.101056315427715E-6
5.57643328E8	8.288003768860661E-5
5.65666973E8	1.6326744266477393E-5
5.73690618E8	1.470653300339185E-5
5.81714263E8	1.1466110477220764E-5
5.89737908E8	9.222741036025397E-6
5.97761553E8	0.0
6.05785198E8	6.904592613456852E-5
6.13808843E8	1.1964637019708624E-5
6.21832488E8	0.20469749097822748
6.29856133E8	5.857686874232347E-6
6.37879778E8	4.611370518012698E-6
6.45903423E8	0.5340076735698053
6.53927068E8	0.0
6.61950713E8	3.988212339902875E-6
6.69974358E8	3.988212339902875E-6
6.77998003E8	1.9193271885782582E-5
6.85727668E8	0.0
6.897394905E8	0.0
6.94045293E8	0.44461887334247713
7.02068938E8	1.91309560679716E-4
7.10092583E8	1.0157478303190134E-4
7.18116228E8	0.0
7.26139873E8	7.889182534870374E-5
7.34163518E8	1.5329691181501673E-5
7.42187163E8	1.1702910584902497E-4
7.50210808E8	6.7301083235861E-5
7.58234453E8	3.988212339902875E-6
7.66258098E8	6.1069501454762765E-6
7.74281743E8	3.564464778788194E-5
7.82305388E8	0.0
7.90329033E8	6.854739959208066E-6
7.98352678E8	6.1069501454762765E-6
8.06376323E8	1.208926865533059E-5
8.14399968E8	5.097433896938362E-5
8.22423613E8	4.611370518012699E-5
8.30447258E8	0.0
8.38470903E8	6.543160870153154E-5
8.46494548E8	5.958638499086138E-4
8.54518193E8	0.0
8.62541838E8	0.0
8.70565483E8	0.0
8.771186855E8	1.5601759673877972E-4
8.81130508E8	3.277924842351877E-4
8.86612773E8	0.07787994109908901
8.94636418E8	3.738949068658945E-6
9.02660063E8	1.2213900290952553E-5
9.10683708E8	4.486738882390734E-6
9.18707353E8	6.231581781098242E-6
9.26730998E8	6.94198210414344E-5
9.34754643E8	1.2575332034256252E-4
9.42778288E8	1.1466110477220764E-5
9.50801933E8	6.505771379466564E-5
9.58825578E8	1.0219794121001117E-5
9.66849223E8	4.050528157713857E-5
9.74872868E8	1.2961690104684342E-5
9.82896513E8	6.1069501454762765E-6
9.90920158E8	3.988212339902875E-6
9.98943803E8	0.0
1.006967448E9	0.0
1.014991093E9	1.0718320663488975E-5
1.023014738E9	9.584172779329096E-5
1.031038383E9	0.0
1.039062028E9	1.0593689027867011E-5
1.047085673E9	7.091540066889798E-5
1.055109318E9	6.98186422754247E-4
1.0601597325E9	0.0
1.064171555E9	1.6833541832696794E-4
1.071156608E9	1.545432281712364E-5
1.079180253E9	3.738949068658945E-5
1.087203898E9	0.932537394164373
1.095227543E9	1.764783960407022E-4
1.103251188E9	1.3086321740306308E-4
1.111274833E9	2.26829576831976E-5
1.119298478E9	0.0
1.127322123E9	2.8789907828673877E-5
1.135345768E9	0.0
1.143369413E9	0.0
1.151393058E9	1.2587795197818448E-5
1.159416703E9	4.237475611146805E-6
1.167440348E9	3.738949068658945E-6
1.175463993E9	1.0219794121001117E-5
1.183487638E9	1.0007920340443776E-4
1.191511283E9	3.86358070428091E-6
1.199534928E9	0.04057831571561304
1.207558573E9	1.0285144719139494
1.215582218E9	1.3584848282794166E-5
1.223605863E9	2.4552432217527073E-5
1.2298109945E9	3.214321374690023E-4
1.233822817E9	1.3252582397656106E-4
1.239653153E9	0.2550669926199377
1.247676798E9	3.4211383978229346E-4
1.255700443E9	7.1040032304519956E-6
1.263724088E9	5.321770841057898E-5
1.271747733E9	0.0
1.279771378E9	2.916380273553977E-5
1.287795023E9	6.0321711641030976E-5
1.295818668E9	1.2712426833440413E-5
1.303842313E9	8.701780799125584E-4
1.311865958E9	0.27963824421444367
1.319889603E9	4.944136985123345E-4
1.327913248E9	1.6451375902099357E-5
1.335936893E9	6.87218838819514E-4
1.343960538E9	1.1216847205976835E-5
1.351984183E9	2.186926141423256
1.360007828E9	1.868228217973253E-4
1.368031473E9	4.28732826539559E-5
1.376055118E9	0.7191154394293366
1.384078763E9	1.3086321740306308E-4
1.389720431E9	0.0013679210698191945
1.3937322535E9	0.00180837178528592
1.400126053E9	5.158503398393124E-4
1.408149698E9	9.347372671647362E-6
1.416173343E9	6.642866178650725E-5
1.424196988E9	2.9288434371161736E-4
1.432220633E9	7.01676108551662E-5
1.440244278E9	7.191245375387371E-5
1.448267923E9	1.4332638096525955E-5
1.456291568E9	1.3235879703052666E-4
1.464315213E9	6.131876472600669E-5
1.472338858E9	1.2587795197818448E-4
1.480362503E9	6.954445267705637E-5
1.488386148E9	0.0
1.496409793E9	0.4084687196405125
1.504433438E9	1.2151584473141571E-4
1.512457083E9	3.6267805965991764E-5
1.520480728E9	7.178782211825174E-5
1.528504373E9	1.3983669516784455E-4
1.534502554E9	6.942352047729552E-4
1.5385143765E9	0.0
1.544551663E9	7.51528762800448E-5
1.552575308E9	7.47789813731789E-6
1.560598953E9	0.0
1.568622598E9	3.6267805965991764E-5
1.576646243E9	0.009314594551478785
1.584669888E9	0.0
1.592693533E9	0.0
1.600717178E9	0.0015562752340114749
1.608740823E9	0.0
1.616764468E9	0.14786185081717848
1.624788113E9	2.0140472316509516E-4
1.632811758E9	5.5336446216152386E-5
1.640835403E9	6.879666286332458E-5
1.648859048E9	5.268179237740454E-4
1.656882693E9	9.197814708901005E-5
1.664906338E9	0.6523020397836644
1.671900895E9	4.090206486698699E-5
1.6759127175E9	0.0025221361049783887
1.680953628E9	3.108312992411803E-4
1.688977273E9	6.642866178650725E-5
1.697000918E9	6.480845052342172E-5
1.705024563E9	5.657029940880984E-4
1.713048208E9	3.86358070428091E-6
1.721071853E9	1.4008595843908848E-4
1.729095498E9	0.0
1.737119143E9	3.86358070428091E-6
1.745142788E9	2.424085312847216E-4
1.753166433E9	0.0010719566979845196
1.761190078E9	9.596635942891291E-6
1.769213723E9	0.23660605622506978
1.777237368E9	1.0818025971986547E-4
1.785261013E9	2.118737805573402E-4
1.793284658E9	1.5005648928884566E-4
1.801308303E9	2.0888262130241305E-4
1.8070005885E9	1.9399415518223253E-4
1.811012411E9	4.694685654443255E-4
1.817355593E9	5.63334993011281E-5
1.825379238E9	2.2795126155257368E-4
1.833402883E9	3.988212339902875E-6
1.841426528E9	3.86358070428091E-6
1.849450173E9	0.0
1.857473818E9	4.175159793335822E-4
1.865497463E9	6.069560654789687E-5
1.873521108E9	2.816674965056405E-5
1.881544753E9	8.461241742375192E-4
1.889568398E9	2.274527350100858E-4
1.897592043E9	1.8482871562737385E-4
1.905615688E9	3.738949068658945E-6
1.913639333E9	3.738949068658945E-6
1.921662978E9	1.7946955529562936E-4
1.929686623E9	1.7298871024328717E-4
1.937710268E9	7.702235081437426E-5
1.942744882E9	0.0
1.9467567045E9	2.1227615237178873E-4
1.953757558E9	2.5460173026099735
1.961781203E9	0.0
1.969804848E9	3.7651217121395574E-4
1.977828493E9	1.272488999700261E-4
1.985852138E9	7.452971810193496E-5
1.993875783E9	1.0967583934732906E-5
2.001899428E9	6.156802799725063E-5
2.009923073E9	5.077492835238848E-4
2.017946718E9	0.0
2.025970363E9	3.988212339902875E-6
2.033994008E9	5.483791967366453E-6
2.042017653E9	2.2932220954441528E-5
2.050041298E9	5.42147614955547E-5
2.058064943E9	2.51631272320747E-4
2.066088588E9	4.455580973485243E-4
2.0735716965E9	9.042758216983561E-4
2.077583519E9	0.0
2.082135878E9	0.0
2.090159523E9	0.0
2.098183168E9	3.86358070428091E-6
2.106206813E9	9.721267578513257E-6
2.114230458E9	9.783583396324239E-5
2.122254103E9	9.098109400403433E-6
2.130277748E9	5.920002692043329E-5
2.138301393E9	0.0
2.146325038E9	0.0
2.154348683E9	1.2600258361380646E-4
2.162372328E9	6.443455561655582E-5
2.170395973E9	9.472004307269327E-6
2.178419618E9	6.0197080005409015E-5
2.186443263E9	9.758657069199846E-5
2.190931198E9	0.0
2.1949430205E9	0.0
2.202490553E9	0.0
2.210514198E9	6.231581781098242E-5
2.218537843E9	1.1815079056962266E-4
2.226561488E9	4.5864441908883056E-5
2.234585133E9	0.0
2.242608778E9	0.0
2.250632423E9	1.353499562854538E-4
2.258656068E9	6.281434435347027E-5
2.266679713E9	5.359160331744487E-6
2.274703358E9	1.0095162485379151E-5
2.282727003E9	0.014970004281096684
2.290750648E9	5.549846734246094E-4
2.2966067495E9	0.0020598835642546493
2.300618572E9	0.0
2.306797938E9	0.0
2.314821583E9	0.0
2.322845228E9	8.886235619846092E-5
2.330868873E9	8.18829846036309E-5
2.338892518E9	0.3592585414733578
2.346916163E9	5.359160331744487E-6
2.354939808E9	5.6707394207994E-4
2.362963453E9	7.259792774979452E-4
2.370987098E9	2.5424853666880826E-5
2.379010743E9	3.2827972822825537E-4
2.387034388E9	4.9104864435054146E-5
2.395058033E9	6.181729126849456E-5
2.3997560365E9	0.0
2.403767859E9	5.812412432308172E-4
2.411105323E9	1.8694745343294724E-5
2.419128968E9	0.0059750898749882375
2.427152613E9	1.5571005447025634
2.435176258E9	3.988212339902875E-6
2.443199903E9	0.0
2.451223548E9	2.1312009691355986E-5
2.459247193E9	0.518494898515575
2.467270838E9	0.29848404310011223
2.475294483E9	2.0439588242002233E-5
2.483318128E9	6.832306264796112E-4
2.4890552565E9	4.581795924896801E-4
2.493067079E9	4.428133363568555E-4
2.499365418E9	0.0015719788200998423
2.507389063E9	1.920573504934478E-4
2.515412708E9	5.8950763649189365E-5
2.523436353E9	5.2843813503713085E-5
2.531459998E9	0.0015284823792677768
2.539483643E9	6.560609299140228E-4
2.547507288E9	3.738949068658945E-6
2.555530933E9	3.041011909175942E-5
2.563554578E9	6.057097491227491E-5
2.570802202E9	4.396128748935928E-4
2.5748140245E9	0.0
2.579601868E9	0.0
2.587625513E9	1.2911837450435557E-4
2.595649158E9	8.101056315427715E-6
2.603672803E9	0.0
2.611696448E9	0.0
2.619720093E9	2.4303168946283142E-5
2.627743738E9	9.970530849757186E-6
2.635767383E9	5.5336446216152386E-5
2.643791028E9	2.7418959836832262E-5
2.6511070695E9	0.0010904240911392374
2.655118892E9	0.0
2.659838318E9	0.0015957834625036377
2.667861963E9	5.006452802934328E-4
2.675885608E9	7.199969589880909E-4
2.683909253E9	1.34602166471722E-4
2.691932898E9	0.9925465296632641
2.699956543E9	5.089955998801044E-4
2.707980188E9	3.9096944094610365E-4
2.7125104575E9	0.0
2.71652228E9	1.4298491530612728E-4
2.724027478E9	1.24008477443855E-4
2.732051123E9	7.1040032304519956E-6
2.740074768E9	0.012564738345228385
2.748098413E9	1.3709479918416133E-4
2.756122058E9	4.985265424878593E-6
2.764145703E9	4.611370518012698E-6
2.772169348E9	0.25814215359727405
2.776827121E9	0.0016982725456517178
2.7808389435E9	7.353220799840279E-5
2.788216638E9	5.483791967366453E-6
2.796240283E9	0.0
2.804263928E9	6.418529234531188E-5
2.812287573E9	2.6446833078980935E-4
2.820241225E9	3.1114993685038886E-4
2.8242530475E9	0.0
2.828334863E9	0.0
2.836358508E9	6.94198210414344E-5
2.844382153E9	1.4432343405023528E-4
2.852405798E9	2.2408768084829277E-4
2.860429443E9	1.7884639711751953E-4
2.868453088E9	0.001721910677753066
2.8737332165E9	0.007137078906825325
2.877745039E9	0.0
2.884500378E9	1.952977730196189E-4
2.892524023E9	8.973477764781467E-6
2.900547668E9	2.716969656558833E-5
2.908571313E9	9.721267578513257E-6
2.916594958E9	1.9442535157026513E-5
2.924618603E9	7.851793044183784E-6
2.932642248E9	8.973477764781467E-6
2.940665893E9	0.0
2.948689538E9	1.4208006460903991E-5
2.956713183E9	2.26829576831976E-5
2.964736828E9	4.362107246768769E-6
2.972760473E9	1.620211263085543E-5
2.980784118E9	5.982318509854312E-6
2.988807763E9	0.0
2.996831408E9	1.7199165715831146E-5
3.004855053E9	8.350319586671644E-6
3.012878698E9	4.4992020459529305E-4
3.020902343E9	0.0
3.0279782915E9	0.001164442976561669
3.031990114E9	0.0
3.036949633E9	4.673686335823681E-5
3.044973278E9	7.752087735686212E-5
3.052996923E9	2.193516786946581E-5
3.061020568E9	0.0
3.069044213E9	0.0
3.077067858E9	0.0
3.0846747565E9	0.0
3.088278117E9	0.0
3.088373929E9	0.0
3.0884774725E9	0.0
3.0885573295E9	0.0
3.0886546005E9	0.0
3.0887081185E9	0.0
3.0887493115E9	0.0
3.088858438E9	3.6927228006793795
3.088966832E9	0.0
3.089008063E9	0.0
3.0890661235E9	0.0
3.089146859E9	0.0
3.089267292E9	0.0
3.08942189E9	0.0
3.089604443E9	0.0
3.089755642E9	0.0
3.0898220175E9	0.0
3.0898610755E9	0.0
3.089968525E9	0.0
3.0900764725E9	0.0
3.0901461555E9	0.0
3.090297168E9	0.0
3.090503609E9	0.0014585197918294478
3.0907062205E9	0.0
3.09089898E9	0.0
3.091013772E9	0.0
3.091052607E9	0.0
3.0911587895E9	0.0
3.091267064E9	0.0
3.0915130575E9	4.818761042994057E-4
3.092673561E9	1.7514266384516106E-4
3.093702736E9	0.0
3.093935951E9	0.0
3.094132646E9	0.0
3.0942642985E9	0.0
3.094360447E9	0.0
3.0944711045E9	0.0
3.0946435155E9	0.0
3.094747446E9	0.0
3.0948598115E9	0.0
3.0950026905E9	0.0
3.095104297E9	0.0
3.095190977E9	0.0
3.0952465895E9	0.0
3.0952663465E9	0.0
3.095268566E9	0.0
3.0952706195E9	0.0
3.0952723265E9	0.0
3.0952838005E9	0.0
3.0952967465E9	0.0
3.095299555E9	0.0
3.0953008775E9	0.0
3.0953027375E9	0.0
3.0953043745E9	0.0
3.095311073E9	0.0
3.0953361175E9	0.0
3.095355552E9	0.0
3.0953574645E9	0.0
3.095360032E9	0.0
3.095361791E9	0.0
3.095363378E9	0.0
3.095365611E9	0.0
3.0953678415E9	0.0
3.095369933E9	0.0
3.095371677E9	0.0
3.09537289E9	0.0
3.0953743225E9	0.0
3.095375945E9	0.0
3.095572656E9	0.0
3.095769303E9	0.0
3.0957708065E9	0.0
3.0957736535E9	0.0
3.095822105E9	0.0
3.095924849E9	0.0
3.095983129E9	0.0
3.095986364E9	0.0
3.0959887305E9	0.0
3.0959909825E9	0.0
3.095993051E9	0.0
3.0959946765E9	0.0
3.096006671E9	0.0
3.0960870785E9	0.0
3.0961589785E9	0.0
3.096165879E9	0.0
3.096173123E9	0.0
3.09617898E9	0.0
3.096183283E9	0.0
3.096185859E9	0.0
3.0961883E9	0.0
3.0961908755E9	0.0
3.096192456E9	0.0
3.096238607E9	0.0
3.0962848625E9	0.0
3.096286263E9	0.0
3.0962877625E9	0.0
3.096289947E9	0.0
3.096292208E9	0.0
3.0962965075E9	0.0
3.096315547E9	0.0
3.0963533005E9	0.0
3.09637788E9	0.0
3.096382479E9	0.0
3.0963879875E9	0.0
3.0963943185E9	0.0
3.096398918E9	0.0
3.0964033365E9	0.0
3.0964070605E9	0.0
3.0964084065E9	0.0
3.0964096105E9	0.0
3.096411644E9	0.0
3.0964135175E9	0.0
3.0964147555E9	0.0
3.0964161835E9	0.0
3.0964174105E9	0.0
3.096418484E9	0.0
3.096419946E9	0.0
3.096422275E9	0.0
3.0964254675E9	0.0
3.0964313925E9	0.0
3.0964360765E9	0.0
3.096437123E9	0.0
3.0964382945E9	0.0
3.096440137E9	0.0
3.096442099E9	0.0
3.096443439E9	0.0
3.0964449505E9	0.0
3.0964464985E9	0.0
3.0964475915E9	0.0
3.0964489705E9	0.0
3.0964506065E9	0.0
3.0964522235E9	0.0
3.0964537525E9	0.0
3.0964552355E9	0.0
3.09645655E9	0.0
3.0964580005E9	0.0
3.0964594605E9	0.0
3.096462063E9	0.0
3.0964647385E9	0.0
3.0964666345E9	0.0
3.0964687875E9	0.0
3.096470338E9	0.0
3.0964722525E9	0.0
3.096474844E9	0.0
3.0964802425E9	0.0
3.0964880595E9	0.0
3.0965833285E9	0.0
3.0967643755E9	0.0
3.0969348755E9	0.0
3.0970713735E9	0.14779574437469647
3.09716122E9	0.0
3.0972741855E9	0.0
3.0973604055E9	0.0
3.097450029E9	0.0
3.0976374775E9	0.0
3.0978270425E9	0.0
3.097932224E9	0.0
3.0979864125E9	0.0
3.098119023E9	0.0
3.098265051E9	0.0
3.098391091E9	2.014512563067291
3.0985448955E9	0.0
3.0986946915E9	0.0
3.098783935E9	0.0
3.0988292795E9	0.0
3.098880847E9	0.0
3.098919304E9	0.0
3.0989774605E9	0.0
3.099052881E9	0.0
3.0991573655E9	0.0
3.099319594E9	0.0
3.0995012675E9	0.0
3.099670145E9	0.0
3.0999279405E9	0.0
3.100233298E9	0.0
3.1004161975E9	0.0
3.100563604E9	0.0
3.100747466E9	0.0
3.1008938195E9	0.0
3.1011322435E9	0.0
3.1013406625E9	0.0
3.1018216205E9	0.0
3.10249025E9	0.0
3.1027859675E9	0.0
3.1029370045E9	0.0
3.103040568E9	0.0
3.103187824E9	0.0
3.1033599445E9	0.0
3.1034919475E9	0.0
3.103630163E9	0.0
3.103765693E9	0.0
3.1038899E9	0.0
3.104000147E9	0.0
3.104103262E9	0.0
3.104213238E9	0.0
3.1043622315E9	0.0
3.1045301035E9	0.0
3.104697468E9	0.0
3.104838637E9	0.0
3.1050052845E9	0.0
3.105133977E9	0.0
3.1052243125E9	0.0
3.105384834E9	0.0
3.1055957845E9	0.0
3.1057764275E9	0.0
3.1059356005E9	0.0
3.106119471E9	0.0
3.1062928875E9	0.0
3.1064952125E9	0.0
3.106793429E9	0.0
3.107037494E9	0.0
3.1073867035E9	0.0
3.107759424E9	0.0
3.1079211745E9	0.0
3.1080633985E9	0.0
3.1082263265E9	0.0
3.1084513465E9	0.0
3.1086364625E9	0.0
3.108789052E9	0.0
3.1089764285E9	0.0
3.1091156475E9	0.0
3.1092704375E9	0.0
3.1094661425E9	0.0
3.1103548855E9	0.0
3.11121197E9	0.0
3.1113489445E9	0.0
3.111522028E9	0.0
3.1116747035E9	0.0
3.112457455E9	0.01243084769857374
3.114793642E9	0.0
3.1165009275E9	0.0
3.1166649055E9	0.0
3.1168033475E9	0.0
3.1173009555E9	0.0
3.117773698E9	0.0
3.117904112E9	0.0
3.1180957915E9	0.0
3.1183304505E9	0.0
3.1185453175E9	0.0
3.1187290865E9	0.0
3.1189129625E9	0.0
3.119051637E9	0.0
3.1196670135E9	0.0
3.120358526E9	0.0
3.1205574705E9	0.0
3.1207256815E9	0.0
3.1209034785E9	0.0
3.1210870935E9	0.0
3.1212284615E9	0.0
3.1214052355E9	0.0
3.1220442065E9	0.0
3.1226870745E9	0.0
3.1231494355E9	0.0
3.1235325875E9	0.0
3.123790701E9	0.0
3.124044676E9	0.0
3.1241297635E9	0.0
3.124227575E9	0.0
3.124459987E9	0.0
3.1246790295E9	0.0
3.1248266455E9	0.0
3.124943915E9	0.0
3.1250653335E9	0.0
3.1251809925E9	0.0
3.1254305495E9	0.0
3.1257397175E9	0.0
3.1259200925E9	0.0
3.1261657415E9	0.0
3.1264148E9	0.0
3.126614024E9	0.0
3.1268076365E9	0.0
3.12704463E9	0.0
3.127295107E9	0.0
3.12747434E9	0.0
3.1276520425E9	0.0
3.127848246E9	0.0
3.127977804E9	0.0
3.128104742E9	0.0
3.128281483E9	0.0
3.128569275E9	1.0003992446193828
3.1287934555E9	0.0
3.1288739025E9	0.0
3.129053374E9	0.0
3.129196997E9	0.0
3.129281586E9	0.0
3.129410949E9	0.0
3.1295567135E9	0.0
3.1296928995E9	0.0
3.129844808E9	0.0
3.129974998E9	0.0
3.1300410955E9	0.0
3.1301650045E9	0.0
3.1303509995E9	0.0
3.1304930685E9	0.0
3.1306295515E9	0.0
3.130867575E9	0.0
3.131039675E9	0.0
3.1312194015E9	0.0
3.13213604E9	0.0
3.132981947E9	0.0
3.133747995E9	0.0
3.134663191E9	0.0
3.1350342175E9	0.0
3.1353294355E9	0.0
3.13564139E9	0.0
3.135912112E9	0.0
3.136228957E9	0.0
3.1366387835E9	0.0
3.13692132E9	0.0
3.1370204075E9	0.0
3.137148797E9	0.0
3.1372652255E9	0.0
3.1386151055E9	0.0025363762830394408
3.1400411865E9	0.0
3.1401822535E9	0.0
3.140414935E9	0.0
3.140798459E9	0.0
3.1410924815E9	0.0
3.1426293625E9	0.0
3.144206965E9	0.0
3.144381203E9	0.0
3.144482951E9	0.0
3.1449091835E9	0.0
3.1458201795E9	0.0
3.146483516E9	0.0
3.146713427E9	0.0
3.146885722E9	0.0
3.146985213E9	0.0
3.147119783E9	0.0
3.147265112E9	0.0
3.147465896E9	0.0
3.147693206E9	2.2452954990927792E-4
3.1478747395E9	0.0
3.1480261545E9	0.0
3.1481624055E9	0.0028699017564751414
3.148326154E9	0.0
3.148489927E9	0.0
3.1486047935E9	0.0
3.148662145E9	0.0
3.148881458E9	0.0
3.1491593975E9	0.0
3.1493385205E9	0.0
3.1495104645E9	0.0
3.1496099745E9	0.0
3.1497484335E9	0.0
3.1503591725E9	0.0
3.1509172235E9	0.0
3.1510408035E9	0.0
3.151129521E9	0.0
3.151250568E9	0.0
3.151374243E9	0.0
3.151489573E9	0.0
3.1516448945E9	0.0
3.151817443E9	0.0
3.151955368E9	7.501373019168687E-4
3.152051039E9	0.0
3.1521507295E9	0.0
3.1523220325E9	0.0
3.1525451205E9	0.0
3.152790319E9	0.0
3.1530742195E9	0.0
3.153249269E9	0.0
3.1532999345E9	0.0
3.1533558455E9	0.0
3.153485713E9	0.0
3.153709553E9	0.0
3.1539240905E9	0.0
3.154120597E9	0.0
3.1543302E9	0.0
3.154493926E9	0.0
3.154657966E9	0.0
3.154845599E9	0.0
3.1550524745E9	0.0
3.1552349965E9	0.0
3.1553981115E9	0.0
3.15557571E9	0.0
3.1557532995E9	0.0
3.1559197455E9	0.0
3.1561079305E9	0.0
3.1562956185E9	0.0
3.1564576755E9	0.0
3.156728397E9	0.0
3.1574898795E9	0.0
3.158127567E9	0.0
3.159754588E9	1.5369418379583007E-5
3.1621522205E9	0.0
3.163083745E9	0.0
3.163247659E9	0.0
3.163475482E9	0.0
3.163688181E9	0.0
3.163848849E9	0.0
3.164242336E9	0.9925500000873593
3.1646267025E9	0.0
3.167032335E9	9.491035630171179E-5
3.169613042E9	0.0
3.169955169E9	0.0
3.170102579E9	0.0
3.1703440285E9	0.0
3.1705509635E9	0.0
3.1713065935E9	0.0
3.172105219E9	0.0
3.1722711045E9	0.0
3.1727147195E9	0.0
3.173116486E9	0.0
3.173290497E9	0.0
3.1735300985E9	0.0
3.173718028E9	0.0
3.1738956185E9	0.0
3.1740833425E9	0.0
3.174240364E9	0.0
3.17438727E9	0.0
3.174571623E9	0.0
3.1748117375E9	0.0
3.175046817E9	0.0
3.1752354605E9	0.0
3.1754134065E9	0.0
3.175774576E9	0.0
3.176707948E9	1.4035676553936281E-4
3.1790103535E9	0.0
3.1807719275E9	0.0
3.1809958745E9	0.0
3.1816373325E9	0.0
3.182257536E9	0.0
3.182438689E9	0.0
3.182632177E9	0.0
3.1828176375E9	0.0
3.1830105775E9	0.0
3.183203712E9	0.0
3.183377671E9	0.0
3.1835480905E9	0.0
3.1845084425E9	0.03538036222589211
3.186847264E9	0.0
3.188853383E9	0.0
3.189497979E9	0.0
3.1915036825E9	0.0
3.193917589E9	0.0
3.1949576625E9	0.0
3.1955729425E9	0.0
3.1979582215E9	3.9944529205963545E-5
3.200762757E9	0.0
3.201346902E9	0.0
3.2014320305E9	0.0
3.203896665E9	0.0
3.2068525245E9	0.0
3.2073844505E9	0.0
3.207821066E9	0.0
3.2087527055E9	0.0
3.209372017E9	0.0
