#Position (bp)	mapping quality
4011823.0	59.979493386825894
1.2035468E7	59.985615861825785
2.0059113E7	59.97566283719437
2.8082758E7	57.04236148466918
3.6106403E7	50.3597621407334
4.4130048E7	0.0
5.2153693E7	55.295530726256985
6.0177338E7	1.1541850220264318
6.8200983E7	2.341197822141561
7.6224628E7	3.3069306930693068
8.4248273E7	59.97522648643157
9.2271918E7	49.507640067911716
1.00295563E8	53.657794676806084
1.08319208E8	35.3849765258216
1.16342853E8	31.818181818181817
1.24366498E8	0.0
1.32390143E8	0.0
1.40413788E8	7.365982176124971
1.48437433E8	9.021566360943917E-4
1.56461078E8	45.81374045801527
1.64484723E8	59.975283522055115
1.72508368E8	2.6312292358803986
1.80532013E8	37.02
1.88555658E8	4.325274725274725
1.96579303E8	9.666666666666666
2.04602948E8	44.72211599745061
2.12626593E8	52.85444234404537
2.20650238E8	49.149496514329975
2.28673883E8	48.347275031685676
2.36697528E8	47.36842105263158
2.44721173E8	0.0
2.48844709E8	0.0
2.528565315E8	53.56205372322339
2.60768463E8	57.71124221566699
2.68792108E8	60.0
2.76815753E8	56.061872909699
2.84839398E8	2.4482884328394605
2.92863043E8	0.0
3.00886688E8	43.06306306306306
3.08910333E8	50.59625212947189
3.16933978E8	18.136708860759494
3.24957623E8	0.0
3.32981268E8	0.4271047227926078
3.41004913E8	39.24110484199444
3.49028558E8	51.69002473206925
3.57052203E8	48.70412324422293
3.65075848E8	46.92924350771547
3.73099493E8	59.97524751433215
3.81123138E8	42.16594360086768
3.89146783E8	2.572337042925278
3.97170428E8	0.0
4.05194073E8	10.849271690943635
4.13217718E8	0.27802690582959644
4.21241363E8	47.86406117247239
4.29265008E8	2.124
4.37288653E8	1.3922651933701657
4.45312298E8	1.108910891089109
4.53335943E8	6.760180995475113
4.61359588E8	0.3308270676691729
4.69383233E8	38.16916666666667
4.77406878E8	57.61747627814757
4.85430523E8	49.905795111233175
4.902961485E8	58.6484312148029
4.94307971E8	0.0
5.01477813E8	54.75
5.09501458E8	0.0
5.17525103E8	5.178890876565295
5.25548748E8	43.75189107413011
5.33572393E8	46.33849329205366
5.41596038E8	59.97054202030474
5.49619683E8	50.31802120141343
5.57643328E8	38.35934664246824
5.65666973E8	0.6451612903225806
5.73690618E8	2.2222222222222223
5.81714263E8	51.98586055582643
5.89737908E8	0.0
5.97761553E8	43.80809595202399
6.05785198E8	0.44919786096256686
6.13808843E8	53.63761018609207
6.21832488E8	59.98475418074966
6.29856133E8	2.998054474708171
6.37879778E8	0.325
6.45903423E8	59.98398219003216
6.53927068E8	49.6875
6.61950713E8	0.09523809523809523
6.69974358E8	0.0
6.77998003E8	20.712347354138398
6.85727668E8	51.86968838526912
6.897394905E8	0.0
6.94045293E8	59.88741278446126
7.02068938E8	48.448132780082986
7.10092583E8	15.043165467625899
7.18116228E8	45.49613601236476
7.26139873E8	42.22727272727273
7.34163518E8	0.2765072765072765
7.42187163E8	23.985923753665688
7.50210808E8	36.92893401015228
7.58234453E8	49.883351007423116
7.66258098E8	39.7919782460911
7.74281743E8	45.662811387900355
7.82305388E8	0.9863013698630136
7.90329033E8	0.0
7.98352678E8	22.577319587628867
8.06376323E8	5.9405940594059405
8.14399968E8	0.0
8.22423613E8	1.6900763358778625
8.30447258E8	0.0
8.38470903E8	57.30578512396694
8.46494548E8	60.0
8.54518193E8	21.10957722174288
8.62541838E8	0.0
8.70565483E8	34.29832402234637
8.771186855E8	18.1888246628131
8.81130508E8	47.95891783567134
8.86612773E8	59.98657379114389
8.94636418E8	1.3139931740614335
9.02660063E8	0.0
9.10683708E8	0.9448818897637795
9.18707353E8	47.25070422535211
9.26730998E8	51.31993006993007
9.34754643E8	59.38817131203263
9.42778288E8	0.0
9.50801933E8	41.51844660194175
9.58825578E8	1.3243243243243243
9.66849223E8	2.4271523178807946
9.74872868E8	0.0
9.82896513E8	4.3023255813953485
9.90920158E8	1.4090909090909092
9.98943803E8	40.5056277056277
1.006967448E9	44.50595238095238
1.014991093E9	44.38175479372458
1.023014738E9	57.6761652308372
1.031038383E9	5.171284634760705
1.039062028E9	0.0
1.047085673E9	51.627428571428574
1.055109318E9	46.2032967032967
1.0601597325E9	0.0
1.064171555E9	59.75609756097561
1.071156608E9	2.150537634408602
1.079180253E9	32.448391922213915
1.087203898E9	59.9803860180197
1.095227543E9	54.88480283562251
1.103251188E9	54.55865045115732
1.111274833E9	7.933701657458563
1.119298478E9	2.5161290322580645
1.127322123E9	42.20630372492837
1.135345768E9	0.0
1.143369413E9	0.0
1.151393058E9	7.28
1.159416703E9	0.5528455284552846
1.167440348E9	0.8384879725085911
1.175463993E9	2.393700787401575
1.183487638E9	1.7096774193548387
1.191511283E9	0.0
1.199534928E9	59.97455239129187
1.207558573E9	59.97942439837668
1.215582218E9	28.611687087653156
1.223605863E9	50.24614226571321
1.2298109945E9	47.71028880866426
1.233822817E9	54.51776649746193
1.239653153E9	59.935125839468455
1.247676798E9	0.7430167597765364
1.255700443E9	2.537037037037037
1.263724088E9	1.8661616161616161
1.271747733E9	0.8378378378378378
1.279771378E9	50.32684960055575
1.287795023E9	51.2675702811245
1.295818668E9	52.5
1.303842313E9	7.808041504539559
1.311865958E9	59.98000754988501
1.319889603E9	59.60878062775123
1.327913248E9	41.28
1.335936893E9	34.37214210341189
1.343960538E9	1.2139303482587065
1.351984183E9	59.975348350813206
1.360007828E9	45.77025597630632
1.368031473E9	10.355114608279166
1.376055118E9	59.98298871869607
1.384078763E9	30.89414182939363
1.389720431E9	59.56979334716141
1.3937322535E9	58.517231392991604
1.400126053E9	58.3528493364559
1.408149698E9	3.45721271393643
1.416173343E9	55.824175824175825
1.424196988E9	4.334763948497854
1.432220633E9	52.67379221889696
1.440244278E9	41.23622047244095
1.448267923E9	55.11164755582378
1.456291568E9	1.443298969072165
1.464315213E9	0.0
1.472338858E9	48.943661971830984
1.480362503E9	51.205841446453405
1.488386148E9	49.432372505543235
1.496409793E9	59.9859472981212
1.504433438E9	3.1847133757961785
1.512457083E9	0.12773722627737227
1.520480728E9	37.95507060333761
1.528504373E9	56.371381306865175
1.534502554E9	56.016373801916934
1.5385143765E9	29.034074074074073
1.544551663E9	21.216867469879517
1.552575308E9	1.0657894736842106
1.560598953E9	0.9830508474576272
1.568622598E9	0.0
1.576646243E9	33.28252499266191
1.584669888E9	0.0
1.592693533E9	0.0
1.600717178E9	26.638312829525482
1.608740823E9	28.688927943760984
1.616764468E9	59.9764546117892
1.624788113E9	58.88831735640246
1.632811758E9	55.928245541269185
1.640835403E9	46.58555729984302
1.648859048E9	51.33256880733945
1.656882693E9	57.23117686023405
1.664906338E9	59.96524753832001
1.671900895E9	58.690766976062534
1.6759127175E9	59.61858529819695
1.680953628E9	45.77154724818276
1.688977273E9	40.16842105263158
1.697000918E9	33.88646288209607
1.705024563E9	51.21879135421261
1.713048208E9	50.17571884984026
1.721071853E9	51.013333333333335
1.729095498E9	1.4054054054054055
1.737119143E9	0.0
1.745142788E9	54.91236263736264
1.753166433E9	56.28148792690885
1.761190078E9	53.608225108225106
1.769213723E9	59.982576722239145
1.777237368E9	40.49828178694158
1.785261013E9	0.2793017456359102
1.793284658E9	34.131736526946106
1.801308303E9	55.32532347504621
1.8070005885E9	25.44787644787645
1.811012411E9	55.54655870445344
1.817355593E9	25.204918032786885
1.825379238E9	0.9811557788944724
1.833402883E9	0.0
1.841426528E9	55.58064516129032
1.849450173E9	0.9933333333333333
1.857473818E9	58.41325356649793
1.865497463E9	0.0
1.873521108E9	51.051394020826336
1.881544753E9	59.189808261485005
1.889568398E9	0.0
1.897592043E9	59.23148064194397
1.905615688E9	44.81132075471698
1.913639333E9	47.74322860238353
1.921662978E9	49.463881019830026
1.929686623E9	54.270270270270274
1.937710268E9	59.76629880367245
1.942744882E9	42.99165275459099
1.9467567045E9	53.379629629629626
1.953757558E9	59.7991588364778
1.961781203E9	9.397515527950311
1.969804848E9	56.53841368584759
1.977828493E9	47.58891820580475
1.985852138E9	51.52317880794702
1.993875783E9	42.487730061349694
2.001899428E9	0.0
2.009923073E9	6.034111003365467
2.017946718E9	0.0
2.025970363E9	47.180156657963444
2.033994008E9	0.0
2.042017653E9	1.3544303797468353
2.050041298E9	57.82631859350027
2.058064943E9	54.824543402421504
2.066088588E9	58.59263494967978
2.0735716965E9	58.666920586554944
2.077583519E9	0.0
2.082135878E9	0.0
2.090159523E9	0.0
2.098183168E9	46.25373134328358
2.106206813E9	55.56767036450079
2.114230458E9	1.3983050847457628
2.122254103E9	9.828125
2.130277748E9	0.0
2.138301393E9	0.0
2.146325038E9	47.435960591133004
2.154348683E9	0.3230769230769231
2.162372328E9	25.62390158172232
2.170395973E9	0.0
2.178419618E9	54.18877236273905
2.186443263E9	48.97959183673469
2.190931198E9	0.0
2.1949430205E9	0.0
2.202490553E9	0.0
2.210514198E9	0.0
2.218537843E9	5.142857142857143
2.226561488E9	56.56699889258029
2.234585133E9	12.465753424657533
2.242608778E9	33.68421052631579
2.250632423E9	51.53220611916264
2.258656068E9	53.100597152044095
2.266679713E9	32.38920134983127
2.274703358E9	49.8968115942029
2.282727003E9	59.944788866178726
2.290750648E9	38.3560982154837
2.2966067495E9	59.5527950310559
2.300618572E9	0.0
2.306797938E9	0.0
2.314821583E9	52.671554252199414
2.322845228E9	55.660714285714285
2.330868873E9	56.189539913488005
2.338892518E9	59.940185090432024
2.346916163E9	50.281976744186046
2.354939808E9	47.60342783227336
2.362963453E9	57.2754617414248
2.370987098E9	42.41206030150754
2.379010743E9	53.19649174528302
2.387034388E9	12.8
2.395058033E9	1.1764705882352942
2.3997560365E9	44.81012658227848
2.403767859E9	53.310863321507014
2.411105323E9	29.782778864970645
2.419128968E9	58.28959046532268
2.427152613E9	59.98431576540241
2.435176258E9	55.106698999696874
2.443199903E9	0.0
2.451223548E9	5.157175398633258
2.459247193E9	59.771110728617
2.467270838E9	59.982111038037274
2.475294483E9	3.3735849056603775
2.483318128E9	23.520059992500936
2.4890552565E9	59.455213596692694
2.493067079E9	47.487723678734916
2.499365418E9	59.50946643717728
2.507389063E9	36.72673183170421
2.515412708E9	39.056497175141246
2.523436353E9	44.32093821510298
2.531459998E9	59.221074989674904
2.539483643E9	59.696461110578305
2.547507288E9	57.4445697106351
2.555530933E9	54.41077783426538
2.563554578E9	41.8369259606373
2.570802202E9	59.026831162108536
2.5748140245E9	0.0
2.579601868E9	41.649284253578735
2.587625513E9	22.828282828282827
2.595649158E9	39.19074333800842
2.603672803E9	0.0
2.611696448E9	52.94871794871795
2.619720093E9	28.98951048951049
2.627743738E9	1.5826086956521739
2.635767383E9	53.36030534351145
2.643791028E9	32.85011990407674
2.6511070695E9	59.6976528311895
2.655118892E9	0.0
2.659838318E9	59.62210030518461
2.667861963E9	47.38418305901244
2.675885608E9	57.41115665656746
2.683909253E9	56.941124222814366
2.691932898E9	54.09386849389479
2.699956543E9	45.60776545166402
2.707980188E9	56.61265861962241
2.7125104575E9	0.0
2.71652228E9	48.328455284552845
2.724027478E9	1.5135135135135136
2.732051123E9	54.06464250734574
2.740074768E9	58.1414562297719
2.748098413E9	46.51776393332211
2.756122058E9	45.15954118873827
2.764145703E9	2.4301075268817205
2.772169348E9	59.9765088596982
2.776827121E9	60.0
2.7808389435E9	14.0
2.788216638E9	0.0
2.796240283E9	7.485576923076923
2.804263928E9	0.9913793103448276
2.812287573E9	40.22346368715084
2.820241225E9	44.0293867120954
2.8242530475E9	0.0
2.828334863E9	0.0
2.836358508E9	48.11924119241193
2.844382153E9	52.24643169239732
2.852405798E9	42.78393665158371
2.860429443E9	54.609044801352496
2.868453088E9	58.88567961165049
2.8737332165E9	59.97967823878069
2.877745039E9	35.28187134502924
2.884500378E9	41.14901256732495
2.892524023E9	1.0101010101010102
2.900547668E9	13.596059113300493
2.908571313E9	0.0
2.916594958E9	30.80804387568556
2.924618603E9	40.33561643835616
2.932642248E9	9.234920634920634
2.940665893E9	1.5508274231678487
2.948689538E9	0.3438735177865613
2.956713183E9	0.0
2.964736828E9	0.9935897435897436
2.972760473E9	1.3614262560777959
2.980784118E9	0.0
2.988807763E9	2.872767857142857
2.996831408E9	2.911392405063291
3.004855053E9	3.984375
3.012878698E9	58.371112282551394
3.020902343E9	0.0
3.0279782915E9	53.62019054598754
3.031990114E9	0.0
3.036949633E9	55.09181141439206
3.044973278E9	10.639416058394161
3.052996923E9	0.0
3.061020568E9	0.0
3.069044213E9	0.0
3.077067858E9	0.0
3.0846747565E9	0.0
3.088278117E9	0.0
3.088373929E9	0.0
3.0884774725E9	0.0
3.0885573295E9	1.0
3.0886546005E9	0.0
3.0887081185E9	0.0
3.0887493115E9	0.0
3.088858438E9	0.10123597108851068
3.088966832E9	0.0
3.089008063E9	0.0
3.0890661235E9	0.0
3.089146859E9	0.0
3.089267292E9	0.0
3.08942189E9	0.0
3.089604443E9	0.0
3.089755642E9	0.0
3.0898220175E9	0.0
3.0898610755E9	0.0
3.089968525E9	0.0
3.0900764725E9	0.0
3.0901461555E9	0.0
3.090297168E9	0.0
3.090503609E9	41.0
3.0907062205E9	0.0
3.09089898E9	0.0
3.091013772E9	0.0
3.091052607E9	0.0
3.0911587895E9	0.0
3.091267064E9	0.0
3.0915130575E9	0.0
3.092673561E9	0.0
3.093702736E9	0.0
3.093935951E9	0.0
3.094132646E9	0.0
3.0942642985E9	25.0
3.094360447E9	0.0
3.0944711045E9	0.0
3.0946435155E9	0.0
3.094747446E9	0.0
3.0948598115E9	0.0
3.0950026905E9	0.0
3.095104297E9	0.0
3.095190977E9	0.0
3.0952465895E9	0.0
3.0952663465E9	0.0
3.095268566E9	0.0
3.0952706195E9	0.0
3.0952723265E9	0.0
3.0952838005E9	0.0
3.0952967465E9	0.0
3.095299555E9	0.0
3.0953008775E9	0.0
3.0953027375E9	0.0
3.0953043745E9	0.0
3.095311073E9	0.0
3.0953361175E9	0.0
3.095355552E9	0.0
3.0953574645E9	0.0
3.095360032E9	0.0
3.095361791E9	0.0
3.095363378E9	0.0
3.095365611E9	0.0
3.0953678415E9	0.0
3.095369933E9	0.0
3.095371677E9	0.0
3.09537289E9	0.0
3.0953743225E9	0.0
3.095375945E9	0.0
3.095572656E9	60.0
3.095769303E9	0.0
3.0957708065E9	0.0
3.0957736535E9	0.0
3.095822105E9	0.0
3.095924849E9	0.0
3.095983129E9	0.0
3.095986364E9	0.0
3.0959887305E9	0.0
3.0959909825E9	0.0
3.095993051E9	0.0
3.0959946765E9	0.0
3.096006671E9	0.0
3.0960870785E9	0.0
3.0961589785E9	0.0
3.096165879E9	0.0
3.096173123E9	0.0
3.09617898E9	0.0
3.096183283E9	0.0
3.096185859E9	0.0
3.0961883E9	0.0
3.0961908755E9	0.0
3.096192456E9	0.0
3.096238607E9	0.0
3.0962848625E9	0.0
3.096286263E9	0.0
3.0962877625E9	0.0
3.096289947E9	0.0
3.096292208E9	0.0
3.0962965075E9	0.0
3.096315547E9	0.0
3.0963533005E9	0.0
3.09637788E9	0.0
3.096382479E9	0.0
3.0963879875E9	0.0
3.0963943185E9	0.0
3.096398918E9	0.0
3.0964033365E9	0.0
3.0964070605E9	0.0
3.0964084065E9	0.0
3.0964096105E9	0.0
3.096411644E9	0.0
3.0964135175E9	0.0
3.0964147555E9	0.0
3.0964161835E9	0.0
3.0964174105E9	0.0
3.096418484E9	0.0
3.096419946E9	0.0
3.096422275E9	0.0
3.0964254675E9	0.0
3.0964313925E9	0.0
3.0964360765E9	0.0
3.096437123E9	0.0
3.0964382945E9	0.0
3.096440137E9	0.0
3.096442099E9	0.0
3.096443439E9	0.0
3.0964449505E9	0.0
3.0964464985E9	0.0
3.0964475915E9	0.0
3.0964489705E9	0.0
3.0964506065E9	0.0
3.0964522235E9	0.0
3.0964537525E9	0.0
3.0964552355E9	0.0
3.09645655E9	0.0
3.0964580005E9	0.0
3.0964594605E9	0.0
3.096462063E9	0.0
3.0964647385E9	0.0
3.0964666345E9	0.0
3.0964687875E9	0.0
3.096470338E9	0.0
3.0964722525E9	0.0
3.096474844E9	0.0
3.0964802425E9	0.0
3.0964880595E9	0.0
3.0965833285E9	0.0
3.0967643755E9	0.0
3.0969348755E9	0.0
3.0970713735E9	0.0
3.09716122E9	0.0
3.0972741855E9	0.0
3.0973604055E9	0.0
3.097450029E9	0.0
3.0976374775E9	0.0
3.0978270425E9	0.0
3.097932224E9	0.0
3.0979864125E9	0.0
3.098119023E9	0.0
3.098265051E9	0.0
3.098391091E9	59.724749050947004
3.0985448955E9	0.0
3.0986946915E9	0.0
3.098783935E9	0.0
3.0988292795E9	0.0
3.098880847E9	0.0
3.098919304E9	0.0
3.0989774605E9	0.0
3.099052881E9	0.0
3.0991573655E9	2.0
3.099319594E9	0.0
3.0995012675E9	0.0
3.099670145E9	0.0
3.0999279405E9	0.0
3.100233298E9	0.0
3.1004161975E9	0.0
3.100563604E9	0.0
3.100747466E9	0.0
3.1008938195E9	0.0
3.1011322435E9	0.0
3.1013406625E9	0.0
3.1018216205E9	0.0
3.10249025E9	0.0
3.1027859675E9	0.0
3.1029370045E9	0.0
3.103040568E9	0.0
3.103187824E9	0.0
3.1033599445E9	0.0
3.1034919475E9	0.0
3.103630163E9	0.0
3.103765693E9	0.0
3.1038899E9	0.0
3.104000147E9	0.0
3.104103262E9	16.594315245478036
3.104213238E9	0.0
3.1043622315E9	0.0
3.1045301035E9	0.0
3.104697468E9	0.0
3.104838637E9	0.0
3.1050052845E9	0.0
3.105133977E9	0.0
3.1052243125E9	0.0
3.105384834E9	0.0
3.1055957845E9	0.0
3.1057764275E9	0.0
3.1059356005E9	0.0
3.106119471E9	0.0
3.1062928875E9	0.0
3.1064952125E9	0.0
3.106793429E9	0.0
3.107037494E9	0.0
3.1073867035E9	0.0
3.107759424E9	0.0
3.1079211745E9	0.0
3.1080633985E9	0.0
3.1082263265E9	0.0
3.1084513465E9	0.0
3.1086364625E9	0.0
3.108789052E9	0.0
3.1089764285E9	0.0
3.1091156475E9	0.0
3.1092704375E9	0.0
3.1094661425E9	0.0
3.1103548855E9	0.0
3.11121197E9	0.0
3.1113489445E9	0.0
3.111522028E9	0.0
3.1116747035E9	0.0
3.112457455E9	0.5457847572230564
3.114793642E9	0.0
3.1165009275E9	0.0
3.1166649055E9	0.0
3.1168033475E9	0.0
3.1173009555E9	0.0
3.117773698E9	0.0
3.117904112E9	0.0
3.1180957915E9	0.0
3.1183304505E9	0.0
3.1185453175E9	0.0
3.1187290865E9	0.0
3.1189129625E9	0.0
3.119051637E9	0.0
3.1196670135E9	0.0
3.120358526E9	0.0
3.1205574705E9	0.0
3.1207256815E9	0.0
3.1209034785E9	0.0
3.1210870935E9	0.0
3.1212284615E9	0.0
3.1214052355E9	0.0
3.1220442065E9	0.0
3.1226870745E9	0.0
3.1231494355E9	0.0
3.1235325875E9	0.0
3.123790701E9	0.0
3.124044676E9	0.0
3.1241297635E9	0.0
3.124227575E9	0.0
3.124459987E9	0.0
3.1246790295E9	0.0
3.1248266455E9	0.0
3.124943915E9	0.0
3.1250653335E9	0.0
3.1251809925E9	0.0
3.1254305495E9	0.0
3.1257397175E9	0.0
3.1259200925E9	0.0
3.1261657415E9	0.0
3.1264148E9	0.0
3.126614024E9	0.0
3.1268076365E9	0.0
3.12704463E9	0.0
3.127295107E9	0.0
3.12747434E9	0.0
3.1276520425E9	0.0
3.127848246E9	0.0
3.127977804E9	0.0
3.128104742E9	0.0
3.128281483E9	0.0
3.128569275E9	3.4704565303156496
3.1287934555E9	0.0
3.1288739025E9	0.0
3.129053374E9	0.0
3.129196997E9	0.0
3.129281586E9	0.0
3.129410949E9	0.0
3.1295567135E9	0.0
3.1296928995E9	0.0
3.129844808E9	0.0
3.129974998E9	0.0
3.1300410955E9	0.0
3.1301650045E9	0.0
3.1303509995E9	0.0
3.1304930685E9	0.0
3.1306295515E9	0.0
3.130867575E9	0.0
3.131039675E9	0.0
3.1312194015E9	0.0
3.13213604E9	0.0
3.132981947E9	0.0
3.133747995E9	0.0
3.134663191E9	0.0
3.1350342175E9	0.0
3.1353294355E9	0.0
3.13564139E9	0.0
3.135912112E9	13.0
3.136228957E9	0.0
3.1366387835E9	0.0
3.13692132E9	0.0
3.1370204075E9	0.0
3.137148797E9	0.0
3.1372652255E9	0.0
3.1386151055E9	6.68361581920904
3.1400411865E9	0.0
3.1401822535E9	0.0
3.140414935E9	0.0
3.140798459E9	0.0
3.1410924815E9	0.0
3.1426293625E9	0.0
3.144206965E9	0.0
3.144381203E9	0.0
3.144482951E9	0.0
3.1449091835E9	10.48
3.1458201795E9	0.0
3.146483516E9	7.0
3.146713427E9	0.0
3.146885722E9	0.0
3.146985213E9	0.0
3.147119783E9	0.0
3.147265112E9	0.0
3.147465896E9	0.0
3.147693206E9	0.0
3.1478747395E9	0.0
3.1480261545E9	0.0
3.1481624055E9	0.0
3.148326154E9	0.0
3.148489927E9	0.0
3.1486047935E9	0.0
3.148662145E9	0.0
3.148881458E9	0.0
3.1491593975E9	0.0
3.1493385205E9	0.0
3.1495104645E9	0.0
3.1496099745E9	0.0
3.1497484335E9	0.0
3.1503591725E9	0.0
3.1509172235E9	0.0
3.1510408035E9	0.0
3.151129521E9	0.0
3.151250568E9	0.0
3.151374243E9	0.0
3.151489573E9	0.0
3.1516448945E9	0.0
3.151817443E9	0.0
3.151955368E9	0.0
3.152051039E9	0.0
3.1521507295E9	0.0
3.1523220325E9	0.0
3.1525451205E9	0.0
3.152790319E9	0.0
3.1530742195E9	0.0
3.153249269E9	0.0
3.1532999345E9	0.0
3.1533558455E9	0.0
3.153485713E9	0.0
3.153709553E9	0.0
3.1539240905E9	0.0
3.154120597E9	0.0
3.1543302E9	0.0
3.154493926E9	0.0
3.154657966E9	0.0
3.154845599E9	0.0
3.1550524745E9	0.0
3.1552349965E9	0.0
3.1553981115E9	0.0
3.15557571E9	0.0
3.1557532995E9	0.0
3.1559197455E9	0.0
3.1561079305E9	0.0
3.1562956185E9	0.0
3.1564576755E9	0.0
3.156728397E9	0.0
3.1574898795E9	0.0
3.158127567E9	0.0
3.159754588E9	0.863849765258216
3.1621522205E9	0.0
3.163083745E9	0.0
3.163247659E9	0.0
3.163475482E9	0.0
3.163688181E9	0.0
3.163848849E9	0.0
3.164242336E9	6.141089562709867
3.1646267025E9	0.0
3.167032335E9	6.0
3.169613042E9	0.0
3.169955169E9	0.0
3.170102579E9	0.0
3.1703440285E9	0.0
3.1705509635E9	0.0
3.1713065935E9	4.666666666666667
3.172105219E9	0.0
3.1722711045E9	0.0
3.1727147195E9	0.0
3.173116486E9	0.0
3.173290497E9	0.0
3.1735300985E9	0.0
3.173718028E9	0.0
3.1738956185E9	0.0
3.1740833425E9	0.0
3.174240364E9	0.0
3.17438727E9	0.0
3.174571623E9	0.0
3.1748117375E9	0.0
3.175046817E9	0.0
3.1752354605E9	0.0
3.1754134065E9	0.0
3.175774576E9	0.0
3.176707948E9	0.0
3.1790103535E9	7.0
3.1807719275E9	0.0
3.1809958745E9	0.0
3.1816373325E9	0.0
3.182257536E9	0.0
3.182438689E9	0.0
3.182632177E9	0.0
3.1828176375E9	0.0
3.1830105775E9	0.0
3.183203712E9	0.0
3.183377671E9	0.0
3.1835480905E9	0.0
3.1845084425E9	5.084030222411408
3.186847264E9	0.0
3.188853383E9	0.0
3.189497979E9	0.0
3.1915036825E9	0.0
3.193917589E9	0.0
3.1949576625E9	0.0
3.1955729425E9	0.0
3.1979582215E9	0.0
3.200762757E9	0.0
3.201346902E9	0.0
3.2014320305E9	0.0
3.203896665E9	0.0
3.2068525245E9	0.0
3.2073844505E9	0.0
3.207821066E9	0.0
3.2087527055E9	0.0
3.209372017E9	0.0
