#Read position (bp)	Clipping profile
0.0	1.8728699287976505
1.0	1.8614839564789039
2.0	1.8448324484202114
3.0	1.8398827359200964
4.0	1.8352706275729043
5.0	1.8292373146464715
6.0	1.8160870883672882
7.0	1.8066232816288945
8.0	1.800187021810263
9.0	1.7867917602587966
10.0	1.7823756801294308
11.0	1.6488042305938735
12.0	1.5900284366156099
13.0	1.5202369458411606
14.0	1.4537507086283943
15.0	1.3577349984913996
16.0	1.2750927689927793
17.0	1.1154168951166812
18.0	1.0663063813229106
19.0	1.0446452632531003
20.0	1.0039204009996785
21.0	0.9521253896673418
22.0	0.8665536273578723
23.0	0.8431718171538085
24.0	0.7739520753480196
25.0	0.7006701932506069
26.0	0.6777022203952876
27.0	0.6591666633541527
28.0	0.6002057316146088
29.0	0.5508719634616471
30.0	0.5098857302511236
31.0	0.4852515175442804
32.0	0.4085119154935421
33.0	0.3391941595788399
34.0	0.28566212042743083
35.0	0.19618612944625352
36.0	0.18918901111550782
37.0	0.1867876654471352
38.0	0.18523577538934335
39.0	0.18376011852737287
40.0	0.18254583262250415
41.0	0.18162558904437498
42.0	0.1806454479552433
43.0	0.179970239649397
44.0	0.17897376287544645
45.0	0.1778357101663991
46.0	0.17710604957782328
47.0	0.1762674844237884
48.0	0.1743670997565275
49.0	0.17381168647268622
50.0	0.17318548522129654
51.0	0.17235236529553458
52.0	0.16688535610948893
53.0	0.15358266343866273
54.0	0.15319605223128302
55.0	0.12738022498920892
56.0	0.12630751501943702
57.0	0.12566497808322846
58.0	0.1250333316035658
59.0	0.12449969923281634
60.0	0.1130756103161592
61.0	0.11244396383649656
62.0	0.11216081196630298
63.0	0.11182320781337983
64.0	0.1057517782890363
65.0	0.1052562625161975
66.0	0.10493499404809323
67.0	0.10449393055798398
68.0	0.10406375752442062
69.0	0.10371526291495159
70.0	0.09914127116567037
71.0	0.08223928260642167
72.0	0.08073095437481347
73.0	0.07968002531813338
74.0	0.07830782779334901
75.0	0.0778830999880586
76.0	0.07746926263931413
77.0	0.07681583524655966
78.0	0.07648367632190947
79.0	0.07611340079934861
80.0	0.07551987091759665
81.0	0.07520949290603827
82.0	0.07486099829656924
83.0	0.07440359912164111
84.0	0.07392986426189413
85.0	0.0733907866628717
86.0	0.07275914018320906
87.0	0.07190968457262827
88.0	0.07139783311497061
89.0	0.07107656464686632
90.0	0.07054837750438982
91.0	0.07007464264464282
92.0	0.06957368164353107
93.0	0.06929052977333747
94.0	0.06892025425077661
95.0	0.06844107416275667
96.0	0.0679673393030097
97.0	0.06721045257306911
98.0	0.06666592974577373
99.0	0.06476554507851284
100.0	0.06412845337057724
101.0	0.06343690937991212
102.0	0.06340968323854734
103.0	0.061890464550393216
104.0	0.06154741516919712
105.0	0.061759779071842325
106.0	0.06145484628855691
107.0	0.06122614670109285
108.0	0.05979949689357895
109.0	0.0588139105761743
110.0	0.05818770932478461
111.0	0.05791000268286397
112.0	0.057528836703757205
113.0	0.0572347943770177
114.0	0.057517946247211287
115.0	0.057801098117404894
116.0	0.05768674832367286
117.0	0.057643186497489236
118.0	0.057637741269216274
119.0	0.05769763878021877
120.0	0.057566953301667875
121.0	0.05757239852994084
122.0	0.05749072010584653
123.0	0.0574471582796629
124.0	0.05741448691002517
125.0	0.0573055823445661
126.0	0.05742537736657108
127.0	0.05726202051838246
128.0	0.05739815122520631
129.0	0.05742537736657108
130.0	0.05757239852994084
131.0	0.05758873421475969
132.0	0.05762685081267037
133.0	0.057615960356124464
134.0	0.05752339147548425
135.0	0.05748527487757357
136.0	0.05762685081267037
137.0	0.05755061761684902
138.0	0.05694619727855114
139.0	0.05697342341991591
140.0	0.05700609478955363
141.0	0.05713678026810452
142.0	0.05712044458328566
143.0	0.05711499935501271
144.0	0.057169451637742244
145.0	0.05717489686601521
146.0	0.057332808485930864
147.0	0.057169451637742244
148.0	0.057327363257657915
149.0	0.057463493964481756
150.0	0.057637741269216274
151.0	0.057828324258769666
152.0	0.05795900973732056
153.0	0.05801890724832305
154.0	0.0580951404441444
155.0	0.059456447512382854
156.0	0.059685147099846916
157.0	0.0597232636977576
158.0	0.05989206577421916
159.0	0.05997374419831347
160.0	0.060028196481043
161.0	0.06000641556795119
162.0	0.060131655818229136
163.0	0.06039302677533091
164.0	0.060638062047613836
165.0	0.06087765209162381
166.0	0.06111179690736082
167.0	0.06134594172309784
168.0	0.06155830562574303
169.0	0.06184690272420959
170.0	0.06203204048549002
171.0	0.062211733018497486
172.0	0.062075602311673646
173.0	0.06198303343103343
174.0	0.062124609366130235
175.0	0.062228068703316354
176.0	0.06245132306250746
177.0	0.06279981767197651
178.0	0.061569196082288946
179.0	0.06210282845303842
180.0	0.0782261493692547
181.0	0.08220661123678395
182.0	0.0803606788522526
183.0	0.08025721951506648
184.0	0.08038790499361738
185.0	0.07969636100295224
186.0	0.08002307469932947
187.0	0.08599649011475982
188.0	0.0864702249745068
189.0	0.08692762414943492
190.0	0.08752659925945985
191.0	0.09858041265355612
192.0	0.09902147614366538
193.0	0.09995805540661344
194.0	0.10034466661399315
195.0	0.10166785708432093
196.0	0.1270752922059235
197.0	0.12814255694742246
198.0	0.14106952886741483
199.0	0.14665088784719252
200.0	0.14723897250067153
201.0	0.14777805009969397
202.0	0.14826267541598687
203.0	0.14998336755024025
204.0	0.15070213768227017
205.0	0.15108330366137693
206.0	0.1519164235871389
207.0	0.15311437380718873
208.0	0.1546227020387969
209.0	0.15579887134575496
210.0	0.15707305476162617
211.0	0.15914768673362156
212.0	0.16180495813082302
213.0	0.16604679095545405
214.0	0.17135588852158404
215.0	0.18970630780143846
216.0	0.2799174045994645
217.0	0.3309555292018608
218.0	0.39613491162911807
219.0	0.47033159207638703
220.0	0.4890468416505293
221.0	0.5331640811180013
222.0	0.5832874073705412
223.0	0.6413226503036831
224.0	0.658328098200118
225.0	0.6821945337204746
226.0	0.7757980077325508
227.0	0.8446039121895954
228.0	0.8694886053969944
229.0	0.9322121898731497
230.0	0.9882544792583905
231.0	1.0796036287654638
232.0	1.1038076684387437
233.0	1.1636017201040496
234.0	1.2753432494933352
235.0	1.3435610692969007
236.0	1.4398980479019998
237.0	1.4972090754748388
238.0	1.571035480399547
239.0	1.6293647656594283
240.0	1.7603551769936054
241.0	1.7669602388886985
242.0	1.7808673518978226
243.0	1.7883654312296802
244.0	1.7984064321650068
245.0	1.8136966331554614
246.0	1.8226213622948326
247.0	1.837421492740721
248.0	1.8429538446660423
249.0	1.8620774863606562
250.0	1.871252696000583
