#Position (bp)	mapping quality
4011823.0	59.97863210097922
1.2035468E7	59.98576484072892
2.0059113E7	59.97894694439236
2.8082758E7	58.4502836667662
3.6106403E7	56.34434677174902
4.4130048E7	46.95652173913044
5.2153693E7	59.858156028368796
6.0177338E7	0.0
6.8200983E7	14.080882352941176
7.6224628E7	0.0
8.4248273E7	59.97539506091865
9.2271918E7	0.0
1.00295563E8	1.3821138211382114
1.08319208E8	0.0
1.16342853E8	9.13953488372093
1.24366498E8	0.0
1.32390143E8	0.0
1.40413788E8	14.799142354513895
1.48437433E8	0.00765525628259263
1.56461078E8	50.935550935550935
1.64484723E8	59.98553041067034
1.72508368E8	55.714285714285715
1.80532013E8	0.0
1.88555658E8	1.8439716312056738
1.96579303E8	4.0176211453744495
2.04602948E8	53.61360182370821
2.12626593E8	1.4
2.20650238E8	1.8181818181818181
2.28673883E8	52.145969498910674
2.36697528E8	0.0
2.44721173E8	0.0
2.48844709E8	0.0
2.528565315E8	54.35263157894737
2.60768463E8	59.253910950661854
2.68792108E8	55.8955895589559
2.76815753E8	0.0
2.84839398E8	2.464458292249151
2.92863043E8	54.56642146257032
3.00886688E8	52.00362647325476
3.08910333E8	0.0
3.16933978E8	59.38590604026846
3.24957623E8	55.77092511013216
3.32981268E8	0.0
3.41004913E8	37.721651825230154
3.49028558E8	27.931428571428572
3.57052203E8	39.87577639751553
3.65075848E8	31.993208150219736
3.73099493E8	59.9838109721923
3.81123138E8	45.84615384615385
3.89146783E8	0.23660714285714285
3.97170428E8	0.0
4.05194073E8	27.966057441253263
4.13217718E8	0.21505376344086022
4.21241363E8	42.10374639769452
4.29265008E8	8.60655737704918
4.37288653E8	0.0
4.45312298E8	2.708994708994709
4.53335943E8	3.682242990654206
4.61359588E8	0.0
4.69383233E8	2.626112759643917
4.77406878E8	54.980494148244475
4.85430523E8	47.84575835475579
4.902961485E8	60.0
4.94307971E8	4.551724137931035
5.01477813E8	57.43876836948915
5.09501458E8	0.0
5.17525103E8	4.664179104477612
5.25548748E8	46.93805309734513
5.33572393E8	0.0
5.41596038E8	59.98590626104517
5.49619683E8	54.78994614003591
5.57643328E8	0.0
5.65666973E8	6.128919860627177
5.73690618E8	7.2560975609756095
5.81714263E8	0.0
5.89737908E8	17.24074074074074
5.97761553E8	0.0
6.05785198E8	6.449612403100775
6.13808843E8	46.755417956656345
6.21832488E8	59.984897498345354
6.29856133E8	11.114503816793894
6.37879778E8	43.09551656920078
6.45903423E8	59.98313799054411
6.53927068E8	0.0
6.61950713E8	0.0
6.69974358E8	0.743801652892562
6.77998003E8	0.9402985074626866
6.85727668E8	51.58584534731324
6.897394905E8	0.0
6.94045293E8	59.888504775760694
7.02068938E8	42.154065620542085
7.10092583E8	11.522714833059661
7.18116228E8	0.0
7.26139873E8	0.0
7.34163518E8	0.45588235294117646
7.42187163E8	0.34782608695652173
7.50210808E8	5.0
7.58234453E8	58.71670702179177
7.66258098E8	31.16883116883117
7.74281743E8	0.0
7.82305388E8	8.37062937062937
7.90329033E8	1.6585365853658536
7.98352678E8	0.0
8.06376323E8	0.2709677419354839
8.14399968E8	2.057142857142857
8.22423613E8	3.222623345367028
8.30447258E8	51.689008042895445
8.38470903E8	57.429718875502004
8.46494548E8	39.375
8.54518193E8	0.0
8.62541838E8	0.0
8.70565483E8	0.0
8.771186855E8	0.15251487290427257
8.81130508E8	60.0
8.86612773E8	59.980672124330425
8.94636418E8	57.66990291262136
9.02660063E8	0.0
9.10683708E8	0.0
9.18707353E8	0.0
9.26730998E8	0.0
9.34754643E8	55.71974522292994
9.42778288E8	7.783783783783784
9.50801933E8	0.0
9.58825578E8	0.0
9.66849223E8	4.22680412371134
9.74872868E8	0.0
9.82896513E8	0.0
9.90920158E8	0.0
9.98943803E8	1.0714285714285714
1.006967448E9	54.0
1.014991093E9	48.15126050420168
1.023014738E9	0.0
1.031038383E9	0.0
1.039062028E9	0.0
1.047085673E9	0.0
1.055109318E9	58.328445747800586
1.0601597325E9	7.0
1.064171555E9	39.6
1.071156608E9	8.523636363636363
1.079180253E9	5.376731301939058
1.087203898E9	59.983708583725516
1.095227543E9	33.89665150888797
1.103251188E9	58.45489078822412
1.111274833E9	3.2483660130718954
1.119298478E9	14.462093862815884
1.127322123E9	56.15533980582524
1.135345768E9	0.0
1.143369413E9	0.0
1.151393058E9	0.0
1.159416703E9	0.0
1.167440348E9	0.0
1.175463993E9	4.463414634146342
1.183487638E9	0.0
1.191511283E9	2.3773584905660377
1.199534928E9	59.97738176297027
1.207558573E9	59.97710870331288
1.215582218E9	0.39285714285714285
1.223605863E9	39.27400468384075
1.2298109945E9	46.536858006042294
1.233822817E9	56.90738255033557
1.239653153E9	59.71360331907307
1.247676798E9	0.2585034013605442
1.255700443E9	0.14802631578947367
1.263724088E9	1.3800350262697023
1.271747733E9	4.983333333333333
1.279771378E9	0.0
1.287795023E9	58.44
1.295818668E9	49.64102564102564
1.303842313E9	13.304496788008565
1.311865958E9	59.97956892115422
1.319889603E9	59.43189655172414
1.327913248E9	4.372307692307692
1.335936893E9	28.858683314415437
1.343960538E9	2.2388059701492535
1.351984183E9	59.9646278649554
1.360007828E9	39.19028340080972
1.368031473E9	0.0
1.376055118E9	59.985317982128976
1.384078763E9	36.214983713355046
1.389720431E9	59.83739539714136
1.3937322535E9	59.91253644314869
1.400126053E9	57.58392675483215
1.408149698E9	0.0
1.416173343E9	55.6
1.424196988E9	54.75555555555555
1.432220633E9	56.83052090975789
1.440244278E9	0.0
1.448267923E9	0.0
1.456291568E9	50.02044293015332
1.464315213E9	7.0
1.472338858E9	57.717908082408876
1.480362503E9	0.23076923076923078
1.488386148E9	57.27272727272727
1.496409793E9	59.983767801693915
1.504433438E9	31.088082901554404
1.512457083E9	0.0
1.520480728E9	49.67944785276074
1.528504373E9	58.38497845269854
1.534502554E9	59.98849693251534
1.5385143765E9	37.0
1.544551663E9	51.51807228915663
1.552575308E9	14.686567164179104
1.560598953E9	0.0
1.568622598E9	55.932203389830505
1.576646243E9	30.04426746534159
1.584669888E9	0.0
1.592693533E9	0.0
1.600717178E9	26.650485436893202
1.608740823E9	38.73898305084746
1.616764468E9	59.973564219014186
1.624788113E9	57.5968992248062
1.632811758E9	57.32984293193717
1.640835403E9	8.597938144329897
1.648859048E9	0.0
1.656882693E9	58.9918533604888
1.664906338E9	59.95825011941994
1.671900895E9	55.27415143603133
1.6759127175E9	60.0
1.680953628E9	57.36189402480271
1.688977273E9	0.0
1.697000918E9	0.0
1.705024563E9	47.140549273021
1.713048208E9	0.0
1.721071853E9	54.813693966332515
1.729095498E9	15.454545454545455
1.737119143E9	39.46470588235294
1.745142788E9	52.265974025974025
1.753166433E9	54.024096385542165
1.761190078E9	57.95817958179582
1.769213723E9	59.98093455144263
1.777237368E9	54.41812564366632
1.785261013E9	40.78887303851641
1.793284658E9	47.846017699115045
1.801308303E9	58.366800535475235
1.8070005885E9	8.61598681499794
1.811012411E9	55.84687868080094
1.817355593E9	0.0
1.825379238E9	57.45532603285216
1.833402883E9	0.0
1.841426528E9	57.27420402858999
1.849450173E9	0.0
1.857473818E9	51.96116504854369
1.865497463E9	60.0
1.873521108E9	33.28645640074212
1.881544753E9	59.309710435965535
1.889568398E9	0.0
1.897592043E9	58.7007874015748
1.905615688E9	0.0
1.913639333E9	0.8695652173913043
1.921662978E9	57.93756268806419
1.929686623E9	58.61731843575419
1.937710268E9	50.34375
1.942744882E9	0.0
1.9467567045E9	0.0
1.953757558E9	59.4118961303859
1.961781203E9	3.223684210526316
1.969804848E9	4.384615384615385
1.977828493E9	21.21706398996236
1.985852138E9	57.38095238095238
1.993875783E9	51.79282278949316
2.001899428E9	56.03024574669187
2.009923073E9	8.21574376903124
2.017946718E9	0.0
2.025970363E9	38.63013698630137
2.033994008E9	3.445692883895131
2.042017653E9	0.0
2.050041298E9	54.69025367156208
2.058064943E9	55.91304347826087
2.066088588E9	58.842060451255854
2.0735716965E9	59.499022917036775
2.077583519E9	0.0
2.082135878E9	0.0
2.090159523E9	0.0
2.098183168E9	59.332302936630605
2.106206813E9	56.3671875
2.114230458E9	53.146927871772036
2.122254103E9	8.685714285714285
2.130277748E9	5.070422535211268
2.138301393E9	0.17557251908396945
2.146325038E9	0.0
2.154348683E9	43.949730700179536
2.162372328E9	43.705882352941174
2.170395973E9	0.0
2.178419618E9	54.628571428571426
2.186443263E9	0.0
2.190931198E9	0.0
2.1949430205E9	0.0
2.202490553E9	0.0
2.210514198E9	55.45454545454545
2.218537843E9	0.0
2.226561488E9	58.62845445240532
2.234585133E9	0.0
2.242608778E9	2.5596330275229358
2.250632423E9	51.407766990291265
2.258656068E9	57.525313516024156
2.266679713E9	0.8266666666666667
2.274703358E9	0.0
2.282727003E9	59.94782282094299
2.290750648E9	43.511280398476416
2.2966067495E9	57.95206611570248
2.300618572E9	0.0
2.306797938E9	0.0
2.314821583E9	0.0
2.322845228E9	48.99333967649857
2.330868873E9	55.7228805834093
2.338892518E9	59.919262601021245
2.346916163E9	3.411214953271028
2.354939808E9	53.59433640395769
2.362963453E9	56.76086295958675
2.370987098E9	53.0939226519337
2.379010743E9	32.22699386503067
2.387034388E9	47.75757575757576
2.395058033E9	0.0
2.3997560365E9	0.0
2.403767859E9	53.579165880354786
2.411105323E9	39.642857142857146
2.419128968E9	58.03507781630514
2.427152613E9	59.978547924059264
2.435176258E9	58.485456369107325
2.443199903E9	10.0
2.451223548E9	1.6312056737588652
2.459247193E9	59.83593457007632
2.467270838E9	59.9818164849722
2.475294483E9	0.0
2.483318128E9	50.31596890767762
2.4890552565E9	56.89993459777632
2.493067079E9	57.041314971123946
2.499365418E9	59.16819141449683
2.507389063E9	50.12699446434386
2.515412708E9	3.367688022284123
2.523436353E9	30.775224775224775
2.531459998E9	57.463532939412644
2.539483643E9	59.20055565202292
2.547507288E9	4.430769230769231
2.555530933E9	0.3137254901960784
2.563554578E9	46.763636363636365
2.570802202E9	55.278030303030306
2.5748140245E9	0.0
2.579601868E9	6.564102564102564
2.587625513E9	55.41454377026401
2.595649158E9	8.974358974358974
2.603672803E9	2.8025477707006368
2.611696448E9	38.93416927899686
2.619720093E9	0.18518518518518517
2.627743738E9	0.0
2.635767383E9	57.20152091254753
2.643791028E9	4.452702702702703
2.6511070695E9	59.48275862068966
2.655118892E9	56.60724233983287
2.659838318E9	59.845721004451164
2.667861963E9	44.854181558255895
2.675885608E9	59.40366423182852
2.683909253E9	59.40050041701418
2.691932898E9	53.48332318777203
2.699956543E9	24.39344262295082
2.707980188E9	56.44056737588652
2.7125104575E9	60.0
2.71652228E9	55.93810444874275
2.724027478E9	0.0
2.732051123E9	4.7368421052631575
2.740074768E9	57.897678869426194
2.748098413E9	28.70344827586207
2.756122058E9	46.45824411134904
2.764145703E9	0.9259259259259259
2.772169348E9	59.97332952747614
2.776827121E9	60.0
2.7808389435E9	0.0
2.788216638E9	0.0
2.796240283E9	13.5
2.804263928E9	0.0
2.812287573E9	0.0
2.820241225E9	56.34998122418325
2.8242530475E9	0.0
2.828334863E9	0.0
2.836358508E9	2.0
2.844382153E9	46.6630907509423
2.852405798E9	30.775981524249424
2.860429443E9	50.5324298160697
2.868453088E9	58.74003672102819
2.8737332165E9	59.57002457002457
2.877745039E9	49.07538802660754
2.884500378E9	60.0
2.892524023E9	39.319148936170215
2.900547668E9	0.0
2.908571313E9	0.0
2.916594958E9	50.18518518518518
2.924618603E9	46.39370078740158
2.932642248E9	2.7660818713450293
2.940665893E9	0.0
2.948689538E9	1.4569536423841059
2.956713183E9	0.0
2.964736828E9	48.78260869565217
2.972760473E9	6.352941176470588
2.980784118E9	3.911111111111111
2.988807763E9	49.60950764006791
2.996831408E9	0.0
3.004855053E9	55.32319391634981
3.012878698E9	57.4496644295302
3.020902343E9	6.571428571428571
3.0279782915E9	55.55128507427494
3.031990114E9	0.0
3.036949633E9	0.0
3.044973278E9	8.282835820895523
3.052996923E9	0.0
3.061020568E9	0.0
3.069044213E9	0.0
3.077067858E9	0.0
3.0846747565E9	0.0
3.088278117E9	0.0
3.088373929E9	0.0
3.0884774725E9	0.0
3.0885573295E9	0.0
3.0886546005E9	0.0
3.0887081185E9	0.0
3.0887493115E9	0.0
3.088858438E9	0.17710788428541432
3.088966832E9	0.0
3.089008063E9	0.0
3.0890661235E9	0.0
3.089146859E9	0.0
3.089267292E9	0.0
3.08942189E9	0.0
3.089604443E9	0.0
3.089755642E9	0.0
3.0898220175E9	0.0
3.0898610755E9	0.0
3.089968525E9	0.0
3.0900764725E9	0.0
3.0901461555E9	0.0
3.090297168E9	0.0
3.090503609E9	0.0
3.0907062205E9	0.0
3.09089898E9	0.0
3.091013772E9	0.0
3.091052607E9	0.0
3.0911587895E9	0.0
3.091267064E9	0.0
3.0915130575E9	0.0
3.092673561E9	0.0
3.093702736E9	0.0
3.093935951E9	0.0
3.094132646E9	0.0
3.0942642985E9	0.0
3.094360447E9	0.0
3.0944711045E9	0.0
3.0946435155E9	8.0
3.094747446E9	0.0
3.0948598115E9	0.0
3.0950026905E9	0.0
3.095104297E9	0.0
3.095190977E9	0.0
3.0952465895E9	0.0
3.0952663465E9	0.0
3.095268566E9	0.0
3.0952706195E9	0.0
3.0952723265E9	0.0
3.0952838005E9	0.0
3.0952967465E9	0.0
3.095299555E9	0.0
3.0953008775E9	0.0
3.0953027375E9	0.0
3.0953043745E9	0.0
3.095311073E9	0.0
3.0953361175E9	0.0
3.095355552E9	0.0
3.0953574645E9	0.0
3.095360032E9	0.0
3.095361791E9	0.0
3.095363378E9	0.0
3.095365611E9	0.0
3.0953678415E9	0.0
3.095369933E9	0.0
3.095371677E9	0.0
3.09537289E9	0.0
3.0953743225E9	0.0
3.095375945E9	0.0
3.095572656E9	0.0
3.095769303E9	0.0
3.0957708065E9	0.0
3.0957736535E9	0.0
3.095822105E9	0.0
3.095924849E9	0.0
3.095983129E9	0.0
3.095986364E9	0.0
3.0959887305E9	0.0
3.0959909825E9	0.0
3.095993051E9	0.0
3.0959946765E9	0.0
3.096006671E9	0.0
3.0960870785E9	0.0
3.0961589785E9	0.0
3.096165879E9	0.0
3.096173123E9	0.0
3.09617898E9	0.0
3.096183283E9	0.0
3.096185859E9	0.0
3.0961883E9	0.0
3.0961908755E9	0.0
3.096192456E9	0.0
3.096238607E9	0.0
3.0962848625E9	0.0
3.096286263E9	0.0
3.0962877625E9	0.0
3.096289947E9	0.0
3.096292208E9	0.0
3.0962965075E9	0.0
3.096315547E9	0.0
3.0963533005E9	0.0
3.09637788E9	0.0
3.096382479E9	0.0
3.0963879875E9	0.0
3.0963943185E9	0.0
3.096398918E9	0.0
3.0964033365E9	0.0
3.0964070605E9	0.0
3.0964084065E9	0.0
3.0964096105E9	0.0
3.096411644E9	0.0
3.0964135175E9	0.0
3.0964147555E9	0.0
3.0964161835E9	0.0
3.0964174105E9	0.0
3.096418484E9	0.0
3.096419946E9	0.0
3.096422275E9	0.0
3.0964254675E9	0.0
3.0964313925E9	0.0
3.0964360765E9	0.0
3.096437123E9	0.0
3.0964382945E9	0.0
3.096440137E9	0.0
3.096442099E9	0.0
3.096443439E9	0.0
3.0964449505E9	0.0
3.0964464985E9	0.0
3.0964475915E9	0.0
3.0964489705E9	0.0
3.0964506065E9	0.0
3.0964522235E9	0.0
3.0964537525E9	0.0
3.0964552355E9	0.0
3.09645655E9	0.0
3.0964580005E9	0.0
3.0964594605E9	0.0
3.096462063E9	0.0
3.0964647385E9	0.0
3.0964666345E9	0.0
3.0964687875E9	0.0
3.096470338E9	0.0
3.0964722525E9	0.0
3.096474844E9	0.0
3.0964802425E9	0.0
3.0964880595E9	0.0
3.0965833285E9	28.0
3.0967643755E9	0.0
3.0969348755E9	0.0
3.0970713735E9	0.0
3.09716122E9	0.0
3.0972741855E9	0.0
3.0973604055E9	0.0
3.097450029E9	0.0
3.0976374775E9	0.0
3.0978270425E9	0.0
3.097932224E9	0.0
3.0979864125E9	0.0
3.098119023E9	0.0
3.098265051E9	0.0
3.098391091E9	59.86070873132683
3.0985448955E9	0.0
3.0986946915E9	0.0
3.098783935E9	0.0
3.0988292795E9	0.0
3.098880847E9	0.0
3.098919304E9	0.0
3.0989774605E9	0.0
3.099052881E9	0.0
3.0991573655E9	0.0
3.099319594E9	0.0
3.0995012675E9	0.0
3.099670145E9	0.0
3.0999279405E9	0.0
3.100233298E9	0.0
3.1004161975E9	0.0
3.100563604E9	0.0
3.100747466E9	0.0
3.1008938195E9	0.0
3.1011322435E9	0.0
3.1013406625E9	0.0
3.1018216205E9	0.0
3.10249025E9	0.0
3.1027859675E9	0.0
3.1029370045E9	0.0
3.103040568E9	0.0
3.103187824E9	0.0
3.1033599445E9	0.0
3.1034919475E9	0.0
3.103630163E9	0.0
3.103765693E9	0.0
3.1038899E9	0.0
3.104000147E9	0.0
3.104103262E9	13.058666666666667
3.104213238E9	0.0
3.1043622315E9	0.0
3.1045301035E9	0.0
3.104697468E9	0.0
3.104838637E9	0.0
3.1050052845E9	0.0
3.105133977E9	0.0
3.1052243125E9	0.0
3.105384834E9	0.0
3.1055957845E9	0.0
3.1057764275E9	0.0
3.1059356005E9	0.0
3.106119471E9	0.0
3.1062928875E9	0.0
3.1064952125E9	0.0
3.106793429E9	0.0
3.107037494E9	0.0
3.1073867035E9	0.0
3.107759424E9	0.0
3.1079211745E9	0.0
3.1080633985E9	0.0
3.1082263265E9	0.0
3.1084513465E9	0.0
3.1086364625E9	0.0
3.108789052E9	0.0
3.1089764285E9	0.0
3.1091156475E9	0.0
3.1092704375E9	0.0
3.1094661425E9	0.0
3.1103548855E9	0.0
3.11121197E9	0.0
3.1113489445E9	0.0
3.111522028E9	0.0
3.1116747035E9	0.0
3.112457455E9	1.342302064704926
3.114793642E9	0.0
3.1165009275E9	0.0
3.1166649055E9	0.0
3.1168033475E9	0.0
3.1173009555E9	0.0
3.117773698E9	0.0
3.117904112E9	0.0
3.1180957915E9	0.0
3.1183304505E9	0.0
3.1185453175E9	0.0
3.1187290865E9	0.0
3.1189129625E9	0.0
3.119051637E9	0.0
3.1196670135E9	0.0
3.120358526E9	0.0
3.1205574705E9	0.0
3.1207256815E9	0.0
3.1209034785E9	0.0
3.1210870935E9	0.0
3.1212284615E9	0.0
3.1214052355E9	0.0
3.1220442065E9	0.0
3.1226870745E9	0.0
3.1231494355E9	0.0
3.1235325875E9	0.0
3.123790701E9	0.0
3.124044676E9	0.0
3.1241297635E9	0.0
3.124227575E9	0.0
3.124459987E9	0.0
3.1246790295E9	0.0
3.1248266455E9	0.0
3.124943915E9	0.0
3.1250653335E9	0.0
3.1251809925E9	0.0
3.1254305495E9	0.0
3.1257397175E9	0.0
3.1259200925E9	0.0
3.1261657415E9	0.0
3.1264148E9	0.0
3.126614024E9	0.0
3.1268076365E9	0.0
3.12704463E9	0.0
3.127295107E9	0.0
3.12747434E9	0.0
3.1276520425E9	0.0
3.127848246E9	0.0
3.127977804E9	0.0
3.128104742E9	0.0
3.128281483E9	0.0
3.128569275E9	5.181845467465371
3.1287934555E9	0.0
3.1288739025E9	0.0
3.129053374E9	0.0
3.129196997E9	0.0
3.129281586E9	0.0
3.129410949E9	0.0
3.1295567135E9	0.0
3.1296928995E9	0.0
3.129844808E9	0.0
3.129974998E9	0.0
3.1300410955E9	0.0
3.1301650045E9	0.0
3.1303509995E9	0.0
3.1304930685E9	0.0
3.1306295515E9	0.0
3.130867575E9	0.0
3.131039675E9	0.0
3.1312194015E9	0.0
3.13213604E9	0.0
3.132981947E9	0.0
3.133747995E9	0.0
3.134663191E9	0.0
3.1350342175E9	0.0
3.1353294355E9	0.0
3.13564139E9	0.0
3.135912112E9	0.0
3.136228957E9	0.0
3.1366387835E9	0.0
3.13692132E9	0.0
3.1370204075E9	0.0
3.137148797E9	0.0
3.1372652255E9	0.0
3.1386151055E9	5.52803738317757
3.1400411865E9	0.0
3.1401822535E9	0.0
3.140414935E9	17.0
3.140798459E9	0.0
3.1410924815E9	0.0
3.1426293625E9	0.0
3.144206965E9	0.0
3.144381203E9	0.0
3.144482951E9	0.0
3.1449091835E9	0.0
3.1458201795E9	0.0
3.146483516E9	0.0
3.146713427E9	0.0
3.146885722E9	0.0
3.146985213E9	0.0
3.147119783E9	0.0
3.147265112E9	0.0
3.147465896E9	0.0
3.147693206E9	0.0
3.1478747395E9	0.0
3.1480261545E9	0.0
3.1481624055E9	0.0
3.148326154E9	0.0
3.148489927E9	0.0
3.1486047935E9	0.0
3.148662145E9	0.0
3.148881458E9	0.0
3.1491593975E9	0.0
3.1493385205E9	0.0
3.1495104645E9	0.0
3.1496099745E9	0.0
3.1497484335E9	0.0
3.1503591725E9	0.0
3.1509172235E9	0.0
3.1510408035E9	0.0
3.151129521E9	0.0
3.151250568E9	0.0
3.151374243E9	0.0
3.151489573E9	0.0
3.1516448945E9	0.0
3.151817443E9	0.0
3.151955368E9	60.0
3.152051039E9	0.0
3.1521507295E9	0.0
3.1523220325E9	60.0
3.1525451205E9	0.0
3.152790319E9	0.0
3.1530742195E9	0.0
3.153249269E9	0.0
3.1532999345E9	0.0
3.1533558455E9	0.0
3.153485713E9	0.0
3.153709553E9	0.0
3.1539240905E9	0.0
3.154120597E9	0.0
3.1543302E9	0.0
3.154493926E9	0.0
3.154657966E9	0.0
3.154845599E9	0.0
3.1550524745E9	0.0
3.1552349965E9	0.0
3.1553981115E9	0.0
3.15557571E9	0.0
3.1557532995E9	0.0
3.1559197455E9	0.0
3.1561079305E9	0.0
3.1562956185E9	0.0
3.1564576755E9	0.0
3.156728397E9	0.0
3.1574898795E9	0.0
3.158127567E9	0.0
3.159754588E9	1.0
3.1621522205E9	0.0
3.163083745E9	0.0
3.163247659E9	0.0
3.163475482E9	0.0
3.163688181E9	0.0
3.163848849E9	0.0
3.164242336E9	3.34373637424403
3.1646267025E9	0.0
3.167032335E9	0.0
3.169613042E9	0.0
3.169955169E9	0.0
3.170102579E9	0.0
3.1703440285E9	0.0
3.1705509635E9	0.0
3.1713065935E9	0.0
3.172105219E9	0.0
3.1722711045E9	0.0
3.1727147195E9	0.0
3.173116486E9	0.0
3.173290497E9	0.0
3.1735300985E9	0.0
3.173718028E9	0.0
3.1738956185E9	0.0
3.1740833425E9	0.0
3.174240364E9	0.0
3.17438727E9	0.0
3.174571623E9	0.0
3.1748117375E9	0.0
3.175046817E9	0.0
3.1752354605E9	0.0
3.1754134065E9	0.0
3.175774576E9	0.0
3.176707948E9	0.0
3.1790103535E9	0.0
3.1807719275E9	0.0
3.1809958745E9	0.0
3.1816373325E9	0.0
3.182257536E9	0.0
3.182438689E9	0.0
3.182632177E9	0.0
3.1828176375E9	0.0
3.1830105775E9	0.0
3.183203712E9	0.0
3.183377671E9	0.0
3.1835480905E9	0.0
3.1845084425E9	12.833441989920011
3.186847264E9	39.0
3.188853383E9	0.0
3.189497979E9	0.0
3.1915036825E9	32.0
3.193917589E9	0.0
3.1949576625E9	0.0
3.1955729425E9	0.0
3.1979582215E9	0.0
3.200762757E9	0.0
3.201346902E9	0.0
3.2014320305E9	0.0
3.203896665E9	0.0
3.2068525245E9	0.0
3.2073844505E9	0.0
3.207821066E9	0.0
3.2087527055E9	0.0
3.209372017E9	8.0
