#Position (bp)	mapping quality
4011823.0	59.98167432315312
1.2035468E7	59.986670955049576
2.0059113E7	59.97963084725652
2.8082758E7	45.84761904761905
3.6106403E7	5.754768392370572
4.4130048E7	0.0
5.2153693E7	31.963414634146343
6.0177338E7	3.0128205128205128
6.8200983E7	1.4503968253968254
7.6224628E7	4.041884816753926
8.4248273E7	59.96957512519106
9.2271918E7	0.0
1.00295563E8	20.09016393442623
1.08319208E8	3.8823529411764706
1.16342853E8	2.903914590747331
1.24366498E8	0.0
1.32390143E8	0.0
1.40413788E8	2.0192247851448673
1.48437433E8	7.124597665659346E-4
1.56461078E8	0.5943396226415094
1.64484723E8	59.984109358705965
1.72508368E8	8.118279569892474
1.80532013E8	5.535580524344569
1.88555658E8	3.5616438356164384
1.96579303E8	27.369009584664536
2.04602948E8	4.01980198019802
2.12626593E8	0.0
2.20650238E8	1.491841491841492
2.28673883E8	11.335227272727273
2.36697528E8	48.939935064935064
2.44721173E8	3.3143939393939394
2.48844709E8	0.0
2.528565315E8	6.198979591836735
2.60768463E8	47.24452554744526
2.68792108E8	0.0
2.76815753E8	41.2530779753762
2.84839398E8	2.464668862368084
2.92863043E8	0.39069767441860465
3.00886688E8	3.926701570680628
3.08910333E8	39.5822454308094
3.16933978E8	2.6692015209125475
3.24957623E8	0.0
3.32981268E8	0.591044776119403
3.41004913E8	44.205159447427725
3.49028558E8	45.0
3.57052203E8	3.27063339731286
3.65075848E8	32.713892709766164
3.73099493E8	59.9869019091875
3.81123138E8	1.8507936507936509
3.89146783E8	1.9806094182825484
3.97170428E8	0.0
4.05194073E8	9.687813021702839
4.13217718E8	0.0
4.21241363E8	42.301762114537446
4.29265008E8	5.339449541284404
4.37288653E8	0.5381165919282511
4.45312298E8	4.2781186094069525
4.53335943E8	1.6349206349206349
4.61359588E8	0.0
4.69383233E8	3.895551257253385
4.77406878E8	51.35024611889436
4.85430523E8	5.298780487804878
4.902961485E8	60.0
4.94307971E8	0.0
5.01477813E8	56.417910447761194
5.09501458E8	1.2732558139534884
5.17525103E8	2.115
5.25548748E8	3.1921182266009853
5.33572393E8	41.25966850828729
5.41596038E8	59.983168751355166
5.49619683E8	3.091743119266055
5.57643328E8	0.10830324909747292
5.65666973E8	3.0478260869565217
5.73690618E8	10.529680365296803
5.81714263E8	0.0
5.89737908E8	6.348314606741573
5.97761553E8	0.0
6.05785198E8	0.0
6.13808843E8	25.988505747126435
6.21832488E8	59.985432498206656
6.29856133E8	0.9177057356608479
6.37879778E8	0.0
6.45903423E8	59.98531549870973
6.53927068E8	7.560669456066946
6.61950713E8	0.0
6.69974358E8	11.090909090909092
6.77998003E8	41.449893390191896
6.85727668E8	3.3012048192771086
6.897394905E8	0.0
6.94045293E8	59.89939762654366
7.02068938E8	41.568788501026695
7.10092583E8	14.47602413464592
7.18116228E8	1.5939278937381405
7.26139873E8	0.0
7.34163518E8	4.973684210526316
7.42187163E8	0.2702078521939954
7.50210808E8	0.0
7.58234453E8	4.393129770992366
7.66258098E8	1.1304347826086956
7.74281743E8	5.7542168674698795
7.82305388E8	23.016949152542374
7.90329033E8	0.1926605504587156
7.98352678E8	6.32051282051282
8.06376323E8	8.575
8.14399968E8	6.521739130434782
8.22423613E8	2.23926812104152
8.30447258E8	4.555555555555555
8.38470903E8	0.0
8.46494548E8	52.112259970457906
8.54518193E8	6.038976857490865
8.62541838E8	0.0
8.70565483E8	0.0
8.771186855E8	8.083832335329342
8.81130508E8	0.0
8.86612773E8	59.975813370989336
8.94636418E8	1.2142857142857142
9.02660063E8	0.0
9.10683708E8	3.593984962406015
9.18707353E8	5.2974683544303796
9.26730998E8	6.129032258064516
9.34754643E8	46.656
9.42778288E8	0.0
9.50801933E8	3.941860465116279
9.58825578E8	2.728643216080402
9.66849223E8	0.0
9.74872868E8	0.6517571884984026
9.82896513E8	2.2357723577235773
9.90920158E8	0.8483606557377049
9.98943803E8	1.024390243902439
1.006967448E9	0.35789473684210527
1.014991093E9	18.222811671087534
1.023014738E9	3.108187134502924
1.031038383E9	5.991379310344827
1.039062028E9	4.591939546599496
1.047085673E9	0.0
1.055109318E9	28.41487279843444
1.0601597325E9	0.0
1.064171555E9	3.291866028708134
1.071156608E9	2.7180094786729856
1.079180253E9	4.953620829943043
1.087203898E9	59.98327362295466
1.095227543E9	5.450199203187251
1.103251188E9	0.0
1.111274833E9	0.0
1.119298478E9	0.5578231292517006
1.127322123E9	0.0
1.135345768E9	0.0
1.143369413E9	0.0
1.151393058E9	0.0
1.159416703E9	1.248
1.167440348E9	0.41350210970464135
1.175463993E9	2.032142857142857
1.183487638E9	2.925
1.191511283E9	11.25830258302583
1.199534928E9	59.97937295495187
1.207558573E9	59.97908544345122
1.215582218E9	3.3101604278074865
1.223605863E9	4.816568047337278
1.2298109945E9	5.374743326488707
1.233822817E9	37.842724978973926
1.239653153E9	59.950020079929565
1.247676798E9	9.640776699029127
1.255700443E9	54.893320964749535
1.263724088E9	0.0
1.271747733E9	1.0718232044198894
1.279771378E9	38.0058651026393
1.287795023E9	10.923809523809524
1.295818668E9	0.0
1.303842313E9	0.9032258064516129
1.311865958E9	59.982251755666375
1.319889603E9	57.412066313450694
1.327913248E9	3.281318681318681
1.335936893E9	10.734181452962838
1.343960538E9	3.653516295025729
1.351984183E9	59.97370730363367
1.360007828E9	9.502232142857142
1.368031473E9	2.6556338028169013
1.376055118E9	59.97070542929927
1.384078763E9	0.24329501915708812
1.389720431E9	59.780920851361394
1.3937322535E9	0.641860465116279
1.400126053E9	50.95192307692308
1.408149698E9	1.7958236658932714
1.416173343E9	0.0
1.424196988E9	3.7
1.432220633E9	0.29906542056074764
1.440244278E9	3.5092024539877302
1.448267923E9	0.0
1.456291568E9	4.5152542372881355
1.464315213E9	54.40820130475303
1.472338858E9	49.68526228143214
1.480362503E9	12.879668049792532
1.488386148E9	0.0
1.496409793E9	59.98567571731702
1.504433438E9	0.0
1.512457083E9	34.932870370370374
1.520480728E9	28.312831389183458
1.528504373E9	32.172413793103445
1.534502554E9	57.74597495527728
1.5385143765E9	0.0
1.544551663E9	0.182370820668693
1.552575308E9	2.176470588235294
1.560598953E9	0.0
1.568622598E9	43.48936170212766
1.576646243E9	39.76839591925331
1.584669888E9	0.0
1.592693533E9	0.0
1.600717178E9	25.86064769381747
1.608740823E9	0.46987951807228917
1.616764468E9	59.95865782173868
1.624788113E9	42.30863441518677
1.632811758E9	0.0
1.640835403E9	2.3316831683168315
1.648859048E9	0.12186379928315412
1.656882693E9	0.5574912891986062
1.664906338E9	59.967103019108336
1.671900895E9	58.7239263803681
1.6759127175E9	52.976791120080726
1.680953628E9	4.482758620689655
1.688977273E9	9.077669902912621
1.697000918E9	6.408333333333333
1.705024563E9	13.4725168756027
1.713048208E9	0.0
1.721071853E9	44.02877697841727
1.729095498E9	0.0
1.737119143E9	10.205882352941176
1.745142788E9	0.0
1.753166433E9	55.78947368421053
1.761190078E9	0.0
1.769213723E9	59.98082498595849
1.777237368E9	5.96218487394958
1.785261013E9	1.6204128440366972
1.793284658E9	8.003731343283581
1.801308303E9	42.339514978602
1.8070005885E9	0.0
1.811012411E9	54.52211126961483
1.817355593E9	9.183168316831683
1.825379238E9	29.44867724867725
1.833402883E9	8.88
1.841426528E9	49.411764705882355
1.849450173E9	10.17142857142857
1.857473818E9	58.624529091670155
1.865497463E9	50.92173913043478
1.873521108E9	10.003233629749394
1.881544753E9	57.61806130903066
1.889568398E9	0.0
1.897592043E9	47.10900473933649
1.905615688E9	0.0
1.913639333E9	8.907801418439716
1.921662978E9	0.0
1.929686623E9	52.08891454965358
1.937710268E9	2.6482758620689655
1.942744882E9	0.0
1.9467567045E9	5.036649214659686
1.953757558E9	59.531603210652165
1.961781203E9	0.0
1.969804848E9	2.720136518771331
1.977828493E9	3.7783375314861463
1.985852138E9	0.0
1.993875783E9	0.9090909090909091
2.001899428E9	15.202020202020202
2.009923073E9	9.361709362956246
2.017946718E9	5.755395683453237
2.025970363E9	31.226012793176974
2.033994008E9	6.400881057268722
2.042017653E9	1.5776805251641137
2.050041298E9	2.734375
2.058064943E9	50.03389830508475
2.066088588E9	49.36590436590436
2.0735716965E9	32.52201933404941
2.077583519E9	0.0
2.082135878E9	0.0
2.090159523E9	0.0
2.098183168E9	42.63112391930836
2.106206813E9	0.0
2.114230458E9	0.0
2.122254103E9	1.2702702702702702
2.130277748E9	49.95304347826087
2.138301393E9	0.0
2.146325038E9	2.1538461538461537
2.154348683E9	1.3243243243243243
2.162372328E9	35.60747663551402
2.170395973E9	4.328859060402684
2.178419618E9	0.0
2.186443263E9	8.685714285714285
2.190931198E9	0.0
2.1949430205E9	0.0
2.202490553E9	0.0
2.210514198E9	4.809160305343512
2.218537843E9	43.92612137203166
2.226561488E9	46.38095238095238
2.234585133E9	0.0
2.242608778E9	0.0
2.250632423E9	0.8064516129032258
2.258656068E9	3.483588621444201
2.266679713E9	41.785106382978725
2.274703358E9	2.39
2.282727003E9	59.45839719355608
2.290750648E9	17.049866768176628
2.2966067495E9	53.52675022928768
2.300618572E9	0.0
2.306797938E9	0.0
2.314821583E9	0.0
2.322845228E9	0.0
2.330868873E9	50.28517587939699
2.338892518E9	59.906943716472796
2.346916163E9	5.9113924050632916
2.354939808E9	17.925652667423382
2.362963453E9	29.759920634920636
2.370987098E9	1.2566037735849056
2.379010743E9	37.727504244482176
2.387034388E9	0.0
2.395058033E9	0.7846153846153846
2.3997560365E9	2.0726256983240225
2.403767859E9	36.14095079232694
2.411105323E9	41.40573770491803
2.419128968E9	49.74404398289554
2.427152613E9	59.983913126860024
2.435176258E9	55.313741064336774
2.443199903E9	0.0
2.451223548E9	41.78431372549019
2.459247193E9	59.79375957320752
2.467270838E9	59.98445059761722
2.475294483E9	1.4692144373673035
2.483318128E9	11.884043272481406
2.4890552565E9	50.106830122591944
2.493067079E9	0.0
2.499365418E9	43.214285714285715
2.507389063E9	10.945273631840797
2.515412708E9	2.2758620689655173
2.523436353E9	35.743651753325274
2.531459998E9	56.61863488624052
2.539483643E9	37.58578431372549
2.547507288E9	0.0
2.555530933E9	0.20253164556962025
2.563554578E9	0.0
2.570802202E9	53.67611889306457
2.5748140245E9	0.0
2.579601868E9	6.534303534303534
2.587625513E9	0.0
2.595649158E9	0.8307692307692308
2.603672803E9	2.9896907216494846
2.611696448E9	8.184049079754601
2.619720093E9	2.3964232488822654
2.627743738E9	2.272727272727273
2.635767383E9	8.406153846153845
2.643791028E9	0.44794188861985473
2.6511070695E9	49.11504424778761
2.655118892E9	0.0
2.659838318E9	56.33546255506608
2.667861963E9	34.29048207663782
2.675885608E9	4.402332361516035
2.683909253E9	49.75467099918765
2.691932898E9	54.37259893969587
2.699956543E9	2.085185185185185
2.707980188E9	30.869897959183675
2.7125104575E9	52.625
2.71652228E9	8.914285714285715
2.724027478E9	5.453125
2.732051123E9	45.67612687813022
2.740074768E9	54.40186721126995
2.748098413E9	4.254706533776301
2.756122058E9	1.064625850340136
2.764145703E9	5.126315789473685
2.772169348E9	59.97936759020004
2.776827121E9	17.0
2.7808389435E9	0.0
2.788216638E9	0.40707964601769914
2.796240283E9	0.0
2.804263928E9	3.7714285714285714
2.812287573E9	2.4347826086956523
2.820241225E9	47.868506493506494
2.8242530475E9	0.0
2.828334863E9	0.0
2.836358508E9	0.0
2.844382153E9	47.142857142857146
2.852405798E9	2.1661490683229814
2.860429443E9	1.3244147157190636
2.868453088E9	52.268626110731375
2.8737332165E9	59.60334435154579
2.877745039E9	0.0
2.884500378E9	6.25
2.892524023E9	0.7772727272727272
2.900547668E9	5.971153846153846
2.908571313E9	9.666666666666666
2.916594958E9	3.310077519379845
2.924618603E9	6.470588235294118
2.932642248E9	1.9090909090909092
2.940665893E9	9.407407407407407
2.948689538E9	4.9346938775510205
2.956713183E9	2.823529411764706
2.964736828E9	0.0
2.972760473E9	3.2007233273056057
2.980784118E9	55.402081362346266
2.988807763E9	6.665829145728643
2.996831408E9	2.5883620689655173
3.004855053E9	45.703479576399396
3.012878698E9	41.62048192771084
3.020902343E9	0.0
3.0279782915E9	43.55444839857651
3.031990114E9	0.0
3.036949633E9	0.0
3.044973278E9	5.813992042440319
3.052996923E9	5.5
3.061020568E9	0.0
3.069044213E9	0.0
3.077067858E9	0.0
3.0846747565E9	0.0
3.088278117E9	0.0
3.088373929E9	0.0
3.0884774725E9	0.0
3.0885573295E9	0.0
3.0886546005E9	0.0
3.0887081185E9	0.0
3.0887493115E9	0.0
3.088858438E9	0.09580005262312835
3.088966832E9	0.0
3.089008063E9	0.0
3.0890661235E9	0.0
3.089146859E9	0.0
3.089267292E9	0.0
3.08942189E9	0.0
3.089604443E9	0.0
3.089755642E9	0.0
3.0898220175E9	0.0
3.0898610755E9	0.0
3.089968525E9	0.0
3.0900764725E9	0.0
3.0901461555E9	0.0
3.090297168E9	0.0
3.090503609E9	0.0
3.0907062205E9	0.0
3.09089898E9	0.0
3.091013772E9	0.0
3.091052607E9	0.0
3.0911587895E9	0.0
3.091267064E9	0.0
3.0915130575E9	0.0
3.092673561E9	0.0
3.093702736E9	0.0
3.093935951E9	0.0
3.094132646E9	0.0
3.0942642985E9	0.0
3.094360447E9	0.0
3.0944711045E9	0.0
3.0946435155E9	0.0
3.094747446E9	0.0
3.0948598115E9	0.0
3.0950026905E9	0.0
3.095104297E9	0.0
3.095190977E9	0.0
3.0952465895E9	0.0
3.0952663465E9	0.0
3.095268566E9	0.0
3.0952706195E9	0.0
3.0952723265E9	0.0
3.0952838005E9	0.0
3.0952967465E9	0.0
3.095299555E9	0.0
3.0953008775E9	0.0
3.0953027375E9	0.0
3.0953043745E9	0.0
3.095311073E9	0.0
3.0953361175E9	0.0
3.095355552E9	0.0
3.0953574645E9	0.0
3.095360032E9	0.0
3.095361791E9	0.0
3.095363378E9	0.0
3.095365611E9	0.0
3.0953678415E9	0.0
3.095369933E9	0.0
3.095371677E9	0.0
3.09537289E9	0.0
3.0953743225E9	0.0
3.095375945E9	0.0
3.095572656E9	0.0
3.095769303E9	0.0
3.0957708065E9	0.0
3.0957736535E9	0.0
3.095822105E9	0.0
3.095924849E9	0.0
3.095983129E9	0.0
3.095986364E9	0.0
3.0959887305E9	0.0
3.0959909825E9	0.0
3.095993051E9	0.0
3.0959946765E9	0.0
3.096006671E9	0.0
3.0960870785E9	0.0
3.0961589785E9	0.0
3.096165879E9	0.0
3.096173123E9	0.0
3.09617898E9	0.0
3.096183283E9	0.0
3.096185859E9	0.0
3.0961883E9	0.0
3.0961908755E9	0.0
3.096192456E9	0.0
3.096238607E9	0.0
3.0962848625E9	0.0
3.096286263E9	0.0
3.0962877625E9	0.0
3.096289947E9	0.0
3.096292208E9	0.0
3.0962965075E9	0.0
3.096315547E9	0.0
3.0963533005E9	0.0
3.09637788E9	0.0
3.096382479E9	0.0
3.0963879875E9	0.0
3.0963943185E9	0.0
3.096398918E9	0.0
3.0964033365E9	0.0
3.0964070605E9	0.0
3.0964084065E9	0.0
3.0964096105E9	0.0
3.096411644E9	0.0
3.0964135175E9	0.0
3.0964147555E9	0.0
3.0964161835E9	0.0
3.0964174105E9	0.0
3.096418484E9	0.0
3.096419946E9	0.0
3.096422275E9	0.0
3.0964254675E9	0.0
3.0964313925E9	0.0
3.0964360765E9	0.0
3.096437123E9	0.0
3.0964382945E9	0.0
3.096440137E9	0.0
3.096442099E9	0.0
3.096443439E9	0.0
3.0964449505E9	0.0
3.0964464985E9	0.0
3.0964475915E9	0.0
3.0964489705E9	0.0
3.0964506065E9	0.0
3.0964522235E9	0.0
3.0964537525E9	0.0
3.0964552355E9	0.0
3.09645655E9	0.0
3.0964580005E9	0.0
3.0964594605E9	0.0
3.096462063E9	0.0
3.0964647385E9	0.0
3.0964666345E9	0.0
3.0964687875E9	0.0
3.096470338E9	0.0
3.0964722525E9	0.0
3.096474844E9	0.0
3.0964802425E9	0.0
3.0964880595E9	0.0
3.0965833285E9	0.0
3.0967643755E9	0.0
3.0969348755E9	0.0
3.0970713735E9	0.0
3.09716122E9	0.0
3.0972741855E9	0.0
3.0973604055E9	0.0
3.097450029E9	0.0
3.0976374775E9	0.0
3.0978270425E9	0.0
3.097932224E9	0.0
3.0979864125E9	0.0
3.098119023E9	0.0
3.098265051E9	0.0
3.098391091E9	59.65588898992961
3.0985448955E9	0.0
3.0986946915E9	0.0
3.098783935E9	0.0
3.0988292795E9	0.0
3.098880847E9	0.0
3.098919304E9	0.0
3.0989774605E9	0.0
3.099052881E9	0.0
3.0991573655E9	0.0
3.099319594E9	0.0
3.0995012675E9	0.0
3.099670145E9	0.0
3.0999279405E9	0.0
3.100233298E9	0.0
3.1004161975E9	0.0
3.100563604E9	0.0
3.100747466E9	0.0
3.1008938195E9	0.0
3.1011322435E9	0.0
3.1013406625E9	0.0
3.1018216205E9	0.0
3.10249025E9	0.0
3.1027859675E9	0.0
3.1029370045E9	0.0
3.103040568E9	0.0
3.103187824E9	0.0
3.1033599445E9	0.0
3.1034919475E9	0.0
3.103630163E9	0.0
3.103765693E9	0.0
3.1038899E9	0.0
3.104000147E9	0.0
3.104103262E9	15.891743119266055
3.104213238E9	0.0
3.1043622315E9	0.0
3.1045301035E9	0.0
3.104697468E9	0.0
3.104838637E9	0.0
3.1050052845E9	0.0
3.105133977E9	0.0
3.1052243125E9	0.0
3.105384834E9	0.0
3.1055957845E9	0.0
3.1057764275E9	0.0
3.1059356005E9	0.0
3.106119471E9	0.0
3.1062928875E9	0.0
3.1064952125E9	0.0
3.106793429E9	0.0
3.107037494E9	0.0
3.1073867035E9	0.0
3.107759424E9	0.0
3.1079211745E9	0.0
3.1080633985E9	0.0
3.1082263265E9	0.0
3.1084513465E9	0.0
3.1086364625E9	0.0
3.108789052E9	0.0
3.1089764285E9	0.0
3.1091156475E9	0.0
3.1092704375E9	0.0
3.1094661425E9	0.0
3.1103548855E9	0.0
3.11121197E9	0.0
3.1113489445E9	0.0
3.111522028E9	0.0
3.1116747035E9	0.0
3.112457455E9	4.311775502318393
3.114793642E9	0.0
3.1165009275E9	0.0
3.1166649055E9	0.0
3.1168033475E9	0.0
3.1173009555E9	0.0
3.117773698E9	0.0
3.117904112E9	0.0
3.1180957915E9	0.0
3.1183304505E9	0.0
3.1185453175E9	0.0
3.1187290865E9	0.0
3.1189129625E9	0.0
3.119051637E9	0.0
3.1196670135E9	0.0
3.120358526E9	0.0
3.1205574705E9	0.0
3.1207256815E9	0.0
3.1209034785E9	0.0
3.1210870935E9	0.0
3.1212284615E9	0.0
3.1214052355E9	0.0
3.1220442065E9	0.0
3.1226870745E9	0.0
3.1231494355E9	0.0
3.1235325875E9	0.0
3.123790701E9	0.0
3.124044676E9	0.0
3.1241297635E9	0.0
3.124227575E9	0.0
3.124459987E9	0.0
3.1246790295E9	0.0
3.1248266455E9	0.0
3.124943915E9	0.0
3.1250653335E9	0.0
3.1251809925E9	0.0
3.1254305495E9	0.0
3.1257397175E9	0.0
3.1259200925E9	0.0
3.1261657415E9	0.0
3.1264148E9	0.0
3.126614024E9	0.0
3.1268076365E9	0.0
3.12704463E9	0.0
3.127295107E9	0.0
3.12747434E9	0.0
3.1276520425E9	0.0
3.127848246E9	0.0
3.127977804E9	0.0
3.128104742E9	0.0
3.128281483E9	0.0
3.128569275E9	0.5983898657194124
3.1287934555E9	0.0
3.1288739025E9	0.0
3.129053374E9	0.0
3.129196997E9	0.0
3.129281586E9	0.0
3.129410949E9	0.0
3.1295567135E9	0.0
3.1296928995E9	0.0
3.129844808E9	0.0
3.129974998E9	0.0
3.1300410955E9	0.0
3.1301650045E9	0.0
3.1303509995E9	0.0
3.1304930685E9	0.0
3.1306295515E9	0.0
3.130867575E9	0.0
3.131039675E9	0.0
3.1312194015E9	0.0
3.13213604E9	0.0
3.132981947E9	0.0
3.133747995E9	0.0
3.134663191E9	0.0
3.1350342175E9	0.0
3.1353294355E9	0.0
3.13564139E9	0.0
3.135912112E9	0.0
3.136228957E9	0.0
3.1366387835E9	0.0
3.13692132E9	0.0
3.1370204075E9	0.0
3.137148797E9	0.0
3.1372652255E9	0.0
3.1386151055E9	0.0
3.1400411865E9	0.0
3.1401822535E9	0.0
3.140414935E9	0.0
3.140798459E9	0.0
3.1410924815E9	0.0
3.1426293625E9	0.0
3.144206965E9	0.0
3.144381203E9	0.0
3.144482951E9	0.0
3.1449091835E9	0.0
3.1458201795E9	0.0
3.146483516E9	0.0
3.146713427E9	0.0
3.146885722E9	0.0
3.146985213E9	0.0
3.147119783E9	0.0
3.147265112E9	0.0
3.147465896E9	0.0
3.147693206E9	0.0
3.1478747395E9	0.0
3.1480261545E9	0.0
3.1481624055E9	0.0
3.148326154E9	0.0
3.148489927E9	0.0
3.1486047935E9	0.0
3.148662145E9	0.0
3.148881458E9	0.0
3.1491593975E9	0.0
3.1493385205E9	0.0
3.1495104645E9	0.0
3.1496099745E9	0.0
3.1497484335E9	0.0
3.1503591725E9	0.0
3.1509172235E9	0.0
3.1510408035E9	0.0
3.151129521E9	0.0
3.151250568E9	0.0
3.151374243E9	0.0
3.151489573E9	0.0
3.1516448945E9	0.0
3.151817443E9	0.0
3.151955368E9	3.5929203539823007
3.152051039E9	0.0
3.1521507295E9	0.0
3.1523220325E9	0.0
3.1525451205E9	0.0
3.152790319E9	0.0
3.1530742195E9	0.0
3.153249269E9	0.0
3.1532999345E9	0.0
3.1533558455E9	0.0
3.153485713E9	0.0
3.153709553E9	0.0
3.1539240905E9	0.0
3.154120597E9	0.0
3.1543302E9	0.0
3.154493926E9	0.0
3.154657966E9	0.0
3.154845599E9	0.0
3.1550524745E9	0.0
3.1552349965E9	0.0
3.1553981115E9	0.0
3.15557571E9	0.0
3.1557532995E9	0.0
3.1559197455E9	0.0
3.1561079305E9	0.0
3.1562956185E9	0.0
3.1564576755E9	0.0
3.156728397E9	0.0
3.1574898795E9	0.0
3.158127567E9	0.0
3.159754588E9	0.0
3.1621522205E9	0.0
3.163083745E9	0.0
3.163247659E9	0.0
3.163475482E9	14.0
3.163688181E9	0.0
3.163848849E9	0.0
3.164242336E9	4.965993753273375
3.1646267025E9	0.0
3.167032335E9	5.981735159817352
3.169613042E9	0.0
3.169955169E9	0.0
3.170102579E9	0.0
3.1703440285E9	0.0
3.1705509635E9	0.0
3.1713065935E9	0.0
3.172105219E9	0.0
3.1722711045E9	0.0
3.1727147195E9	0.0
3.173116486E9	0.0
3.173290497E9	0.0
3.1735300985E9	0.0
3.173718028E9	0.0
3.1738956185E9	0.0
3.1740833425E9	0.0
3.174240364E9	0.0
3.17438727E9	0.0
3.174571623E9	0.0
3.1748117375E9	0.0
3.175046817E9	0.0
3.1752354605E9	0.0
3.1754134065E9	0.0
3.175774576E9	0.0
3.176707948E9	0.0
3.1790103535E9	0.0
3.1807719275E9	0.0
3.1809958745E9	0.0
3.1816373325E9	0.0
3.182257536E9	0.0
3.182438689E9	0.0
3.182632177E9	0.0
3.1828176375E9	0.0
3.1830105775E9	0.0
3.183203712E9	0.0
3.183377671E9	0.0
3.1835480905E9	0.0
3.1845084425E9	15.810236220472442
3.186847264E9	3.3986928104575163
3.188853383E9	0.0
3.189497979E9	0.0
3.1915036825E9	0.0
3.193917589E9	0.0
3.1949576625E9	0.0
3.1955729425E9	0.0
3.1979582215E9	0.0
3.200762757E9	0.0
3.201346902E9	0.0
3.2014320305E9	0.0
3.203896665E9	28.0
3.2068525245E9	4.0
3.2073844505E9	0.0
3.207821066E9	0.0
3.2087527055E9	0.0
3.209372017E9	0.0
