#Position (bp)	Coverage
4011823.0	6.990342668450561
1.2035468E7	3.393839832146113
2.0059113E7	1.4641885327678381
2.8082758E7	0.0020251394472213064
3.6106403E7	4.633804212424652E-4
4.4130048E7	2.318148422568546E-4
5.2153693E7	0.0015618836576144633
6.0177338E7	6.423514499956067E-4
6.8200983E7	1.2600258361380646E-4
7.6224628E7	8.811456638472913E-5
8.4248273E7	1.0064989166395073
9.2271918E7	1.3721943081978328E-4
1.00295563E8	9.372298998771756E-5
1.08319208E8	4.7148147755789296E-4
1.16342853E8	1.555402812562121E-4
1.24366498E8	2.2932220954441528E-5
1.32390143E8	0.0
1.40413788E8	1.3926719090886996
1.48437433E8	0.8258103393158596
1.56461078E8	5.168473929242881E-4
1.64484723E8	3.076217728974799
1.72508368E8	7.527750791566675E-5
1.80532013E8	8.911161946970486E-5
1.88555658E8	2.0103082825822927E-4
1.96579303E8	1.378425889978931E-4
2.04602948E8	4.567749445545011E-4
2.12626593E8	1.0419204737996259E-4
2.20650238E8	2.6883043803657816E-4
2.28673883E8	0.0014183080133779598
2.36697528E8	1.8208681964369062E-4
2.44721173E8	1.5354617508626066E-4
2.48844709E8	0.0
2.528565315E8	8.686936698435864E-4
2.60768463E8	0.0020643984124422256
2.68792108E8	5.148532867543368E-4
2.76815753E8	0.0010695886969077021
2.84839398E8	0.5247097796574998
2.92863043E8	9.509393797955917E-5
3.00886688E8	4.1938545386791166E-4
3.08910333E8	4.274865101833394E-5
3.16933978E8	1.6314281102915195E-4
3.24957623E8	0.0015369573304900702
3.32981268E8	5.448895109392303E-4
3.41004913E8	3.542751953756678
3.49028558E8	7.092786383246019E-4
3.57052203E8	8.397679608207991E-4
3.65075848E8	8.694302900988266E-4
3.73099493E8	0.6979723056042484
3.81123138E8	4.036818677795441E-4
3.89146783E8	1.7872176548189755E-4
3.97170428E8	6.617939851526333E-5
4.05194073E8	3.418645765110495E-4
4.13217718E8	1.3410363992923417E-4
4.21241363E8	3.0098540002704505E-4
4.29265008E8	5.433939313117666E-5
4.37288653E8	1.474392249407844E-4
4.45312298E8	1.303646908605752E-4
4.53335943E8	1.5005648928884566E-4
4.61359588E8	3.601854269474784E-5
4.69383233E8	9.374791631484194E-4
4.77406878E8	0.0016013918861066262
4.85430523E8	9.265115792136865E-4
4.902961485E8	0.002983709356842269
4.94307971E8	5.208960869304322E-5
5.01477813E8	8.635726032245944E-4
5.09501458E8	1.2238826618076945E-4
5.17525103E8	1.1715373748464694E-4
5.25548748E8	2.923858171691295E-4
5.33572393E8	1.6812807645403055E-4
5.41596038E8	1.0514242591739789
5.49619683E8	9.895751868384008E-5
5.57643328E8	1.7286407860766522E-4
5.65666973E8	1.52424490365663E-4
5.73690618E8	1.3597311446356363E-4
5.81714263E8	2.239630492126708E-4
5.89737908E8	1.8420555744926402E-4
5.97761553E8	3.8623343879246903E-4
6.05785198E8	1.9330366684966745E-4
6.13808843E8	1.8856766469603278E-4
6.21832488E8	2.105165545085806
6.29856133E8	8.163372133238697E-5
6.37879778E8	1.1677984257778105E-4
6.45903423E8	2.261050931341055
6.53927068E8	1.2263752945201338E-4
6.61950713E8	4.835707462132236E-5
6.69974358E8	8.487414385855806E-5
6.77998003E8	1.1166994551728048E-4
6.85727668E8	8.545278612528637E-4
6.897394905E8	1.1395333015851419E-4
6.94045293E8	4.064468953947988
7.02068938E8	6.094486981914081E-4
7.10092583E8	0.0010938918658539853
7.18116228E8	3.1905698719222994E-4
7.26139873E8	2.047697773268882E-4
7.34163518E8	1.3659627264167346E-4
7.42187163E8	5.418983516843031E-4
7.50210808E8	6.30636076247142E-5
7.58234453E8	7.851793044183784E-5
7.66258098E8	1.091773128048412E-4
7.74281743E8	2.3580305459675746E-4
7.82305388E8	4.823244298570039E-5
7.90329033E8	3.327664671106461E-5
7.98352678E8	2.2458620739078064E-4
8.06376323E8	8.973477764781468E-5
8.14399968E8	9.771120232762042E-5
8.22423613E8	3.679125883560402E-4
8.30447258E8	5.1971392054359335E-5
8.38470903E8	8.817688220254012E-4
8.46494548E8	8.665637624795215E-4
8.54518193E8	1.2101731818892785E-4
8.62541838E8	3.256624638801941E-4
8.70565483E8	2.716969656558833E-5
8.771186855E8	0.001270569533088322
8.81130508E8	0.0021058286876229435
8.86612773E8	0.8688841542715312
8.94636418E8	1.407091166171983E-4
9.02660063E8	3.6267805965991764E-5
9.10683708E8	1.1154531388165853E-4
9.18707353E8	2.3094242080750084E-4
9.26730998E8	7.527750791566675E-5
9.34754643E8	0.0016351670593601785
9.42778288E8	8.101056315427714E-5
9.50801933E8	5.6832025843615965E-5
9.58825578E8	1.0294573102374295E-4
9.66849223E8	2.3692473931735515E-4
9.74872868E8	1.289937428687336E-4
9.82896513E8	9.783583396324239E-5
9.90920158E8	1.2151584473141571E-4
9.98943803E8	9.658951760702275E-5
1.006967448E9	1.5915459868924908E-4
1.014991093E9	0.0013318136582563163
1.023014738E9	1.7498281641323862E-4
1.031038383E9	3.181845657428762E-4
1.039062028E9	1.6912512953900626E-4
1.047085673E9	2.2234283794958526E-4
1.055109318E9	7.704727714149866E-4
1.0601597325E9	1.7234871826472763E-4
1.064171555E9	5.917805565360641E-4
1.071156608E9	1.7074534080209182E-4
1.079180253E9	5.092448631513483E-4
1.087203898E9	5.9815941507880765
1.095227543E9	0.002860420669159715
1.103251188E9	7.897906749363911E-4
1.111274833E9	2.0003377517325356E-4
1.119298478E9	1.1852468547648855E-4
1.127322123E9	2.579874857374672E-5
1.135345768E9	5.2843813503713085E-5
1.143369413E9	4.150233466211429E-5
1.151393058E9	9.334909508085166E-5
1.159416703E9	5.733055238610382E-5
1.167440348E9	2.447765323615389E-4
1.175463993E9	1.5117817400944335E-4
1.183487638E9	2.663378053241388E-4
1.191511283E9	4.5864441908883056E-5
1.199534928E9	0.4525986630764447
1.207558573E9	11.816170206932137
1.215582218E9	1.5067964746695548E-4
1.223605863E9	7.077830586971383E-4
1.2298109945E9	0.0020102046724834485
1.233822817E9	0.004676346917413591
1.239653153E9	2.3062384988368754
1.247676798E9	3.682864832629061E-4
1.255700443E9	2.2408768084829277E-4
1.263724088E9	2.525036937701007E-4
1.271747733E9	5.870150037794544E-5
1.279771378E9	4.5901831399569647E-4
1.287795023E9	8.037494181260512E-4
1.295818668E9	8.5061091311991E-4
1.303842313E9	0.0027097410216927595
1.311865958E9	2.4485739336673045
1.319889603E9	0.024716821344912442
1.327913248E9	2.0514367223375412E-4
1.335936893E9	9.189090494407467E-4
1.343960538E9	1.1989563346833016E-4
1.351984183E9	22.282662306221177
1.360007828E9	0.0018054138736197825
1.368031473E9	6.968154747624053E-4
1.376055118E9	5.244962981288429
1.384078763E9	0.0011758994820932382
1.389720431E9	0.12611808910721906
1.3937322535E9	0.0027082545297456694
1.400126053E9	0.0019376480390146872
1.408149698E9	8.001351006930142E-5
1.416173343E9	8.069898406522222E-4
1.424196988E9	0.0010213562539220019
1.432220633E9	5.7579815657347754E-5
1.440244278E9	3.041011909175942E-5
1.448267923E9	3.5457700334448996E-4
1.456291568E9	0.0010760695419600444
1.464315213E9	1.0294573102374295E-4
1.472338858E9	5.364145597169367E-4
1.480362503E9	1.503057525600896E-4
1.488386148E9	5.908785844837353E-4
1.496409793E9	4.193884948798209
1.504433438E9	1.5965312523173695E-4
1.512457083E9	4.611370518012699E-4
1.520480728E9	6.831059948439892E-4
1.528504373E9	0.0013563660904738432
1.534502554E9	0.003831634621846963
1.5385143765E9	6.070214034907557E-4
1.544551663E9	0.0013212199692284492
1.552575308E9	7.029224249078816E-5
1.560598953E9	7.926572025556963E-5
1.568622598E9	1.0157478303190134E-4
1.576646243E9	0.019474066960838872
1.584669888E9	0.0
1.592693533E9	0.0
1.600717178E9	0.012035178525470655
1.608740823E9	8.001351006930142E-5
1.616764468E9	1.523599311784108
1.624788113E9	0.003856476701050458
1.632811758E9	3.36754679450549E-4
1.640835403E9	5.433939313117666E-5
1.648859048E9	9.147962054652219E-5
1.656882693E9	0.0015820739825852216
1.664906338E9	4.816086205209727
1.671900895E9	0.0026554492194997576
1.6759127175E9	0.01788233853664604
1.680953628E9	4.2972987962453473E-4
1.688977273E9	6.8061336213155E-4
1.697000918E9	1.399613268034665E-4
1.705024563E9	0.0015286070109033986
1.713048208E9	2.816674965056405E-5
1.721071853E9	0.0010121335128859764
1.729095498E9	4.474275718828537E-5
1.737119143E9	1.576590190617855E-4
1.745142788E9	8.094824733646615E-4
1.753166433E9	0.0015495451256878887
1.761190078E9	2.0913188457365699E-4
1.769213723E9	2.98178309234768
1.777237368E9	0.0010086438270885613
1.785261013E9	3.2940141294885306E-4
1.793284658E9	2.923858171691295E-4
1.801308303E9	0.0012142860258648033
1.8070005885E9	0.003178290744872098
1.811012411E9	0.0013215465053759406
1.817355593E9	3.5594795133633156E-4
1.825379238E9	3.090864563424728E-4
1.833402883E9	1.2500553052883072E-4
1.841426528E9	4.239968243859244E-4
1.849450173E9	1.31112480674307E-4
1.857473818E9	0.0011734068493807989
1.865497463E9	2.518805355919909E-4
1.873521108E9	8.376492230152256E-4
1.881544753E9	0.006767123919365825
1.889568398E9	3.6890964144101586E-5
1.897592043E9	0.002137307919281075
1.905615688E9	3.776338559345534E-5
1.913639333E9	5.471328803804256E-5
1.921662978E9	0.0012374675100904889
1.929686623E9	0.0012378414049973546
1.937710268E9	6.30636076247142E-4
1.942744882E9	2.2487476675353676E-5
1.9467567045E9	0.0014671978979140731
1.953757558E9	23.052649388152144
1.961781203E9	8.238151114611875E-5
1.969804848E9	6.426007132668506E-4
1.977828493E9	6.104457512763837E-4
1.985852138E9	0.0015069211063051767
1.993875783E9	8.188298460363089E-4
2.001899428E9	1.7946955529562936E-4
2.009923073E9	0.004968814048976494
2.017946718E9	3.57942057506283E-4
2.025970363E9	4.433147279073289E-4
2.033994008E9	6.493308215904367E-5
2.042017653E9	2.253339972045124E-4
2.050041298E9	4.001921819821291E-4
2.058064943E9	0.0028505747699455798
2.066088588E9	0.0017960665009481352
2.0735716965E9	0.0050400629622566395
2.077583519E9	0.0
2.082135878E9	0.0
2.090159523E9	0.0
2.098183168E9	7.041687412641013E-5
2.106206813E9	1.8158829310120276E-4
2.114230458E9	1.8931545450976458E-4
2.122254103E9	3.002376102133133E-4
2.130277748E9	1.5529101798496817E-4
2.138301393E9	3.178106708360103E-5
2.146325038E9	7.340803338133729E-5
2.154348683E9	5.2096023689981296E-5
2.162372328E9	3.373778376286588E-4
2.170395973E9	4.062991321276053E-5
2.178419618E9	4.187622956898018E-5
2.186443263E9	1.1727836912026891E-4
2.190931198E9	2.835464307280317E-4
2.1949430205E9	0.0
2.202490553E9	0.0
2.210514198E9	6.30636076247142E-5
2.218537843E9	2.1922704705903615E-4
2.226561488E9	5.256962390534477E-4
2.234585133E9	5.446402476679863E-5
2.242608778E9	1.0307036265936491E-4
2.250632423E9	7.870487789527079E-4
2.258656068E9	0.0012585302565106008
2.266679713E9	2.465213752602464E-4
2.274703358E9	6.692718832899512E-5
2.282727003E9	0.0788359903759451
2.290750648E9	0.0012914330083147996
2.2966067495E9	0.0075419716864964575
2.300618572E9	0.0
2.306797938E9	0.0
2.314821583E9	3.240422526171086E-5
2.322845228E9	1.304893224961972E-4
2.330868873E9	0.0017478340579624347
2.338892518E9	2.96273663652866
2.346916163E9	2.55120958118162E-4
2.354939808E9	0.0029253537513187584
2.362963453E9	0.0014503383437328048
2.370987098E9	5.089955998801044E-4
2.379010743E9	5.335480320976314E-4
2.387034388E9	2.881483415579827E-4
2.395058033E9	9.995457176881579E-5
2.3997560365E9	0.0010704172805717442
2.403767859E9	0.0049065721605891675
2.411105323E9	2.0364809260629054E-4
2.419128968E9	0.009898992290910178
2.427152613E9	11.26767086529875
2.435176258E9	0.004220774971973461
2.443199903E9	3.851117540718713E-5
2.451223548E9	1.5142743728068726E-4
2.459247193E9	3.7821897653747145
2.467270838E9	1.9689275883965454
2.475294483E9	1.7984345020249524E-4
2.483318128E9	0.0010482766872163462
2.4890552565E9	0.002226851352745542
2.493067079E9	0.0016544818285807253
2.499365418E9	0.0054107578288919815
2.507389063E9	0.0013097538587512284
2.515412708E9	2.3044389426501297E-4
2.523436353E9	0.0011259221962088303
2.531459998E9	0.009732858320626099
2.539483643E9	0.006392855117593064
2.547507288E9	2.1349399182042577E-4
2.555530933E9	1.31112480674307E-4
2.563554578E9	1.4257859115152777E-4
2.570802202E9	0.0027076753626574437
2.5748140245E9	3.524389159571713E-4
2.579601868E9	1.410830115240642E-4
2.587625513E9	7.975178363449529E-4
2.595649158E9	1.1777689566275676E-4
2.603672803E9	2.629727511623458E-5
2.611696448E9	1.2463163562196483E-4
2.619720093E9	2.2408768084829277E-4
2.627743738E9	6.0197080005409015E-5
2.635767383E9	3.1743677592914444E-4
2.643791028E9	8.36278275023384E-5
2.6511070695E9	0.004129568893587259
2.655118892E9	2.897102685331545E-5
2.659838318E9	0.015225125239214845
2.667861963E9	0.0017003494047904662
2.675885608E9	0.002797107798263757
2.683909253E9	0.004297049532974103
2.691932898E9	6.188807954489512
2.699956543E9	7.207447488018226E-4
2.707980188E9	8.240643747324315E-4
2.7125104575E9	7.426024260917702E-5
2.71652228E9	3.59967029023934E-4
2.724027478E9	3.087125614356069E-4
2.732051123E9	2.960001346021665E-4
2.740074768E9	0.061287856080372446
2.748098413E9	0.0016364133757163983
2.756122058E9	5.043842293620917E-4
2.764145703E9	2.679580165872244E-4
2.772169348E9	1.9021827361504653
2.776827121E9	0.013891931347680665
2.7808389435E9	7.977130443463091E-5
2.788216638E9	5.0600444062517724E-5
2.796240283E9	7.677308754313033E-5
2.804263928E9	5.795371056421365E-5
2.812287573E9	4.5615178637639127E-4
2.820241225E9	0.0013761376538482955
2.8242530475E9	0.0
2.828334863E9	0.0
2.836358508E9	0.0012552898339844298
2.844382153E9	0.0020604102001023227
2.852405798E9	8.248121645461632E-4
2.860429443E9	0.001123554195132013
2.868453088E9	0.008261706493744426
2.8737332165E9	0.007272692867494122
2.877745039E9	2.524132805470643E-4
2.884500378E9	2.3056852590063495E-4
2.892524023E9	3.747673283152482E-4
2.900547668E9	1.2600258361380646E-4
2.908571313E9	5.645813093675007E-5
2.916594958E9	8.813949271185352E-4
2.924618603E9	5.3342340046200947E-5
2.932642248E9	5.1971392054359335E-5
2.940665893E9	3.1369782686048545E-4
2.948689538E9	8.861309292721699E-5
2.956713183E9	1.2787205814813592E-4
2.964736828E9	2.6870580640095615E-4
2.972760473E9	1.2949226941122145E-4
2.980784118E9	2.597323286361747E-4
2.988807763E9	3.2965067622009697E-4
2.996831408E9	9.135498891090022E-5
3.004855053E9	1.8009271347373918E-4
3.012878698E9	0.001587557774552588
3.020902343E9	6.343750253158009E-5
3.0279782915E9	0.007594008862559829
3.031990114E9	0.0
3.036949633E9	5.3591603317444874E-5
3.044973278E9	5.976086928073214E-4
3.052996923E9	4.773391644321253E-5
3.061020568E9	3.86358070428091E-6
3.069044213E9	0.0
3.077067858E9	0.0
3.0846747565E9	0.0
3.088278117E9	0.0
3.088373929E9	0.0
3.0884774725E9	0.0
3.0885573295E9	6.422205165959179E-4
3.0886546005E9	0.0
3.0887081185E9	0.0
3.0887493115E9	0.0
3.088858438E9	35.94402503933698
3.088966832E9	0.0
3.089008063E9	0.0
3.0890661235E9	0.0
3.089146859E9	0.0
3.089267292E9	0.0
3.08942189E9	3.1532140260107983E-4
3.089604443E9	0.0
3.089755642E9	0.0
3.0898220175E9	0.0
3.0898610755E9	0.0
3.089968525E9	0.0
3.0900764725E9	0.0
3.0901461555E9	0.0
3.090297168E9	1.9830547967616716E-4
3.090503609E9	0.011038342969981957
3.0907062205E9	0.0
3.09089898E9	0.0
3.091013772E9	0.0
3.091052607E9	0.0
3.0911587895E9	1.7360106475319714E-4
3.091267064E9	0.0
3.0915130575E9	9.637522085988114E-4
3.092673561E9	0.0
3.093702736E9	0.0
3.093935951E9	1.3174808342146212E-4
3.094132646E9	0.0
3.0942642985E9	0.0
3.094360447E9	0.0
3.0944711045E9	0.0
3.0946435155E9	0.0
3.094747446E9	0.0
3.0948598115E9	0.0
3.0950026905E9	0.0
3.095104297E9	0.0
3.095190977E9	0.0
3.0952465895E9	0.0
3.0952663465E9	0.0
3.095268566E9	0.0
3.0952706195E9	0.0
3.0952723265E9	0.0
3.0952838005E9	0.0
3.0952967465E9	0.0
3.095299555E9	0.0
3.0953008775E9	0.0
3.0953027375E9	0.0
3.0953043745E9	0.0
3.095311073E9	0.0
3.0953361175E9	0.0
3.095355552E9	0.0
3.0953574645E9	0.0
3.095360032E9	0.0
3.095361791E9	0.0
3.095363378E9	0.0
3.095365611E9	0.0
3.0953678415E9	0.0
3.095369933E9	0.0
3.095371677E9	0.0
3.09537289E9	0.0
3.0953743225E9	0.0
3.095375945E9	0.0
3.095572656E9	0.0
3.095769303E9	0.0
3.0957708065E9	0.0
3.0957736535E9	0.0
3.095822105E9	0.0
3.095924849E9	0.0
3.095983129E9	0.0
3.095986364E9	0.0
3.0959887305E9	0.0
3.0959909825E9	0.0
3.095993051E9	0.0
3.0959946765E9	0.0
3.096006671E9	0.0
3.0960870785E9	0.0
3.0961589785E9	0.0
3.096165879E9	0.0
3.096173123E9	0.0
3.09617898E9	0.0
3.096183283E9	0.0
3.096185859E9	0.0
3.0961883E9	0.0
3.0961908755E9	0.0
3.096192456E9	0.0
3.096238607E9	0.0
3.0962848625E9	0.0
3.096286263E9	0.0
3.0962877625E9	0.0
3.096289947E9	0.0
3.096292208E9	0.0
3.0962965075E9	0.0
3.096315547E9	0.0
3.0963533005E9	7.420065656338535E-4
3.09637788E9	0.0
3.096382479E9	0.0
3.0963879875E9	0.0
3.0963943185E9	0.0
3.096398918E9	0.0
3.0964033365E9	0.0
3.0964070605E9	0.0
3.0964084065E9	0.0
3.0964096105E9	0.0
3.096411644E9	0.0
3.0964135175E9	0.0
3.0964147555E9	0.0
3.0964161835E9	0.0
3.0964174105E9	0.0
3.096418484E9	0.0
3.096419946E9	0.0
3.096422275E9	0.0
3.0964254675E9	0.0
3.0964313925E9	0.0
3.0964360765E9	0.0
3.096437123E9	0.0
3.0964382945E9	0.0
3.096440137E9	0.0
3.096442099E9	0.0
3.096443439E9	0.0
3.0964449505E9	0.0
3.0964464985E9	0.0
3.0964475915E9	0.0
3.0964489705E9	0.0
3.0964506065E9	0.0
3.0964522235E9	0.0
3.0964537525E9	0.0
3.0964552355E9	0.0
3.09645655E9	0.0
3.0964580005E9	0.0
3.0964594605E9	0.0
3.096462063E9	0.0
3.0964647385E9	0.0
3.0964666345E9	0.0
3.0964687875E9	0.0
3.096470338E9	0.0
3.0964722525E9	0.0
3.096474844E9	0.0
3.0964802425E9	0.0
3.0964880595E9	0.0
3.0965833285E9	0.0
3.0967643755E9	0.0
3.0969348755E9	0.0
3.0970713735E9	1.967408313398205
3.09716122E9	0.0
3.0972741855E9	0.0
3.0973604055E9	0.0
3.097450029E9	4.7491765049714133E-4
3.0976374775E9	0.0016329785719032745
3.0978270425E9	0.0
3.097932224E9	0.0
3.0979864125E9	0.0
3.098119023E9	0.0
3.098265051E9	0.0
3.098391091E9	6.637803211156533
3.0985448955E9	0.0
3.0986946915E9	0.0
3.098783935E9	0.0
3.0988292795E9	0.0
3.098880847E9	0.0
3.098919304E9	0.0
3.0989774605E9	0.0
3.099052881E9	0.0
3.0991573655E9	0.0
3.099319594E9	0.0
3.0995012675E9	0.0
3.099670145E9	0.0017933936095614563
3.0999279405E9	0.0
3.100233298E9	0.0
3.1004161975E9	0.0
3.100563604E9	0.0
3.100747466E9	0.0
3.1008938195E9	0.0
3.1011322435E9	0.0
3.1013406625E9	0.0
3.1018216205E9	0.0
3.10249025E9	0.0
3.1027859675E9	0.0
3.1029370045E9	0.0
3.103040568E9	0.0
3.103187824E9	0.0
3.1033599445E9	0.0
3.1034919475E9	0.0
3.103630163E9	0.0
3.103765693E9	0.0
3.1038899E9	0.0
3.104000147E9	0.0
3.104103262E9	0.00892532065618791
3.104213238E9	0.0
3.1043622315E9	0.0
3.1045301035E9	0.0
3.104697468E9	0.0
3.104838637E9	2.9307518294302434E-4
3.1050052845E9	0.0
3.105133977E9	0.0
3.1052243125E9	0.0
3.105384834E9	0.0
3.1055957845E9	0.0
3.1057764275E9	0.0
3.1059356005E9	0.0
3.106119471E9	0.0
3.1062928875E9	0.0
3.1064952125E9	0.0
3.106793429E9	0.0
3.107037494E9	0.0
3.1073867035E9	0.0
3.107759424E9	0.0
3.1079211745E9	0.0
3.1080633985E9	0.0
3.1082263265E9	0.0
3.1084513465E9	0.0
3.1086364625E9	0.0
3.108789052E9	0.010388565875236675
3.1089764285E9	0.0
3.1091156475E9	0.0
3.1092704375E9	0.0
3.1094661425E9	0.0
3.1103548855E9	0.0
3.11121197E9	0.0
3.1113489445E9	0.0
3.111522028E9	0.0
3.1116747035E9	0.0
3.112457455E9	0.04697927122489992
3.114793642E9	0.0
3.1165009275E9	0.0
3.1166649055E9	0.0
3.1168033475E9	0.0
3.1173009555E9	0.0
3.117773698E9	0.0
3.117904112E9	0.0
3.1180957915E9	0.0
3.1183304505E9	0.0
3.1185453175E9	0.0
3.1187290865E9	0.0
3.1189129625E9	0.0
3.119051637E9	0.0
3.1196670135E9	0.0
3.120358526E9	0.0
3.1205574705E9	0.0
3.1207256815E9	0.0
3.1209034785E9	0.0
3.1210870935E9	0.0
3.1212284615E9	0.0
3.1214052355E9	0.0
3.1220442065E9	0.0
3.1226870745E9	1.0991573127269094E-4
3.1231494355E9	0.0
3.1235325875E9	0.0
3.123790701E9	0.0
3.124044676E9	0.0
3.1241297635E9	0.0
3.124227575E9	0.0
3.124459987E9	0.0
3.1246790295E9	0.0
3.1248266455E9	0.0
3.124943915E9	0.0
3.1250653335E9	0.0
3.1251809925E9	0.0
3.1254305495E9	0.0
3.1257397175E9	0.0
3.1259200925E9	0.0
3.1261657415E9	0.0
3.1264148E9	0.0
3.126614024E9	1.5228450552745167E-4
3.1268076365E9	0.0
3.12704463E9	1.1115040670944273E-4
3.127295107E9	0.0
3.12747434E9	0.0
3.1276520425E9	0.0
3.127848246E9	0.003991452857493639
3.127977804E9	0.0
3.128104742E9	0.0
3.128281483E9	0.0
3.128569275E9	17.957822132848033
3.1287934555E9	0.0
3.1288739025E9	0.0
3.129053374E9	0.0
3.129196997E9	0.0
3.129281586E9	0.0
3.129410949E9	0.0
3.1295567135E9	0.0
3.1296928995E9	0.0
3.129844808E9	0.0
3.129974998E9	0.0
3.1300410955E9	0.0
3.1301650045E9	0.0
3.1303509995E9	0.0
3.1304930685E9	0.0
3.1306295515E9	0.0
3.130867575E9	0.0
3.131039675E9	0.0
3.1312194015E9	0.0
3.13213604E9	0.0
3.132981947E9	0.0
3.133747995E9	0.0
3.134663191E9	0.0
3.1350342175E9	0.0
3.1353294355E9	0.0
3.13564139E9	0.0
3.135912112E9	0.0
3.136228957E9	0.0
3.1366387835E9	0.0
3.13692132E9	0.0
3.1370204075E9	0.0
3.137148797E9	0.0
3.1372652255E9	0.0
3.1386151055E9	2.7935481445275784E-4
3.1400411865E9	0.0
3.1401822535E9	0.0
3.140414935E9	0.0
3.140798459E9	0.0
3.1410924815E9	0.0
3.1426293625E9	0.0
3.144206965E9	0.0
3.144381203E9	0.0
3.144482951E9	0.0
3.1449091835E9	0.0
3.1458201795E9	2.720649183170427E-5
3.146483516E9	0.0010223442487555525
3.146713427E9	0.0
3.146885722E9	0.0
3.146985213E9	0.0
3.147119783E9	0.0
3.147265112E9	0.0
3.147465896E9	0.0
3.147693206E9	0.0
3.1478747395E9	0.0
3.1480261545E9	0.0
3.1481624055E9	0.004304852634712712
3.148326154E9	0.0
3.148489927E9	0.0
3.1486047935E9	0.0
3.148662145E9	0.0
3.148881458E9	0.0
3.1491593975E9	0.0
3.1493385205E9	0.0
3.1495104645E9	0.0
3.1496099745E9	0.0
3.1497484335E9	0.0
3.1503591725E9	0.0
3.1509172235E9	0.0
3.1510408035E9	0.0
3.151129521E9	0.0
3.151250568E9	0.0
3.151374243E9	0.0
3.151489573E9	0.0
3.1516448945E9	0.0
3.151817443E9	0.0
3.151955368E9	0.0
3.152051039E9	0.0
3.1521507295E9	0.0
3.1523220325E9	0.0
3.1525451205E9	0.0
3.152790319E9	0.0
3.1530742195E9	0.0
3.153249269E9	0.0
3.1532999345E9	0.0
3.1533558455E9	0.0
3.153485713E9	0.0
3.153709553E9	0.0
3.1539240905E9	0.0
3.154120597E9	0.0
3.1543302E9	0.0
3.154493926E9	0.0
3.154657966E9	0.0
3.154845599E9	0.0
3.1550524745E9	0.0
3.1552349965E9	0.0
3.1553981115E9	0.0
3.15557571E9	0.0
3.1557532995E9	0.0
3.1559197455E9	0.0
3.1561079305E9	0.0
3.1562956185E9	0.0
3.1564576755E9	2.5783321874079166E-4
3.156728397E9	0.0
3.1574898795E9	0.0
3.158127567E9	0.0
3.159754588E9	8.645297838515442E-5
3.1621522205E9	1.0106567474793383E-4
3.163083745E9	0.0
3.163247659E9	0.0
3.163475482E9	0.0
3.163688181E9	0.0
3.163848849E9	0.0
3.164242336E9	14.051094699213243
3.1646267025E9	0.0
3.167032335E9	0.002563663071702174
3.169613042E9	2.0309844053332553E-4
3.169955169E9	0.0
3.170102579E9	0.0
3.1703440285E9	0.0
3.1705509635E9	0.0
3.1713065935E9	1.6652730837063217E-4
3.172105219E9	0.0
3.1722711045E9	0.0
3.1727147195E9	0.0
3.173116486E9	0.0
3.173290497E9	0.0
3.1735300985E9	0.0
3.173718028E9	0.0
3.1738956185E9	0.0
3.1740833425E9	0.0
3.174240364E9	0.0
3.17438727E9	0.0
3.174571623E9	0.0
3.1748117375E9	0.0
3.175046817E9	0.0
3.1752354605E9	0.0
3.1754134065E9	0.0028881950282214483
3.175774576E9	0.0
3.176707948E9	0.0
3.1790103535E9	9.715027873022157E-6
3.1807719275E9	0.0
3.1809958745E9	0.0
3.1816373325E9	0.0
3.182257536E9	0.0016467635417908837
3.182438689E9	0.0
3.182632177E9	0.0
3.1828176375E9	0.0
3.1830105775E9	0.0
3.183203712E9	0.0
3.183377671E9	0.0
3.1835480905E9	0.0
3.1845084425E9	0.09887061913926679
3.186847264E9	1.8148217519741324E-5
3.188853383E9	0.0
3.189497979E9	0.0
3.1915036825E9	0.0
3.193917589E9	0.0
3.1949576625E9	0.0
3.1955729425E9	0.0
3.1979582215E9	1.259121029318416E-4
3.200762757E9	0.0
3.201346902E9	0.0
3.2014320305E9	0.0
3.203896665E9	3.939391047307416E-5
3.2068525245E9	0.0
3.2073844505E9	0.0
3.207821066E9	0.0
3.2087527055E9	0.0
3.209372017E9	0.0
