#Mapping quality	mapping quality
0.0	80519.0
1.0	2252.0
2.0	2919.0
3.0	4466.0
4.0	1622.0
5.0	2684.0
6.0	2103.0
7.0	1211.0
8.0	1109.0
9.0	1103.0
10.0	1124.0
11.0	789.0
12.0	988.0
13.0	1272.0
14.0	915.0
15.0	571.0
16.0	1247.0
17.0	344.0
18.0	644.0
19.0	264.0
20.0	389.0
21.0	259.0
22.0	471.0
23.0	1039.0
24.0	494.0
25.0	1004.0
26.0	538.0
27.0	230.0
28.0	149.0
29.0	202.0
30.0	791.0
31.0	149.0
32.0	357.0
33.0	145.0
34.0	38.0
35.0	6.0
36.0	97.0
37.0	560.0
38.0	208.0
39.0	373.0
40.0	408.0
41.0	173.0
42.0	631.0
43.0	265.0
44.0	586.0
45.0	2713.0
46.0	277.0
47.0	7.0
48.0	197.0
49.0	199.0
50.0	446.0
51.0	512.0
52.0	234.0
53.0	172.0
54.0	365.0
55.0	776.0
56.0	1562.0
57.0	500.0
58.0	1503.0
59.0	94228.0
60.0	192369.0
