#Position (bp)	Coverage
4011823.0	3.2129827528511044
1.2035468E7	1.3165007923456236
2.0059113E7	0.7730394353189853
2.8082758E7	0.001399488636399043
3.6106403E7	5.910032161193572E-4
4.4130048E7	6.455918725217779E-4
5.2153693E7	6.063329073008589E-4
6.0177338E7	2.7381570346145674E-4
6.8200983E7	1.537954383575046E-4
7.6224628E7	7.677308754313033E-5
8.4248273E7	0.42578877804289694
9.2271918E7	4.9229496070676106E-5
1.00295563E8	1.445726973214792E-5
1.08319208E8	3.322679405681582E-4
1.16342853E8	9.372298998771756E-5
1.24366498E8	6.1069501454762765E-6
1.32390143E8	0.0
1.40413788E8	0.45582811801868106
1.48437433E8	0.3526277645633624
1.56461078E8	7.116466394014192E-5
1.64484723E8	1.3297407848926517
1.72508368E8	2.5287758867696664E-4
1.80532013E8	1.8944008614538655E-5
1.88555658E8	6.044634327665294E-5
1.96579303E8	8.57465653079118E-5
2.04602948E8	3.834915428087858E-4
2.12626593E8	1.0469057392245046E-5
2.20650238E8	1.265011101562943E-4
2.28673883E8	0.0010821764921055206
2.36697528E8	5.234528696122523E-6
2.44721173E8	2.72943282012103E-5
2.48844709E8	0.0
2.528565315E8	1.774309384686428E-4
2.60768463E8	2.785517056150914E-4
2.68792108E8	1.683773397252745E-4
2.76815753E8	4.1539724152800877E-4
2.84839398E8	0.3911212422782912
2.92863043E8	4.474275718828537E-5
3.00886688E8	3.64921429101113E-4
3.08910333E8	7.502824464442283E-5
3.16933978E8	7.128929557576388E-5
3.24957623E8	3.135731952248635E-4
3.32981268E8	1.4370027587212546E-4
3.41004913E8	1.3912265560103918
3.49028558E8	3.0534750727381386E-4
3.57052203E8	2.5325148358383256E-4
3.65075848E8	7.141392721138585E-5
3.73099493E8	0.31513433109266425
3.81123138E8	3.161904595729248E-4
3.89146783E8	1.272488999700261E-4
3.97170428E8	7.51528762800448E-5
4.05194073E8	1.6787881318278662E-4
4.13217718E8	2.861542353880313E-4
4.21241363E8	7.224895917005301E-4
4.29265008E8	2.579874857374672E-5
4.37288653E8	9.845899214135222E-6
4.45312298E8	4.436886228141948E-5
4.53335943E8	6.530697706590957E-5
4.61359588E8	3.502148960977212E-5
4.69383233E8	1.3198490212366074E-4
4.77406878E8	0.0017159283592432118
4.85430523E8	1.4257859115152777E-4
4.902961485E8	0.002295611516942433
4.94307971E8	3.2932032243626107E-5
5.01477813E8	6.782453610547326E-4
5.09501458E8	9.048256746154647E-5
5.17525103E8	2.4677063853149037E-5
5.25548748E8	8.437561731607019E-5
5.33572393E8	4.966570679535298E-4
5.41596038E8	0.5357690924760504
5.49619683E8	3.988212339902874E-5
5.57643328E8	1.7922029202438542E-4
5.65666973E8	6.331287089595814E-5
5.73690618E8	5.2096023689981296E-5
5.81714263E8	2.1187378055734022E-5
5.89737908E8	7.90164569843257E-5
5.97761553E8	1.3198490212366074E-4
6.05785198E8	2.1062746420112055E-5
6.13808843E8	8.985940928343665E-5
6.21832488E8	1.0807928316868456
6.29856133E8	3.252885689733282E-5
6.37879778E8	2.7157233402026135E-4
6.45903423E8	0.8903802448887008
6.53927068E8	0.0
6.61950713E8	6.356213416720206E-5
6.69974358E8	7.47789813731789E-6
6.77998003E8	5.571034112301828E-5
6.85727668E8	2.2929965430219275E-4
6.897394905E8	6.122865501054494E-5
6.94045293E8	1.7759333818981273
7.02068938E8	2.3655084441048923E-4
7.10092583E8	5.10491179507568E-4
7.18116228E8	2.9786960913649593E-5
7.26139873E8	2.417853731066118E-5
7.34163518E8	9.222741036025398E-5
7.42187163E8	1.7460892150637273E-4
7.50210808E8	9.671414924264471E-5
7.58234453E8	3.15318038123571E-5
7.66258098E8	4.212549284022411E-5
7.74281743E8	8.113519478989911E-5
7.82305388E8	2.6048011844990648E-5
7.90329033E8	3.178106708360103E-5
7.98352678E8	1.4581901367769886E-5
8.06376323E8	4.4992020459529306E-5
8.14399968E8	3.788801722907731E-5
8.22423613E8	1.3522532464983183E-4
8.30447258E8	1.326080603017706E-4
8.38470903E8	3.1307466868237563E-4
8.46494548E8	3.146948799454612E-4
8.54518193E8	1.190232120189764E-4
8.62541838E8	1.672556550046768E-4
8.70565483E8	2.1561272962599917E-5
8.771186855E8	1.3476929857006824E-4
8.81130508E8	0.001316270442400842
8.86612773E8	0.3484185803335018
8.94636418E8	2.16111256168487E-4
9.02660063E8	2.3929274039417248E-5
9.10683708E8	5.384086658868881E-5
9.18707353E8	3.851117540718713E-5
9.26730998E8	6.84227679564587E-5
9.34754643E8	0.0010551314271755542
9.42778288E8	2.6048011844990648E-5
9.50801933E8	1.8944008614538655E-5
9.58825578E8	5.857686874232347E-5
9.66849223E8	8.524803876542394E-5
9.74872868E8	7.490361300880086E-5
9.82896513E8	3.103327726986924E-5
9.90920158E8	0.0014198035930054233
9.98943803E8	2.3555379132551353E-5
1.006967448E9	1.8819376978916688E-5
1.014991093E9	5.642074144606348E-4
1.023014738E9	7.51528762800448E-5
1.031038383E9	3.073416134437653E-4
1.039062028E9	5.259455023246916E-5
1.047085673E9	8.350319586671644E-6
1.055109318E9	3.917172307598355E-4
1.0601597325E9	1.444263002218388E-5
1.064171555E9	1.580772160113385E-5
1.071156608E9	1.9504850974837496E-4
1.079180253E9	5.270671870452893E-4
1.087203898E9	2.5870062795649607
1.095227543E9	0.0017801136515885236
1.103251188E9	5.695665747923792E-4
1.111274833E9	1.4519585549958904E-4
1.119298478E9	4.848170625694432E-5
1.127322123E9	4.736002153634664E-6
1.135345768E9	7.614992936502051E-5
1.143369413E9	8.18829846036309E-5
1.151393058E9	3.165643544797907E-5
1.159416703E9	2.26829576831976E-5
1.167440348E9	4.0879176484004466E-5
1.175463993E9	5.982318509854312E-5
1.183487638E9	2.3555379132551353E-5
1.191511283E9	2.8540644557429946E-5
1.199534928E9	0.14303075472556426
1.207558573E9	4.692294337548583
1.215582218E9	4.549054700201716E-5
1.223605863E9	1.8595040034797154E-4
1.2298109945E9	7.645981482773289E-4
1.233822817E9	0.005227346401332737
1.239653153E9	0.9779009415296913
1.247676798E9	1.4581901367769886E-5
1.255700443E9	3.078401399862531E-5
1.263724088E9	1.432017493296376E-4
1.271747733E9	1.409583798884422E-4
1.279771378E9	3.297753078557189E-4
1.287795023E9	3.603100585831003E-4
1.295818668E9	7.391902308738734E-4
1.303842313E9	0.0017148066745226141
1.311865958E9	0.961678015415687
1.319889603E9	0.01627203097843935
1.327913248E9	5.4837919673664525E-5
1.335936893E9	9.003389357330739E-4
1.343960538E9	6.568087197277546E-5
1.351984183E9	8.680962330711292
1.360007828E9	6.923287358800147E-4
1.368031473E9	3.184338290141201E-4
1.376055118E9	2.244441522524987
1.384078763E9	1.399613268034665E-4
1.389720431E9	0.045088936343966345
1.3937322535E9	0.0012922039129680933
1.400126053E9	0.0011248005114882326
1.408149698E9	2.776792841657376E-4
1.416173343E9	6.26897127178483E-5
1.424196988E9	5.574773061370487E-4
1.432220633E9	3.0036224184893524E-5
1.440244278E9	2.654653838747851E-5
1.448267923E9	2.932582386184832E-4
1.456291568E9	9.063212542429282E-4
1.464315213E9	1.2151584473141571E-4
1.472338858E9	7.252314876842133E-4
1.480362503E9	1.201448967395741E-4
1.488386148E9	2.839108659468359E-4
1.496409793E9	1.6006713906210954
1.504433438E9	6.455918725217778E-5
1.512457083E9	8.1509089696765E-5
1.520480728E9	2.792994954288232E-4
1.528504373E9	1.0232257284563313E-4
1.534502554E9	0.0020962983268126073
1.5385143765E9	2.8141699877163948E-5
1.544551663E9	1.9380219339215532E-4
1.552575308E9	1.34726798107344E-4
1.560598953E9	2.6795801658722437E-5
1.568622598E9	1.2463163562196484E-5
1.576646243E9	0.010860400728098015
1.584669888E9	0.0
1.592693533E9	0.0
1.600717178E9	3.82619121359432E-4
1.608740823E9	8.238151114611875E-5
1.616764468E9	0.5605715357546353
1.624788113E9	0.002090820319194082
1.632811758E9	4.465551504335E-4
1.640835403E9	1.4507122386396706E-4
1.648859048E9	2.1486493981226736E-4
1.656882693E9	0.0014548250826151954
1.664906338E9	2.069543580255607
1.671900895E9	0.002088519779417176
1.6759127175E9	0.0069226344102739515
1.680953628E9	2.0152935480071714E-4
1.688977273E9	1.6576007537721324E-5
1.697000918E9	4.28732826539559E-5
1.705024563E9	5.431446680405227E-4
1.713048208E9	9.721267578513257E-5
1.721071853E9	0.0011760241137288602
1.729095498E9	1.2587795197818448E-5
1.737119143E9	1.8632429525483743E-4
1.745142788E9	8.570917581722521E-4
1.753166433E9	0.0013968713720509819
1.761190078E9	1.0531373210056028E-4
1.769213723E9	1.12862433470075
1.777237368E9	1.1815079056962266E-4
1.785261013E9	1.9342829848528943E-4
1.793284658E9	6.260247057291293E-4
1.801308303E9	2.4440263745467304E-4
1.8070005885E9	0.0015204143143883562
1.811012411E9	3.5322737655861313E-4
1.817355593E9	9.359835835209559E-5
1.825379238E9	1.8956471778100852E-4
1.833402883E9	1.495579627463578E-5
1.841426528E9	6.20167018854897E-4
1.849450173E9	2.1561272962599917E-5
1.857473818E9	0.0023696212880804173
1.865497463E9	4.860633789256628E-6
1.873521108E9	3.0410119091759416E-4
1.881544753E9	0.004243707192927902
1.889568398E9	1.2201437127390356E-4
1.897592043E9	8.18455951129443E-4
1.905615688E9	1.3086321740306307E-5
1.913639333E9	4.6487600086992884E-5
1.921662978E9	2.9076560590604394E-4
1.929686623E9	3.7688606612082165E-4
1.937710268E9	2.179807307028165E-4
1.942744882E9	0.0
1.9467567045E9	4.160211118586592E-4
1.953757558E9	9.378779220665919
1.961781203E9	1.8819376978916688E-5
1.969804848E9	3.164397228441687E-4
1.977828493E9	9.347372671647362E-5
1.985852138E9	1.3348048175112432E-4
1.993875783E9	6.632895647800968E-4
2.001899428E9	3.4149068160418364E-5
2.009923073E9	0.002409877306386312
2.017946718E9	3.199294086415837E-4
2.025970363E9	2.7693149435200585E-4
2.033994008E9	3.0160855820515488E-5
2.042017653E9	6.119413309038473E-5
2.050041298E9	3.7514122322211415E-5
2.058064943E9	0.0010369352083747475
2.066088588E9	0.0020963041111614483
2.0735716965E9	0.005597637302141051
2.077583519E9	0.0
2.082135878E9	0.0
2.090159523E9	0.0
2.098183168E9	1.9990914353763158E-4
2.106206813E9	1.101743658898169E-4
2.114230458E9	2.2807589318819564E-5
2.122254103E9	2.816674965056405E-5
2.130277748E9	4.25367772377766E-4
2.138301393E9	3.8261912135943204E-5
2.146325038E9	3.738949068658945E-6
2.154348683E9	3.975749176340678E-5
2.162372328E9	3.2017867191282763E-4
2.170395973E9	1.7199165715831147E-4
2.178419618E9	1.1229310369539032E-4
2.186443263E9	3.7651217121395574E-4
2.190931198E9	0.0
2.1949430205E9	0.0
2.202490553E9	0.0
2.210514198E9	6.817350468521476E-5
2.218537843E9	3.308969925763166E-4
2.226561488E9	5.234528696122523E-5
2.234585133E9	5.321770841057898E-5
2.242608778E9	4.013138667027268E-5
2.250632423E9	9.110572563965629E-5
2.258656068E9	5.392810873362418E-4
2.266679713E9	6.206655453973848E-5
2.274703358E9	4.411959901017555E-5
2.282727003E9	0.046296041263041925
2.290750648E9	9.114311513034288E-4
2.2966067495E9	0.005360360335936157
2.300618572E9	0.0
2.306797938E9	0.0
2.314821583E9	1.2587795197818448E-5
2.322845228E9	1.5915459868924908E-4
2.330868873E9	2.776792841657376E-4
2.338892518E9	1.3977363156021982
2.346916163E9	2.866527619305191E-5
2.354939808E9	0.0015182625851467755
2.362963453E9	7.039194779928573E-4
2.370987098E9	3.829930162662979E-4
2.379010743E9	5.675724686224279E-4
2.387034388E9	4.246199825640342E-4
2.395058033E9	9.023330419030253E-5
2.3997560365E9	4.007688933386381E-5
2.403767859E9	0.0016894484868558441
2.411105323E9	1.1042362916106084E-4
2.419128968E9	0.006303618866487737
2.427152613E9	4.79174016298079
2.435176258E9	0.0038219537379831736
2.443199903E9	4.362107246768769E-6
2.451223548E9	4.494216780528052E-4
2.459247193E9	1.6520536489338697
2.467270838E9	0.8498978955325167
2.475294483E9	9.297520017398577E-5
2.483318128E9	7.325847541859092E-4
2.4890552565E9	0.0018324285662949065
2.493067079E9	0.0014605186535937965
2.499365418E9	0.0035318112902552393
2.507389063E9	2.810443383275307E-4
2.515412708E9	3.522090022676726E-4
2.523436353E9	6.941982104143441E-4
2.531459998E9	0.00619406765877603
2.539483643E9	0.003777460244066132
2.547507288E9	9.584172779329096E-5
2.555530933E9	1.7946955529562935E-5
2.563554578E9	2.012800915294732E-4
2.570802202E9	0.0023192090120484833
2.5748140245E9	4.510187224314806E-5
2.579601868E9	4.3745704103309655E-4
2.587625513E9	8.250614278174072E-5
2.595649158E9	7.415582319506907E-5
2.603672803E9	2.0439588242002233E-5
2.611696448E9	2.776792841657376E-4
2.619720093E9	2.3879421385168462E-4
2.627743738E9	9.372298998771756E-5
2.635767383E9	2.0015840680887552E-4
2.643791028E9	9.07318307327904E-5
2.6511070695E9	0.0030760672945709714
2.655118892E9	1.6746666742038443E-4
2.659838318E9	0.005491020602232526
2.667861963E9	5.160996031105564E-4
2.675885608E9	0.002045454403827687
2.683909253E9	0.0022351437532443174
2.691932898E9	3.346168356152347
2.699956543E9	4.5689957619012304E-4
2.707980188E9	9.969284533400966E-4
2.7125104575E9	9.682764101248537E-4
2.71652228E9	1.4799439682335896E-4
2.724027478E9	8.57465653079118E-5
2.732051123E9	5.427707731336568E-4
2.740074768E9	0.02527679128376193
2.748098413E9	2.8889613137171447E-4
2.756122058E9	3.601854269474784E-5
2.764145703E9	1.3634700937042952E-4
2.772169348E9	0.7429309247854311
2.776827121E9	0.009109831171273959
2.7808389435E9	4.37182400281413E-4
2.788216638E9	6.393602907406796E-5
2.796240283E9	2.891453946429584E-5
2.804263928E9	2.505095876001493E-5
2.812287573E9	3.3152015075442644E-4
2.820241225E9	6.35238028433244E-4
2.8242530475E9	0.0
2.828334863E9	0.0
2.836358508E9	5.841484761601491E-4
2.844382153E9	0.0013377959767661705
2.852405798E9	0.0016092436791508098
2.860429443E9	1.995352486307657E-4
2.868453088E9	0.0021981281574645936
2.8737332165E9	0.002557742374474299
2.877745039E9	1.2010133709784505E-4
2.884500378E9	1.6065017831671266E-4
2.892524023E9	1.255040570713186E-4
2.900547668E9	5.546107785177435E-5
2.908571313E9	5.2719181868091125E-5
2.916594958E9	4.0916565974691055E-4
2.924618603E9	1.1777689566275676E-4
2.932642248E9	6.568087197277546E-5
2.940665893E9	1.1528426295031747E-4
2.948689538E9	2.0464514569126625E-4
2.956713183E9	5.3591603317444874E-5
2.964736828E9	2.3929274039417248E-4
2.972760473E9	8.936088274094878E-5
2.980784118E9	3.1407172176735135E-5
2.988807763E9	9.202799974325883E-4
2.996831408E9	2.8042118014942088E-5
3.004855053E9	2.5923380209368684E-5
3.012878698E9	0.0024715699660191846
3.020902343E9	7.278487520322746E-5
3.0279782915E9	0.007575896030385173
3.031990114E9	0.0
3.036949633E9	2.5175590395636895E-5
3.044973278E9	3.985719707190435E-4
3.052996923E9	3.851117540718713E-5
3.061020568E9	0.0
3.069044213E9	0.0
3.077067858E9	0.0
3.0846747565E9	7.371193265455306E-6
3.088278117E9	0.0
3.088373929E9	0.0
3.0884774725E9	0.0
3.0885573295E9	2.5062264062279726E-4
3.0886546005E9	0.0
3.0887081185E9	0.0
3.0887493115E9	0.0
3.088858438E9	15.58751555017808
3.088966832E9	0.0
3.089008063E9	0.0
3.0890661235E9	0.0
3.089146859E9	0.0
3.089267292E9	0.0
3.08942189E9	0.0
3.089604443E9	0.0
3.089755642E9	0.0
3.0898220175E9	0.0
3.0898610755E9	0.0
3.089968525E9	0.0
3.0900764725E9	0.0
3.0901461555E9	0.014833127317676144
3.090297168E9	1.7351729471664626E-4
3.090503609E9	0.006591751786449973
3.0907062205E9	0.0
3.09089898E9	0.0
3.091013772E9	0.0
3.091052607E9	0.0
3.0911587895E9	0.0
3.091267064E9	0.0
3.0915130575E9	0.0051467045028644855
3.092673561E9	0.0
3.093702736E9	0.0
3.093935951E9	0.0
3.094132646E9	0.0
3.0942642985E9	0.0
3.094360447E9	0.0011072864261127025
3.0944711045E9	0.0
3.0946435155E9	0.0
3.094747446E9	0.0
3.0948598115E9	0.0
3.0950026905E9	0.0
3.095104297E9	0.0
3.095190977E9	0.0
3.0952465895E9	0.0
3.0952663465E9	0.0
3.095268566E9	0.0
3.0952706195E9	0.0
3.0952723265E9	0.0
3.0952838005E9	0.0
3.0952967465E9	0.0
3.095299555E9	0.0
3.0953008775E9	0.0
3.0953027375E9	0.0
3.0953043745E9	0.0
3.095311073E9	0.0
3.0953361175E9	0.0
3.095355552E9	0.0
3.0953574645E9	0.0
3.095360032E9	0.0
3.095361791E9	0.0
3.095363378E9	0.0
3.095365611E9	0.0
3.0953678415E9	0.0
3.095369933E9	0.0
3.095371677E9	0.0
3.09537289E9	0.0
3.0953743225E9	0.0
3.095375945E9	0.0
3.095572656E9	0.0
3.095769303E9	0.0
3.0957708065E9	0.0
3.0957736535E9	0.0
3.095822105E9	0.0
3.095924849E9	0.0
3.095983129E9	0.0
3.095986364E9	0.0
3.0959887305E9	0.0
3.0959909825E9	0.0
3.095993051E9	0.0
3.0959946765E9	0.0
3.096006671E9	0.0
3.0960870785E9	0.0
3.0961589785E9	0.0
3.096165879E9	0.0
3.096173123E9	0.0
3.09617898E9	0.0
3.096183283E9	0.0
3.096185859E9	0.0
3.0961883E9	0.0
3.0961908755E9	0.0
3.096192456E9	0.0
3.096238607E9	0.0
3.0962848625E9	0.0
3.096286263E9	0.0
3.0962877625E9	0.0
3.096289947E9	0.0
3.096292208E9	0.0
3.0962965075E9	0.0
3.096315547E9	0.0
3.0963533005E9	0.0
3.09637788E9	0.0
3.096382479E9	0.0
3.0963879875E9	0.0
3.0963943185E9	0.0
3.096398918E9	0.0
3.0964033365E9	0.0
3.0964070605E9	0.0
3.0964084065E9	0.0
3.0964096105E9	0.0
3.096411644E9	0.0
3.0964135175E9	0.0
3.0964147555E9	0.0
3.0964161835E9	0.0
3.0964174105E9	0.0
3.096418484E9	0.0
3.096419946E9	0.0
3.096422275E9	0.0
3.0964254675E9	0.0
3.0964313925E9	0.0
3.0964360765E9	0.0
3.096437123E9	0.0
3.0964382945E9	0.0
3.096440137E9	0.0
3.096442099E9	0.0
3.096443439E9	0.0
3.0964449505E9	0.0
3.0964464985E9	0.0
3.0964475915E9	0.0
3.0964489705E9	0.0
3.0964506065E9	0.0
3.0964522235E9	0.0
3.0964537525E9	0.0
3.0964552355E9	0.0
3.09645655E9	0.0
3.0964580005E9	0.0
3.0964594605E9	0.0
3.096462063E9	0.0
3.0964647385E9	0.0
3.0964666345E9	0.0
3.0964687875E9	0.0
3.096470338E9	0.0
3.0964722525E9	0.0
3.096474844E9	0.0
3.0964802425E9	0.0
3.0964880595E9	0.0
3.0965833285E9	0.0
3.0967643755E9	0.0
3.0969348755E9	0.0
3.0970713735E9	1.9173876288288936
3.09716122E9	0.0
3.0972741855E9	0.0
3.0973604055E9	0.0
3.097450029E9	2.5572488872922995E-4
3.0976374775E9	0.0
3.0978270425E9	0.0025167386865473196
3.097932224E9	0.0
3.0979864125E9	0.0
3.098119023E9	0.0
3.098265051E9	0.0
3.098391091E9	2.9500941678896946
3.0985448955E9	0.0
3.0986946915E9	0.0
3.098783935E9	0.0
3.0988292795E9	0.0
3.098880847E9	0.0
3.098919304E9	0.0
3.0989774605E9	0.0
3.099052881E9	0.0
3.0991573655E9	0.0
3.099319594E9	0.0
3.0995012675E9	0.0
3.099670145E9	0.0
3.0999279405E9	0.0
3.100233298E9	0.0
3.1004161975E9	0.0
3.100563604E9	0.0
3.100747466E9	0.0
3.1008938195E9	0.0
3.1011322435E9	0.0
3.1013406625E9	0.0
3.1018216205E9	0.0
3.10249025E9	0.0
3.1027859675E9	0.0
3.1029370045E9	0.0
3.103040568E9	0.0
3.103187824E9	0.0
3.1033599445E9	0.0
3.1034919475E9	0.0
3.103630163E9	0.0
3.103765693E9	0.0
3.1038899E9	0.0
3.104000147E9	0.0
3.104103262E9	0.002548605548678366
3.104213238E9	0.0
3.1043622315E9	0.0
3.1045301035E9	0.0
3.104697468E9	0.0
3.104838637E9	0.0
3.1050052845E9	0.0
3.105133977E9	0.0
3.1052243125E9	0.0
3.105384834E9	0.0
3.1055957845E9	0.0
3.1057764275E9	0.0
3.1059356005E9	0.0
3.106119471E9	0.0
3.1062928875E9	0.0
3.1064952125E9	0.0
3.106793429E9	0.0
3.107037494E9	0.0
3.1073867035E9	0.0
3.107759424E9	0.0
3.1079211745E9	0.0
3.1080633985E9	0.0
3.1082263265E9	0.0
3.1084513465E9	0.0
3.1086364625E9	0.0
3.108789052E9	0.0
3.1089764285E9	0.0
3.1091156475E9	0.0
3.1092704375E9	0.0
3.1094661425E9	0.0
3.1103548855E9	0.0
3.11121197E9	0.0
3.1113489445E9	0.0
3.111522028E9	0.0
3.1116747035E9	0.0
3.112457455E9	0.013636893132097897
3.114793642E9	0.0
3.1165009275E9	0.0
3.1166649055E9	0.0
3.1168033475E9	0.0
3.1173009555E9	0.0
3.117773698E9	0.0
3.117904112E9	0.0
3.1180957915E9	0.0
3.1183304505E9	0.0
3.1185453175E9	0.0
3.1187290865E9	0.0
3.1189129625E9	0.0
3.119051637E9	0.0
3.1196670135E9	0.0
3.120358526E9	0.0
3.1205574705E9	0.0
3.1207256815E9	0.0
3.1209034785E9	0.0
3.1210870935E9	0.0
3.1212284615E9	0.0
3.1214052355E9	0.0
3.1220442065E9	0.0
3.1226870745E9	1.199080704792992E-4
3.1231494355E9	0.0
3.1235325875E9	0.0
3.123790701E9	0.0
3.124044676E9	0.0
3.1241297635E9	0.0
3.124227575E9	0.0
3.124459987E9	0.0
3.1246790295E9	0.0
3.1248266455E9	0.0
3.124943915E9	0.0
3.1250653335E9	0.0
3.1251809925E9	0.0
3.1254305495E9	0.0
3.1257397175E9	0.0
3.1259200925E9	0.0
3.1261657415E9	0.0
3.1264148E9	0.0
3.126614024E9	0.0
3.1268076365E9	0.0
3.12704463E9	0.0
3.127295107E9	0.0
3.12747434E9	0.0
3.1276520425E9	0.0
3.127848246E9	0.0
3.127977804E9	0.0
3.128104742E9	0.0
3.128281483E9	0.0
3.128569275E9	5.571392530941458
3.1287934555E9	0.0
3.1288739025E9	0.0
3.129053374E9	0.0
3.129196997E9	0.0
3.129281586E9	0.0
3.129410949E9	0.0
3.1295567135E9	0.0
3.1296928995E9	0.0
3.129844808E9	0.0
3.129974998E9	0.0
3.1300410955E9	0.0
3.1301650045E9	0.0
3.1303509995E9	0.0
3.1304930685E9	0.0
3.1306295515E9	0.0
3.130867575E9	0.0
3.131039675E9	0.0
3.1312194015E9	0.0
3.13213604E9	0.0
3.132981947E9	0.0
3.133747995E9	0.0
3.134663191E9	0.0
3.1350342175E9	0.0
3.1353294355E9	0.0
3.13564139E9	0.0
3.135912112E9	0.0
3.136228957E9	0.0
3.1366387835E9	0.0
3.13692132E9	0.0
3.1370204075E9	0.0
3.137148797E9	0.0
3.1372652255E9	0.0
3.1386151055E9	5.083280069180735E-4
3.1400411865E9	0.0
3.1401822535E9	0.0
3.140414935E9	0.0
3.140798459E9	0.0
3.1410924815E9	0.0
3.1426293625E9	0.0
3.144206965E9	0.0
3.144381203E9	0.0
3.144482951E9	0.0
3.1449091835E9	0.0
3.1458201795E9	0.0
3.146483516E9	0.0
3.146713427E9	0.0
3.146885722E9	0.0
3.146985213E9	0.0
3.147119783E9	0.0
3.147265112E9	0.0
3.147465896E9	0.0
3.147693206E9	0.0
3.1478747395E9	0.0
3.1480261545E9	0.0
3.1481624055E9	0.008609705269425423
3.148326154E9	0.0
3.148489927E9	0.0
3.1486047935E9	0.0
3.148662145E9	0.0
3.148881458E9	0.0
3.1491593975E9	0.0
3.1493385205E9	0.0
3.1495104645E9	0.0
3.1496099745E9	0.0
3.1497484335E9	0.0
3.1503591725E9	3.644772383964621E-5
3.1509172235E9	0.0
3.1510408035E9	0.0
3.151129521E9	0.0
3.151250568E9	0.0
3.151374243E9	0.0
3.151489573E9	0.0
3.1516448945E9	0.0
3.151817443E9	0.0
3.151955368E9	7.635326108796699E-4
3.152051039E9	0.0
3.1521507295E9	0.0
3.1523220325E9	0.0
3.1525451205E9	0.0
3.152790319E9	0.0
3.1530742195E9	0.0
3.153249269E9	0.0
3.1532999345E9	0.0
3.1533558455E9	0.0
3.153485713E9	0.0
3.153709553E9	0.0
3.1539240905E9	0.0
3.154120597E9	0.0
3.1543302E9	0.0
3.154493926E9	0.0
3.154657966E9	0.0
3.154845599E9	0.0
3.1550524745E9	0.0
3.1552349965E9	0.0
3.1553981115E9	0.0
3.15557571E9	0.0
3.1557532995E9	0.0
3.1559197455E9	0.0
3.1561079305E9	0.0
3.1562956185E9	0.0
3.1564576755E9	0.0
3.156728397E9	0.0
3.1574898795E9	0.0
3.158127567E9	0.0
3.159754588E9	4.03447232464054E-5
3.1621522205E9	2.332284801875396E-5
3.163083745E9	0.0
3.163247659E9	0.0
3.163475482E9	0.0
3.163688181E9	0.0
3.163848849E9	0.0
3.164242336E9	11.789813557811755
3.1646267025E9	0.0
3.167032335E9	3.7964142520684717E-4
3.169613042E9	0.0
3.169955169E9	0.0
3.170102579E9	0.0
3.1703440285E9	0.0
3.1705509635E9	0.0
3.1713065935E9	2.670058108896212E-5
3.172105219E9	0.0
3.1722711045E9	0.0
3.1727147195E9	0.0
3.173116486E9	0.0
3.173290497E9	0.0
3.1735300985E9	0.0
3.173718028E9	0.0
3.1738956185E9	0.0
3.1740833425E9	0.0
3.174240364E9	0.0
3.17438727E9	0.0
3.174571623E9	0.0
3.1748117375E9	0.0
3.175046817E9	0.0
3.1752354605E9	0.0
3.1754134065E9	0.0
3.175774576E9	0.0
3.176707948E9	0.0
3.1790103535E9	0.0
3.1807719275E9	0.0
3.1809958745E9	0.0
3.1816373325E9	0.0
3.182257536E9	0.0
3.182438689E9	0.0
3.182632177E9	0.0
3.1828176375E9	0.0
3.1830105775E9	0.0
3.183203712E9	0.0
3.183377671E9	0.0
3.1835480905E9	0.0
3.1845084425E9	0.019259682480426758
3.186847264E9	3.424191984856854E-5
3.188853383E9	0.0
3.189497979E9	0.0
3.1915036825E9	0.0
3.193917589E9	0.0
3.1949576625E9	0.0
3.1955729425E9	0.0
3.1979582215E9	5.3404098829712134E-5
3.200762757E9	0.0
3.201346902E9	0.0
3.2014320305E9	0.0
3.203896665E9	5.482657643159806E-5
3.2068525245E9	1.0738526998277784E-4
3.2073844505E9	0.0
3.207821066E9	0.0
3.2087527055E9	0.0
3.209372017E9	0.0
