#Position (bp)	mapping quality
4011823.0	59.98016411689177
1.2035468E7	59.984407018219684
2.0059113E7	59.98160344649005
2.8082758E7	51.286261165461504
3.6106403E7	46.53534246575342
4.4130048E7	29.60158013544018
5.2153693E7	43.55744680851064
6.0177338E7	11.29559748427673
6.8200983E7	0.0
7.6224628E7	3.457975986277873
8.4248273E7	59.97027050872218
9.2271918E7	52.342546443135475
1.00295563E8	0.0
1.08319208E8	41.09623430962343
1.16342853E8	49.798816568047336
1.24366498E8	0.0
1.32390143E8	0.0
1.40413788E8	2.33423473743382
1.48437433E8	0.0
1.56461078E8	53.453644727530076
1.64484723E8	59.97876590685266
1.72508368E8	0.0
1.80532013E8	46.37540453074433
1.88555658E8	2.278095238095238
1.96579303E8	1.4682539682539681
2.04602948E8	46.44650328750747
2.12626593E8	1.5824175824175823
2.20650238E8	38.04954367666232
2.28673883E8	29.967581047381547
2.36697528E8	55.33206831119545
2.44721173E8	0.9326241134751773
2.48844709E8	0.0
2.528565315E8	49.329718004338396
2.60768463E8	36.48
2.68792108E8	2.8135593220338984
2.76815753E8	52.55682407887909
2.84839398E8	2.1318467095733795
2.92863043E8	1.378440366972477
3.00886688E8	54.78093492208983
3.08910333E8	3.4050632911392404
3.16933978E8	48.82179675994109
3.24957623E8	45.53945249597424
3.32981268E8	3.3377777777777777
3.41004913E8	38.791398133576614
3.49028558E8	26.987270155586987
3.57052203E8	15.436893203883495
3.65075848E8	28.607255520504733
3.73099493E8	59.980160822895094
3.81123138E8	41.18074656188605
3.89146783E8	27.912488605287148
3.97170428E8	4.47457627118644
4.05194073E8	19.98148148148148
4.13217718E8	0.6848030018761726
4.21241363E8	38.53733170134639
4.29265008E8	32.470588235294116
4.37288653E8	0.6346153846153846
4.45312298E8	6.285276073619632
4.53335943E8	32.415669205658325
4.61359588E8	41.645833333333336
4.69383233E8	31.42542878448919
4.77406878E8	56.98680566867568
4.85430523E8	51.79804560260586
4.902961485E8	55.90163934426229
4.94307971E8	0.0
5.01477813E8	28.71951219512195
5.09501458E8	36.91216216216216
5.17525103E8	3.6277533039647576
5.25548748E8	1.6776315789473684
5.33572393E8	31.556318681318682
5.41596038E8	59.98173325862668
5.49619683E8	1.2131147540983607
5.57643328E8	0.0
5.65666973E8	18.883697813121273
5.73690618E8	6.8493150684931505
5.81714263E8	3.7866666666666666
5.89737908E8	5.5793103448275865
5.97761553E8	0.0
6.05785198E8	42.17191977077364
6.13808843E8	53.91761855313257
6.21832488E8	59.982681026278634
6.29856133E8	1.2127659574468086
6.37879778E8	39.140625
6.45903423E8	59.983574068828325
6.53927068E8	2.8834355828220857
6.61950713E8	2.2595419847328246
6.69974358E8	4.07514450867052
6.77998003E8	34.628668171557564
6.85727668E8	49.07666385846672
6.897394905E8	0.0
6.94045293E8	59.85149411529852
7.02068938E8	42.17496229260935
7.10092583E8	6.494298073141958
7.18116228E8	5.865384615384615
7.26139873E8	45.88452380952381
7.34163518E8	16.164233576642335
7.42187163E8	1.7131242740998838
7.50210808E8	7.826086956521739
7.58234453E8	42.52325581395349
7.66258098E8	32.49793672627235
7.74281743E8	0.8250444049733571
7.82305388E8	9.125
7.90329033E8	36.5625
7.98352678E8	57.029990627928775
8.06376323E8	2.456422018348624
8.14399968E8	28.047717842323653
8.22423613E8	6.10007199424046
8.30447258E8	0.0
8.38470903E8	55.11094452773613
8.46494548E8	58.47165160230074
8.54518193E8	2.786466165413534
8.62541838E8	55.540284360189574
8.70565483E8	0.0
8.771186855E8	0.0
8.81130508E8	44.675592173017506
8.86612773E8	59.982503050487146
8.94636418E8	55.292103810049696
9.02660063E8	0.0
9.10683708E8	12.424242424242424
9.18707353E8	30.967741935483872
9.26730998E8	0.52
9.34754643E8	58.798731257208765
9.42778288E8	40.8003355704698
9.50801933E8	3.0225694444444446
9.58825578E8	3.2957317073170733
9.66849223E8	36.43109243697479
9.74872868E8	1.4826388888888888
9.82896513E8	0.6735751295336787
9.90920158E8	0.0
9.98943803E8	42.52005629838142
1.006967448E9	5.472972972972973
1.014991093E9	45.67828418230563
1.023014738E9	0.4172661870503597
1.031038383E9	29.142857142857142
1.039062028E9	0.0
1.047085673E9	48.22204081632653
1.055109318E9	39.31930693069307
1.0601597325E9	58.03009575923392
1.064171555E9	41.656686626746506
1.071156608E9	4.95045045045045
1.079180253E9	4.244658119658119
1.087203898E9	59.983183028805534
1.095227543E9	50.40721975934135
1.103251188E9	50.090464547677264
1.111274833E9	2.5414012738853504
1.119298478E9	0.8545454545454545
1.127322123E9	56.579804560260584
1.135345768E9	2.8435374149659864
1.143369413E9	0.0
1.151393058E9	42.84389140271493
1.159416703E9	1.0114942528735633
1.167440348E9	7.89544235924933
1.175463993E9	29.801683816651074
1.183487638E9	0.0
1.191511283E9	0.10545454545454545
1.199534928E9	59.97056279291277
1.207558573E9	59.97807659152958
1.215582218E9	25.24137931034483
1.223605863E9	34.232571428571426
1.2298109945E9	54.18620280687883
1.233822817E9	51.96161353285621
1.239653153E9	59.85375607202178
1.247676798E9	34.853067047075605
1.255700443E9	7.444168734491315
1.263724088E9	15.226703755215578
1.271747733E9	1.2605042016806722
1.279771378E9	52.93792854565139
1.287795023E9	52.8235294117647
1.295818668E9	42.71781818181818
1.303842313E9	0.26739014410247286
1.311865958E9	59.981578644171506
1.319889603E9	59.36944700323894
1.327913248E9	1.0096930533117932
1.335936893E9	26.928223586703368
1.343960538E9	3.1953488372093024
1.351984183E9	59.955262102308815
1.360007828E9	32.36865671641791
1.368031473E9	43.84016973125884
1.376055118E9	59.985230791174196
1.384078763E9	39.42672969488612
1.389720431E9	59.47287011466995
1.3937322535E9	56.3860195903829
1.400126053E9	48.92249047013977
1.408149698E9	42.469208211143695
1.416173343E9	49.28428093645485
1.424196988E9	3.6753445635528332
1.432220633E9	54.952462526766595
1.440244278E9	0.6583629893238434
1.448267923E9	2.4184397163120566
1.456291568E9	48.20812465219811
1.464315213E9	38.996036988110966
1.472338858E9	48.87049659201558
1.480362503E9	1.983529411764706
1.488386148E9	40.06496815286624
1.496409793E9	59.98418147531841
1.504433438E9	25.207233626588465
1.512457083E9	0.3939393939393939
1.520480728E9	21.059080962800877
1.528504373E9	55.15289648622982
1.534502554E9	59.54301445285616
1.5385143765E9	0.9872340425531915
1.544551663E9	54.55674370472577
1.552575308E9	33.90359477124183
1.560598953E9	1.157556270096463
1.568622598E9	50.15444015444015
1.576646243E9	30.804629584570215
1.584669888E9	0.0
1.592693533E9	0.0
1.600717178E9	26.629904534606204
1.608740823E9	4.712121212121212
1.616764468E9	59.95960343558491
1.624788113E9	58.25387596899225
1.632811758E9	56.08047904191617
1.640835403E9	0.0
1.648859048E9	5.930029154518951
1.656882693E9	52.15744303048239
1.664906338E9	59.96644715936673
1.671900895E9	57.879227908624046
1.6759127175E9	58.43968432919955
1.680953628E9	52.62937062937063
1.688977273E9	53.811424638678595
1.697000918E9	12.794520547945206
1.705024563E9	23.056291390728475
1.713048208E9	0.0
1.721071853E9	44.81930618401206
1.729095498E9	0.0
1.737119143E9	2.3703703703703702
1.745142788E9	41.02937062937063
1.753166433E9	57.03191489361702
1.761190078E9	40.663302090843544
1.769213723E9	59.983601833427876
1.777237368E9	31.936034115138593
1.785261013E9	34.3642266824085
1.793284658E9	2.8055555555555554
1.801308303E9	39.54242749731471
1.8070005885E9	36.310812871740126
1.811012411E9	59.303149606299215
1.817355593E9	41.13646288209607
1.825379238E9	1.7779111644657863
1.833402883E9	42.982171799027554
1.841426528E9	49.33783783783784
1.849450173E9	0.0
1.857473818E9	54.58969804618117
1.865497463E9	49.01069518716577
1.873521108E9	24.318001586042822
1.881544753E9	59.387916630023746
1.889568398E9	0.0
1.897592043E9	57.84459195626708
1.905615688E9	1.3774834437086092
1.913639333E9	1.2840236686390532
1.921662978E9	47.41983967935872
1.929686623E9	54.5875236294896
1.937710268E9	57.37645208131655
1.942744882E9	0.0
1.9467567045E9	55.208711433756804
1.953757558E9	59.51153374979276
1.961781203E9	6.079787234042553
1.969804848E9	53.397260273972606
1.977828493E9	17.831505483549353
1.985852138E9	57.87144482366325
1.993875783E9	54.71162001696353
2.001899428E9	57.45506829618979
2.009923073E9	9.449830952121278
2.017946718E9	45.433734939759034
2.025970363E9	0.0
2.033994008E9	1.8698224852071006
2.042017653E9	29.843056696795397
2.050041298E9	52.161509433962266
2.058064943E9	55.98450413223141
2.066088588E9	55.70486195944295
2.0735716965E9	59.81939610572853
2.077583519E9	0.0
2.082135878E9	0.0
2.090159523E9	0.0
2.098183168E9	1.8652173913043477
2.106206813E9	38.39364518976169
2.114230458E9	0.8765743073047859
2.122254103E9	3.7422680412371134
2.130277748E9	1.446808510638298
2.138301393E9	2.2857142857142856
2.146325038E9	9.445544554455445
2.154348683E9	4.333333333333333
2.162372328E9	34.5864
2.170395973E9	1.6418732782369145
2.178419618E9	2.1538461538461537
2.186443263E9	55.632183908045974
2.190931198E9	0.0
2.1949430205E9	0.0
2.202490553E9	0.0
2.210514198E9	1.9057971014492754
2.218537843E9	41.86046511627907
2.226561488E9	56.93030973451327
2.234585133E9	0.0
2.242608778E9	0.0
2.250632423E9	0.4067796610169492
2.258656068E9	46.8103825136612
2.266679713E9	18.608811748998665
2.274703358E9	1.5815899581589958
2.282727003E9	59.8389520242101
2.290750648E9	39.26359898798229
2.2966067495E9	59.53471196454948
2.300618572E9	0.0
2.306797938E9	0.0
2.314821583E9	24.827272727272728
2.322845228E9	0.0
2.330868873E9	53.960306758806674
2.338892518E9	59.93013148022357
2.346916163E9	46.098461538461535
2.354939808E9	39.97459727385378
2.362963453E9	54.5456042824789
2.370987098E9	52.091566265060244
2.379010743E9	54.98865018240778
2.387034388E9	57.403141361256544
2.395058033E9	7.206611570247934
2.3997560365E9	54.28034371643394
2.403767859E9	53.931294580634585
2.411105323E9	47.98848920863309
2.419128968E9	58.26319165998396
2.427152613E9	59.9838518000354
2.435176258E9	57.89470480827754
2.443199903E9	13.054054054054054
2.451223548E9	28.391659111514052
2.459247193E9	59.792143990875424
2.467270838E9	59.980079932923026
2.475294483E9	38.67471958584987
2.483318128E9	40.86703443028343
2.4890552565E9	57.87001638448935
2.493067079E9	41.0406976744186
2.499365418E9	58.96337345224695
2.507389063E9	30.903474903474905
2.515412708E9	28.376068376068375
2.523436353E9	48.932642487046635
2.531459998E9	59.22385135755609
2.539483643E9	59.304141363408064
2.547507288E9	45.526054590570716
2.555530933E9	0.1625
2.563554578E9	46.48210205635948
2.570802202E9	55.924157303370784
2.5748140245E9	0.0
2.579601868E9	45.35637149028078
2.587625513E9	42.39442231075697
2.595649158E9	3.68075117370892
2.603672803E9	4.433242506811989
2.611696448E9	54.74397194213064
2.619720093E9	9.616122840690979
2.627743738E9	2.337078651685393
2.635767383E9	56.34930643127365
2.643791028E9	2.554973821989529
2.6511070695E9	58.012649525642786
2.655118892E9	0.0
2.659838318E9	59.389507842076796
2.667861963E9	54.4882226980728
2.675885608E9	58.35989407799711
2.683909253E9	57.70796144234202
2.691932898E9	52.51678287976003
2.699956543E9	27.40929009640666
2.707980188E9	47.751203079884505
2.7125104575E9	49.92248062015504
2.71652228E9	53.02173913043478
2.724027478E9	1.6494845360824741
2.732051123E9	56.80448493342677
2.740074768E9	57.29565008716765
2.748098413E9	38.19807186678352
2.756122058E9	3.5238095238095237
2.764145703E9	49.871369294605806
2.772169348E9	59.97064914945676
2.776827121E9	59.84414295168762
2.7808389435E9	0.0
2.788216638E9	0.1843137254901961
2.796240283E9	0.0
2.804263928E9	5.100694444444445
2.812287573E9	41.59629248197734
2.820241225E9	43.8869715271786
2.8242530475E9	0.0
2.828334863E9	0.0
2.836358508E9	36.683181997631266
2.844382153E9	47.81567379111718
2.852405798E9	36.082169268693505
2.860429443E9	53.806451612903224
2.868453088E9	58.243824395238704
2.8737332165E9	59.921068179132696
2.877745039E9	55.37612709317303
2.884500378E9	54.62686567164179
2.892524023E9	0.40540540540540543
2.900547668E9	3.69811320754717
2.908571313E9	5.6971428571428575
2.916594958E9	31.103301384451544
2.924618603E9	0.0
2.932642248E9	0.0
2.940665893E9	0.0
2.948689538E9	13.527272727272727
2.956713183E9	20.555555555555557
2.964736828E9	47.38255033557047
2.972760473E9	4.772609819121447
2.980784118E9	49.93150684931507
2.988807763E9	0.2511415525114155
2.996831408E9	2.036697247706422
3.004855053E9	3.0774647887323945
3.012878698E9	53.097374701670645
3.020902343E9	0.6839378238341969
3.0279782915E9	55.68951358180669
3.031990114E9	0.0
3.036949633E9	0.0
3.044973278E9	3.5657764589515333
3.052996923E9	0.0
3.061020568E9	0.0
3.069044213E9	0.0
3.077067858E9	0.0
3.0846747565E9	0.0
3.088278117E9	0.0
3.088373929E9	0.0
3.0884774725E9	0.0
3.0885573295E9	0.0
3.0886546005E9	0.0
3.0887081185E9	0.0
3.0887493115E9	0.0
3.088858438E9	1.844364082455224
3.088966832E9	0.0
3.089008063E9	0.0
3.0890661235E9	0.0
3.089146859E9	0.0
3.089267292E9	0.0
3.08942189E9	0.0
3.089604443E9	0.0
3.089755642E9	0.0
3.0898220175E9	0.0
3.0898610755E9	0.0
3.089968525E9	0.0
3.0900764725E9	0.0
3.0901461555E9	0.0
3.090297168E9	28.0
3.090503609E9	0.0
3.0907062205E9	0.0
3.09089898E9	0.0
3.091013772E9	0.0
3.091052607E9	0.0
3.0911587895E9	0.0
3.091267064E9	0.0
3.0915130575E9	25.0
3.092673561E9	51.30897703549061
3.093702736E9	0.0
3.093935951E9	0.0
3.094132646E9	0.0
3.0942642985E9	0.0
3.094360447E9	0.0
3.0944711045E9	0.0
3.0946435155E9	0.0
3.094747446E9	0.0
3.0948598115E9	0.0
3.0950026905E9	0.0
3.095104297E9	0.0
3.095190977E9	0.0
3.0952465895E9	0.0
3.0952663465E9	0.0
3.095268566E9	0.0
3.0952706195E9	0.0
3.0952723265E9	0.0
3.0952838005E9	0.0
3.0952967465E9	0.0
3.095299555E9	0.0
3.0953008775E9	0.0
3.0953027375E9	0.0
3.0953043745E9	0.0
3.095311073E9	0.0
3.0953361175E9	0.0
3.095355552E9	0.0
3.0953574645E9	0.0
3.095360032E9	0.0
3.095361791E9	0.0
3.095363378E9	0.0
3.095365611E9	0.0
3.0953678415E9	0.0
3.095369933E9	0.0
3.095371677E9	0.0
3.09537289E9	0.0
3.0953743225E9	0.0
3.095375945E9	0.0
3.095572656E9	0.0
3.095769303E9	0.0
3.0957708065E9	0.0
3.0957736535E9	0.0
3.095822105E9	0.0
3.095924849E9	0.0
3.095983129E9	0.0
3.095986364E9	0.0
3.0959887305E9	0.0
3.0959909825E9	0.0
3.095993051E9	0.0
3.0959946765E9	0.0
3.096006671E9	0.0
3.0960870785E9	0.0
3.0961589785E9	0.0
3.096165879E9	0.0
3.096173123E9	0.0
3.09617898E9	0.0
3.096183283E9	0.0
3.096185859E9	0.0
3.0961883E9	0.0
3.0961908755E9	0.0
3.096192456E9	0.0
3.096238607E9	0.0
3.0962848625E9	0.0
3.096286263E9	0.0
3.0962877625E9	0.0
3.096289947E9	0.0
3.096292208E9	0.0
3.0962965075E9	0.0
3.096315547E9	0.0
3.0963533005E9	0.0
3.09637788E9	0.0
3.096382479E9	0.0
3.0963879875E9	0.0
3.0963943185E9	0.0
3.096398918E9	0.0
3.0964033365E9	0.0
3.0964070605E9	0.0
3.0964084065E9	0.0
3.0964096105E9	0.0
3.096411644E9	0.0
3.0964135175E9	0.0
3.0964147555E9	0.0
3.0964161835E9	0.0
3.0964174105E9	0.0
3.096418484E9	0.0
3.096419946E9	0.0
3.096422275E9	0.0
3.0964254675E9	0.0
3.0964313925E9	0.0
3.0964360765E9	0.0
3.096437123E9	0.0
3.0964382945E9	0.0
3.096440137E9	0.0
3.096442099E9	0.0
3.096443439E9	0.0
3.0964449505E9	0.0
3.0964464985E9	0.0
3.0964475915E9	0.0
3.0964489705E9	0.0
3.0964506065E9	0.0
3.0964522235E9	0.0
3.0964537525E9	0.0
3.0964552355E9	0.0
3.09645655E9	0.0
3.0964580005E9	0.0
3.0964594605E9	0.0
3.096462063E9	0.0
3.0964647385E9	0.0
3.0964666345E9	0.0
3.0964687875E9	0.0
3.096470338E9	0.0
3.0964722525E9	0.0
3.096474844E9	0.0
3.0964802425E9	0.0
3.0964880595E9	0.0
3.0965833285E9	0.0
3.0967643755E9	0.0
3.0969348755E9	0.0
3.0970713735E9	0.0
3.09716122E9	0.0
3.0972741855E9	0.0
3.0973604055E9	0.0
3.097450029E9	0.0
3.0976374775E9	0.0
3.0978270425E9	40.00857632933105
3.097932224E9	0.0
3.0979864125E9	0.0
3.098119023E9	0.0
3.098265051E9	0.0
3.098391091E9	59.66598049415548
3.0985448955E9	0.0
3.0986946915E9	0.0
3.098783935E9	0.0
3.0988292795E9	0.0
3.098880847E9	0.0
3.098919304E9	0.0
3.0989774605E9	0.0
3.099052881E9	0.0
3.0991573655E9	0.0
3.099319594E9	0.0
3.0995012675E9	0.0
3.099670145E9	0.0
3.0999279405E9	0.0
3.100233298E9	0.0
3.1004161975E9	0.0
3.100563604E9	0.0
3.100747466E9	0.0
3.1008938195E9	0.0
3.1011322435E9	0.0
3.1013406625E9	0.0
3.1018216205E9	0.0
3.10249025E9	0.0
3.1027859675E9	0.0
3.1029370045E9	0.0
3.103040568E9	0.0
3.103187824E9	0.0
3.1033599445E9	0.0
3.1034919475E9	0.0
3.103630163E9	0.0
3.103765693E9	0.0
3.1038899E9	0.0
3.104000147E9	0.0
3.104103262E9	6.904059040590406
3.104213238E9	0.0
3.1043622315E9	0.0
3.1045301035E9	0.0
3.104697468E9	0.0
3.104838637E9	7.0
3.1050052845E9	0.0
3.105133977E9	0.0
3.1052243125E9	0.0
3.105384834E9	0.0
3.1055957845E9	0.0
3.1057764275E9	0.0
3.1059356005E9	0.0
3.106119471E9	0.0
3.1062928875E9	0.0
3.1064952125E9	0.0
3.106793429E9	0.0
3.107037494E9	4.0
3.1073867035E9	0.0
3.107759424E9	0.0
3.1079211745E9	0.0
3.1080633985E9	0.0
3.1082263265E9	0.0
3.1084513465E9	0.0
3.1086364625E9	0.0
3.108789052E9	0.0
3.1089764285E9	0.0
3.1091156475E9	0.0
3.1092704375E9	0.0
3.1094661425E9	0.0
3.1103548855E9	0.0
3.11121197E9	0.0
3.1113489445E9	0.0
3.111522028E9	0.0
3.1116747035E9	0.0
3.112457455E9	3.3540714431278933
3.114793642E9	4.0
3.1165009275E9	0.0
3.1166649055E9	0.0
3.1168033475E9	0.0
3.1173009555E9	0.0
3.117773698E9	0.0
3.117904112E9	0.0
3.1180957915E9	0.0
3.1183304505E9	0.0
3.1185453175E9	0.0
3.1187290865E9	0.0
3.1189129625E9	0.0
3.119051637E9	0.0
3.1196670135E9	0.0
3.120358526E9	0.0
3.1205574705E9	0.0
3.1207256815E9	0.0
3.1209034785E9	0.0
3.1210870935E9	0.0
3.1212284615E9	0.0
3.1214052355E9	0.0
3.1220442065E9	0.0
3.1226870745E9	0.0
3.1231494355E9	0.0
3.1235325875E9	0.0
3.123790701E9	0.0
3.124044676E9	0.0
3.1241297635E9	0.0
3.124227575E9	0.0
3.124459987E9	0.0
3.1246790295E9	0.0
3.1248266455E9	0.0
3.124943915E9	0.0
3.1250653335E9	0.0
3.1251809925E9	0.0
3.1254305495E9	0.0
3.1257397175E9	0.0
3.1259200925E9	0.0
3.1261657415E9	0.0
3.1264148E9	0.0
3.126614024E9	0.0
3.1268076365E9	0.0
3.12704463E9	0.0
3.127295107E9	0.0
3.12747434E9	3.0
3.1276520425E9	0.0
3.127848246E9	0.0
3.127977804E9	0.0
3.128104742E9	0.0
3.128281483E9	0.0
3.128569275E9	0.6267884548740037
3.1287934555E9	0.0
3.1288739025E9	0.0
3.129053374E9	0.0
3.129196997E9	0.0
3.129281586E9	0.0
3.129410949E9	0.0
3.1295567135E9	0.0
3.1296928995E9	0.0
3.129844808E9	0.0
3.129974998E9	0.0
3.1300410955E9	0.0
3.1301650045E9	0.0
3.1303509995E9	0.0
3.1304930685E9	0.0
3.1306295515E9	0.0
3.130867575E9	0.0
3.131039675E9	0.0
3.1312194015E9	0.0
3.13213604E9	0.0
3.132981947E9	0.0
3.133747995E9	0.0
3.134663191E9	0.0
3.1350342175E9	0.0
3.1353294355E9	0.0
3.13564139E9	0.0
3.135912112E9	0.0
3.136228957E9	0.0
3.1366387835E9	0.0
3.13692132E9	0.0
3.1370204075E9	0.0
3.137148797E9	0.0
3.1372652255E9	0.0
3.1386151055E9	10.206896551724139
3.1400411865E9	0.0
3.1401822535E9	0.0
3.140414935E9	0.0
3.140798459E9	0.0
3.1410924815E9	0.0
3.1426293625E9	0.0
3.144206965E9	0.0
3.144381203E9	0.0
3.144482951E9	0.0
3.1449091835E9	3.0
3.1458201795E9	0.0
3.146483516E9	0.0
3.146713427E9	0.0
3.146885722E9	0.0
3.146985213E9	0.0
3.147119783E9	0.0
3.147265112E9	0.0
3.147465896E9	0.0
3.147693206E9	0.0
3.1478747395E9	0.0
3.1480261545E9	0.0
3.1481624055E9	0.0
3.148326154E9	0.0
3.148489927E9	0.0
3.1486047935E9	0.0
3.148662145E9	0.0
3.148881458E9	0.0
3.1491593975E9	0.0
3.1493385205E9	0.0
3.1495104645E9	0.0
3.1496099745E9	0.0
3.1497484335E9	0.0
3.1503591725E9	0.0
3.1509172235E9	0.0
3.1510408035E9	0.0
3.151129521E9	0.0
3.151250568E9	0.0
3.151374243E9	0.0
3.151489573E9	0.0
3.1516448945E9	0.0
3.151817443E9	0.0
3.151955368E9	6.706586826347305
3.152051039E9	0.0
3.1521507295E9	0.0
3.1523220325E9	0.0
3.1525451205E9	0.0
3.152790319E9	0.0
3.1530742195E9	0.0
3.153249269E9	0.0
3.1532999345E9	0.0
3.1533558455E9	0.0
3.153485713E9	0.0
3.153709553E9	0.0
3.1539240905E9	0.0
3.154120597E9	0.0
3.1543302E9	0.0
3.154493926E9	0.0
3.154657966E9	0.0
3.154845599E9	0.0
3.1550524745E9	0.0
3.1552349965E9	0.0
3.1553981115E9	0.0
3.15557571E9	0.0
3.1557532995E9	0.0
3.1559197455E9	0.0
3.1561079305E9	0.0
3.1562956185E9	0.0
3.1564576755E9	0.0
3.156728397E9	0.0
3.1574898795E9	0.0
3.158127567E9	0.0
3.159754588E9	0.0
3.1621522205E9	0.0
3.163083745E9	0.0
3.163247659E9	0.0
3.163475482E9	0.0
3.163688181E9	0.0
3.163848849E9	0.0
3.164242336E9	7.170212277651771
3.1646267025E9	0.0
3.167032335E9	5.94846189164371
3.169613042E9	0.0
3.169955169E9	0.0
3.170102579E9	0.0
3.1703440285E9	0.0
3.1705509635E9	0.0
3.1713065935E9	7.335365853658536
3.172105219E9	0.0
3.1722711045E9	0.0
3.1727147195E9	0.0
3.173116486E9	0.0
3.173290497E9	0.0
3.1735300985E9	0.0
3.173718028E9	0.0
3.1738956185E9	0.0
3.1740833425E9	0.0
3.174240364E9	0.0
3.17438727E9	0.0
3.174571623E9	0.0
3.1748117375E9	0.0
3.175046817E9	0.0
3.1752354605E9	0.0
3.1754134065E9	0.0
3.175774576E9	0.0
3.176707948E9	0.0
3.1790103535E9	0.0
3.1807719275E9	0.0
3.1809958745E9	0.0
3.1816373325E9	0.0
3.182257536E9	0.0
3.182438689E9	0.0
3.182632177E9	0.0
3.1828176375E9	0.0
3.1830105775E9	0.0
3.183203712E9	0.0
3.183377671E9	0.0
3.1835480905E9	0.0
3.1845084425E9	13.457391304347826
3.186847264E9	5.436619718309859
3.188853383E9	0.0
3.189497979E9	0.0
3.1915036825E9	11.101030927835051
3.193917589E9	0.0
3.1949576625E9	0.0
3.1955729425E9	0.0
3.1979582215E9	17.48670756646217
3.200762757E9	0.0
3.201346902E9	0.0
3.2014320305E9	0.0
3.203896665E9	0.0
3.2068525245E9	0.0
3.2073844505E9	0.0
3.207821066E9	0.0
3.2087527055E9	0.0
3.209372017E9	0.0
