#Position (bp)	insert size
4011823.0	13106.810152617783
1.2035468E7	18488.984756450784
2.0059113E7	8911.947936048515
2.8082758E7	1628688.8493150685
3.6106403E7	227.5
4.4130048E7	323.42857142857144
5.2153693E7	200.15151515151516
6.0177338E7	211.6
6.8200983E7	7841324.2
7.6224628E7	178.0
8.4248273E7	16968.95608270556
9.2271918E7	273.5
1.00295563E8	188.875
1.08319208E8	201.33333333333334
1.16342853E8	282.5
1.24366498E8	0.0
1.32390143E8	0.0
1.40413788E8	234.14931884961268
1.48437433E8	235.13567408857352
1.56461078E8	190.15
1.64484723E8	1754.4073265320383
1.72508368E8	0.0
1.80532013E8	142.0
1.88555658E8	88.0
1.96579303E8	0.0
2.04602948E8	231.0
2.12626593E8	309.25
2.20650238E8	153.9
2.28673883E8	230.9795918367347
2.36697528E8	228.77777777777777
2.44721173E8	0.0
2.48844709E8	0.0
2.528565315E8	3378825.84
2.60768463E8	7173156.454545454
2.68792108E8	249.21052631578948
2.76815753E8	281.6470588235294
2.84839398E8	6.878281252536231E7
2.92863043E8	9858936.6
3.00886688E8	300.0
3.08910333E8	266.0
3.16933978E8	1343118.3333333333
3.24957623E8	310.6666666666667
3.32981268E8	344.0
3.41004913E8	233.97023717012215
3.49028558E8	340.65714285714284
3.57052203E8	211.0
3.65075848E8	238.71428571428572
3.73099493E8	899.6545253863135
3.81123138E8	3738428.9285714286
3.89146783E8	330.5
3.97170428E8	480.0
4.05194073E8	249.85714285714286
4.13217718E8	189.0
4.21241363E8	547.7857142857143
4.29265008E8	186.0
4.37288653E8	249.8
4.45312298E8	0.0
4.53335943E8	0.0
4.61359588E8	414.0
4.69383233E8	198.0909090909091
4.77406878E8	216.06521739130434
4.85430523E8	269.21875
4.902961485E8	309.04761904761904
4.94307971E8	0.0
5.01477813E8	327.6
5.09501458E8	178.0
5.17525103E8	271.0
5.25548748E8	244.85714285714286
5.33572393E8	196.4
5.41596038E8	4188.070420464569
5.49619683E8	218.0
5.57643328E8	167.0
5.65666973E8	205.0
5.73690618E8	91.0
5.81714263E8	201.25
5.89737908E8	0.0
5.97761553E8	216.0
6.05785198E8	205.5
6.13808843E8	258.42857142857144
6.21832488E8	1658.8190289235663
6.29856133E8	195.5
6.37879778E8	227.2173913043478
6.45903423E8	2151.93516536965
6.53927068E8	235.11111111111111
6.61950713E8	289.0
6.69974358E8	0.0
6.77998003E8	290.0
6.85727668E8	276.1212121212121
6.897394905E8	377.0
6.94045293E8	11672.148644203824
7.02068938E8	199.875
7.10092583E8	234.0
7.18116228E8	275.09090909090907
7.26139873E8	194.8
7.34163518E8	0.0
7.42187163E8	1628.0
7.50210808E8	337.0
7.58234453E8	0.0
7.66258098E8	240.5
7.74281743E8	205.0
7.82305388E8	0.0
7.90329033E8	391.0
7.98352678E8	0.0
8.06376323E8	0.0
8.14399968E8	159.25
8.22423613E8	0.0
8.30447258E8	0.0
8.38470903E8	151.1153846153846
8.46494548E8	144.8235294117647
8.54518193E8	0.0
8.62541838E8	243.58333333333334
8.70565483E8	239.16666666666666
8.771186855E8	325.0
8.81130508E8	268.97435897435895
8.86612773E8	4238.136311336718
8.94636418E8	213.76923076923077
9.02660063E8	340.0
9.10683708E8	138.0
9.18707353E8	243.5
9.26730998E8	0.0
9.34754643E8	286.81159420289856
9.42778288E8	280.85714285714283
9.50801933E8	135.0
9.58825578E8	0.0
9.66849223E8	161.0
9.74872868E8	0.0
9.82896513E8	0.0
9.90920158E8	334.4
9.98943803E8	433.0
1.006967448E9	557.0
1.014991093E9	264.92857142857144
1.023014738E9	251.57142857142858
1.031038383E9	323.14285714285717
1.039062028E9	0.0
1.047085673E9	284.6
1.055109318E9	194.72727272727272
1.0601597325E9	0.0
1.064171555E9	188.2
1.071156608E9	262.0
1.079180253E9	326.0
1.087203898E9	6194.126465243713
1.095227543E9	1447.0740740740741
1.103251188E9	193.3846153846154
1.111274833E9	2.386218725E7
1.119298478E9	0.0
1.127322123E9	230.0
1.135345768E9	0.0
1.143369413E9	200.0
1.151393058E9	203.0
1.159416703E9	134.0
1.167440348E9	218.0
1.175463993E9	232.125
1.183487638E9	7660366.2
1.191511283E9	0.0
1.199534928E9	289.2792902284881
1.207558573E9	1000.5579140423959
1.215582218E9	284.75
1.223605863E9	249.0
1.2298109945E9	123.3157894736842
1.233822817E9	290.22058823529414
1.239653153E9	122782.25116606744
1.247676798E9	336.25
1.255700443E9	213.0
1.263724088E9	3.34061816E7
1.271747733E9	202.2
1.279771378E9	211.5
1.287795023E9	1148347.5
1.295818668E9	304.4375
1.303842313E9	427.02127659574467
1.311865958E9	6011.017388260007
1.319889603E9	195.61149110807114
1.327913248E9	305.5
1.335936893E9	213.71428571428572
1.343960538E9	240.25
1.351984183E9	3022.8693507452354
1.360007828E9	328.375
1.368031473E9	233.76923076923077
1.376055118E9	341.4103372891943
1.384078763E9	221.78947368421052
1.389720431E9	253.66666666666666
1.3937322535E9	217.77777777777777
1.400126053E9	235.23529411764707
1.408149698E9	320.0
1.416173343E9	1.9275631833333332E7
1.424196988E9	284.46938775510205
1.432220633E9	317.2857142857143
1.440244278E9	207.6
1.448267923E9	382.4
1.456291568E9	349.70588235294116
1.464315213E9	414.14285714285717
1.472338858E9	306.8333333333333
1.480362503E9	274.0
1.488386148E9	196.27272727272728
1.496409793E9	3468.237209820186
1.504433438E9	421.0
1.512457083E9	218.8
1.520480728E9	358.5217391304348
1.528504373E9	178.9090909090909
1.534502554E9	233.8953488372093
1.5385143765E9	328.0
1.544551663E9	186.66666666666666
1.552575308E9	166.0
1.560598953E9	191.0
1.568622598E9	2.413063325E7
1.576646243E9	325.46397694524495
1.584669888E9	0.0
1.592693533E9	0.0
1.600717178E9	327.3010752688172
1.608740823E9	119.33333333333333
1.616764468E9	5092.013642017414
1.624788113E9	480.38655462184875
1.632811758E9	227.16666666666666
1.640835403E9	417.0
1.648859048E9	302.5
1.656882693E9	286.72
1.664906338E9	274.5512221506168
1.671900895E9	206.53846153846155
1.6759127175E9	206.17592592592592
1.680953628E9	317.25
1.688977273E9	150.33333333333334
1.697000918E9	119.66666666666667
1.705024563E9	278.40384615384613
1.713048208E9	131.5
1.721071853E9	206.03571428571428
1.729095498E9	165.0
1.737119143E9	1.5197983E7
1.745142788E9	290.1818181818182
1.753166433E9	270.144578313253
1.761190078E9	245.25
1.769213723E9	547.097070712664
1.777237368E9	252.75
1.785261013E9	209.45454545454547
1.793284658E9	189.8125
1.801308303E9	271.0769230769231
1.8070005885E9	292.17391304347825
1.811012411E9	183.6206896551724
1.817355593E9	270.1666666666667
1.825379238E9	190.71428571428572
1.833402883E9	274.57142857142856
1.841426528E9	333.57142857142856
1.849450173E9	302.5
1.857473818E9	0.0
1.865497463E9	191.0
1.873521108E9	265.3142857142857
1.881544753E9	377.3212121212121
1.889568398E9	373.0
1.897592043E9	303.6792452830189
1.905615688E9	139.0
1.913639333E9	294.0
1.921662978E9	208.73684210526315
1.929686623E9	223.35416666666666
1.937710268E9	140.08641975308643
1.942744882E9	223.0
1.9467567045E9	199.0
1.953757558E9	15041.33755411973
1.961781203E9	0.0
1.969804848E9	187.73529411764707
1.977828493E9	265.7894736842105
1.985852138E9	301.2758620689655
1.993875783E9	302.2926829268293
2.001899428E9	238.58333333333334
2.009923073E9	197.0
2.017946718E9	0.0
2.025970363E9	212.41666666666666
2.033994008E9	245.33333333333334
2.042017653E9	190.0
2.050041298E9	233.33333333333334
2.058064943E9	277.6829268292683
2.066088588E9	214.41463414634146
2.0735716965E9	250.5857142857143
2.077583519E9	0.0
2.082135878E9	0.0
2.090159523E9	0.0
2.098183168E9	346.5
2.106206813E9	259.57142857142856
2.114230458E9	448.0
2.122254103E9	237.33333333333334
2.130277748E9	161.0
2.138301393E9	272.0
2.146325038E9	0.0
2.154348683E9	0.0
2.162372328E9	359.5625
2.170395973E9	0.0
2.178419618E9	237.53846153846155
2.186443263E9	231.76470588235293
2.190931198E9	122.0
2.1949430205E9	0.0
2.202490553E9	0.0
2.210514198E9	258.0
2.218537843E9	209.33333333333334
2.226561488E9	308.22222222222223
2.234585133E9	252.0
2.242608778E9	158.0
2.250632423E9	176.67857142857142
2.258656068E9	322.375
2.266679713E9	322.3333333333333
2.274703358E9	0.0
2.282727003E9	272.6666666666667
2.290750648E9	197.57777777777778
2.2966067495E9	292.72903225806454
2.300618572E9	0.0
2.306797938E9	0.0
2.314821583E9	503446.0
2.322845228E9	209.5681818181818
2.330868873E9	224.63636363636363
2.338892518E9	2398.705427036894
2.346916163E9	178.0
2.354939808E9	339.7647058823529
2.362963453E9	216.02777777777777
2.370987098E9	251.65217391304347
2.379010743E9	251.63636363636363
2.387034388E9	219.8181818181818
2.395058033E9	194.66666666666666
2.3997560365E9	0.0
2.403767859E9	197.96774193548387
2.411105323E9	359.85714285714283
2.419128968E9	8965.283987915407
2.427152613E9	1472.7390001159959
2.435176258E9	188.0487804878049
2.443199903E9	218.0
2.451223548E9	2051288.875
2.459247193E9	607.4440995068613
2.467270838E9	226.9503043133104
2.475294483E9	0.0
2.483318128E9	244.0
2.4890552565E9	260.57142857142856
2.493067079E9	271.2068965517241
2.499365418E9	411.2695035460993
2.507389063E9	237.70833333333334
2.515412708E9	214.0
2.523436353E9	280.7142857142857
2.531459998E9	300.80542986425337
2.539483643E9	265.3688888888889
2.547507288E9	332.875
2.555530933E9	263.6
2.563554578E9	184.25
2.570802202E9	210.17567567567568
2.5748140245E9	177.0
2.579601868E9	166.625
2.587625513E9	203.8235294117647
2.595649158E9	317.0
2.603672803E9	0.0
2.611696448E9	233.0
2.619720093E9	209.25
2.627743738E9	410.5
2.635767383E9	155.625
2.643791028E9	276.0
2.6511070695E9	196.6031746031746
2.655118892E9	206.33333333333334
2.659838318E9	255.5249500998004
2.667861963E9	241.91666666666666
2.675885608E9	245.23
2.683909253E9	373.03076923076924
2.691932898E9	236.67919829506
2.699956543E9	217.47826086956522
2.707980188E9	219.44444444444446
2.7125104575E9	125.0
2.71652228E9	343.82142857142856
2.724027478E9	432.0
2.732051123E9	256.46666666666664
2.740074768E9	251.24153757888698
2.748098413E9	165.76
2.756122058E9	317.8
2.764145703E9	269.3333333333333
2.772169348E9	337.01766464602133
2.776827121E9	359.82
2.7808389435E9	260.375
2.788216638E9	259.5
2.796240283E9	289.0
2.804263928E9	0.0
2.812287573E9	181.67857142857142
2.820241225E9	278.4078947368421
2.8242530475E9	0.0
2.828334863E9	0.0
2.836358508E9	306.5416666666667
2.844382153E9	232.36363636363637
2.852405798E9	285.18518518518516
2.860429443E9	207.71428571428572
2.868453088E9	245.27513227513228
2.8737332165E9	243.4320987654321
2.877745039E9	268.5
2.884500378E9	365.0
2.892524023E9	356.8
2.900547668E9	209.0
2.908571313E9	0.0
2.916594958E9	285.5882352941176
2.924618603E9	269.0
2.932642248E9	0.0
2.940665893E9	300.1666666666667
2.948689538E9	211.0
2.956713183E9	214.0
2.964736828E9	165.44444444444446
2.972760473E9	275.8333333333333
2.980784118E9	0.0
2.988807763E9	228.66666666666666
2.996831408E9	255.0
3.004855053E9	238.75
3.012878698E9	232.30434782608697
3.020902343E9	337.0
3.0279782915E9	268.1284403669725
3.031990114E9	0.0
3.036949633E9	0.0
3.044973278E9	206.46153846153845
3.052996923E9	0.0
3.061020568E9	0.0
3.069044213E9	0.0
3.077067858E9	0.0
3.0846747565E9	0.0
3.088278117E9	0.0
3.088373929E9	159.0
3.0884774725E9	0.0
3.0885573295E9	0.0
3.0886546005E9	0.0
3.0887081185E9	0.0
3.0887493115E9	181.0
3.088858438E9	235.2198757014421
3.088966832E9	0.0
3.089008063E9	0.0
3.0890661235E9	0.0
3.089146859E9	0.0
3.089267292E9	0.0
3.08942189E9	0.0
3.089604443E9	0.0
3.089755642E9	0.0
3.0898220175E9	0.0
3.0898610755E9	0.0
3.089968525E9	0.0
3.0900764725E9	0.0
3.0901461555E9	0.0
3.090297168E9	0.0
3.090503609E9	160.8
3.0907062205E9	0.0
3.09089898E9	0.0
3.091013772E9	247.66666666666666
3.091052607E9	0.0
3.0911587895E9	0.0
3.091267064E9	0.0
3.0915130575E9	108.0
3.092673561E9	307.0
3.093702736E9	0.0
3.093935951E9	0.0
3.094132646E9	0.0
3.0942642985E9	0.0
3.094360447E9	0.0
3.0944711045E9	0.0
3.0946435155E9	207.0
3.094747446E9	0.0
3.0948598115E9	0.0
3.0950026905E9	0.0
3.095104297E9	0.0
3.095190977E9	0.0
3.0952465895E9	0.0
3.0952663465E9	0.0
3.095268566E9	0.0
3.0952706195E9	0.0
3.0952723265E9	0.0
3.0952838005E9	0.0
3.0952967465E9	0.0
3.095299555E9	0.0
3.0953008775E9	0.0
3.0953027375E9	0.0
3.0953043745E9	0.0
3.095311073E9	0.0
3.0953361175E9	0.0
3.095355552E9	0.0
3.0953574645E9	0.0
3.095360032E9	0.0
3.095361791E9	0.0
3.095363378E9	0.0
3.095365611E9	0.0
3.0953678415E9	0.0
3.095369933E9	0.0
3.095371677E9	0.0
3.09537289E9	0.0
3.0953743225E9	0.0
3.095375945E9	0.0
3.095572656E9	0.0
3.095769303E9	0.0
3.0957708065E9	0.0
3.0957736535E9	0.0
3.095822105E9	0.0
3.095924849E9	0.0
3.095983129E9	0.0
3.095986364E9	0.0
3.0959887305E9	0.0
3.0959909825E9	0.0
3.095993051E9	0.0
3.0959946765E9	0.0
3.096006671E9	0.0
3.0960870785E9	0.0
3.0961589785E9	0.0
3.096165879E9	0.0
3.096173123E9	0.0
3.09617898E9	0.0
3.096183283E9	0.0
3.096185859E9	0.0
3.0961883E9	0.0
3.0961908755E9	0.0
3.096192456E9	0.0
3.096238607E9	0.0
3.0962848625E9	0.0
3.096286263E9	0.0
3.0962877625E9	0.0
3.096289947E9	0.0
3.096292208E9	0.0
3.0962965075E9	0.0
3.096315547E9	0.0
3.0963533005E9	0.0
3.09637788E9	0.0
3.096382479E9	0.0
3.0963879875E9	0.0
3.0963943185E9	0.0
3.096398918E9	0.0
3.0964033365E9	0.0
3.0964070605E9	0.0
3.0964084065E9	0.0
3.0964096105E9	0.0
3.096411644E9	0.0
3.0964135175E9	0.0
3.0964147555E9	0.0
3.0964161835E9	0.0
3.0964174105E9	0.0
3.096418484E9	0.0
3.096419946E9	0.0
3.096422275E9	0.0
3.0964254675E9	0.0
3.0964313925E9	0.0
3.0964360765E9	0.0
3.096437123E9	0.0
3.0964382945E9	0.0
3.096440137E9	0.0
3.096442099E9	0.0
3.096443439E9	0.0
3.0964449505E9	0.0
3.0964464985E9	0.0
3.0964475915E9	0.0
3.0964489705E9	0.0
3.0964506065E9	0.0
3.0964522235E9	0.0
3.0964537525E9	0.0
3.0964552355E9	0.0
3.09645655E9	0.0
3.0964580005E9	0.0
3.0964594605E9	0.0
3.096462063E9	0.0
3.0964647385E9	0.0
3.0964666345E9	0.0
3.0964687875E9	0.0
3.096470338E9	0.0
3.0964722525E9	0.0
3.096474844E9	0.0
3.0964802425E9	0.0
3.0964880595E9	0.0
3.0965833285E9	0.0
3.0967643755E9	311.0
3.0969348755E9	0.0
3.0970713735E9	313.43856920684294
3.09716122E9	0.0
3.0972741855E9	0.0
3.0973604055E9	0.0
3.097450029E9	0.0
3.0976374775E9	172.0
3.0978270425E9	312.3333333333333
3.097932224E9	246.0
3.0979864125E9	0.0
3.098119023E9	0.0
3.098265051E9	0.0
3.098391091E9	231.75951205344177
3.0985448955E9	0.0
3.0986946915E9	0.0
3.098783935E9	0.0
3.0988292795E9	0.0
3.098880847E9	0.0
3.098919304E9	0.0
3.0989774605E9	0.0
3.099052881E9	0.0
3.0991573655E9	175.0
3.099319594E9	0.0
3.0995012675E9	73.0
3.099670145E9	0.0
3.0999279405E9	0.0
3.100233298E9	0.0
3.1004161975E9	0.0
3.100563604E9	0.0
3.100747466E9	0.0
3.1008938195E9	0.0
3.1011322435E9	0.0
3.1013406625E9	0.0
3.1018216205E9	0.0
3.10249025E9	0.0
3.1027859675E9	0.0
3.1029370045E9	0.0
3.103040568E9	0.0
3.103187824E9	0.0
3.1033599445E9	0.0
3.1034919475E9	0.0
3.103630163E9	394.0
3.103765693E9	0.0
3.1038899E9	0.0
3.104000147E9	0.0
3.104103262E9	0.0
3.104213238E9	0.0
3.1043622315E9	0.0
3.1045301035E9	0.0
3.104697468E9	0.0
3.104838637E9	0.0
3.1050052845E9	0.0
3.105133977E9	0.0
3.1052243125E9	0.0
3.105384834E9	0.0
3.1055957845E9	0.0
3.1057764275E9	0.0
3.1059356005E9	0.0
3.106119471E9	0.0
3.1062928875E9	0.0
3.1064952125E9	0.0
3.106793429E9	0.0
3.107037494E9	0.0
3.1073867035E9	0.0
3.107759424E9	0.0
3.1079211745E9	0.0
3.1080633985E9	0.0
3.1082263265E9	0.0
3.1084513465E9	0.0
3.1086364625E9	0.0
3.108789052E9	235.0
3.1089764285E9	0.0
3.1091156475E9	0.0
3.1092704375E9	0.0
3.1094661425E9	0.0
3.1103548855E9	0.0
3.11121197E9	0.0
3.1113489445E9	0.0
3.111522028E9	0.0
3.1116747035E9	0.0
3.112457455E9	286.578313253012
3.114793642E9	0.0
3.1165009275E9	0.0
3.1166649055E9	0.0
3.1168033475E9	0.0
3.1173009555E9	0.0
3.117773698E9	0.0
3.117904112E9	0.0
3.1180957915E9	0.0
3.1183304505E9	0.0
3.1185453175E9	0.0
3.1187290865E9	0.0
3.1189129625E9	0.0
3.119051637E9	0.0
3.1196670135E9	0.0
3.120358526E9	0.0
3.1205574705E9	0.0
3.1207256815E9	0.0
3.1209034785E9	0.0
3.1210870935E9	0.0
3.1212284615E9	0.0
3.1214052355E9	0.0
3.1220442065E9	0.0
3.1226870745E9	0.0
3.1231494355E9	0.0
3.1235325875E9	0.0
3.123790701E9	0.0
3.124044676E9	0.0
3.1241297635E9	0.0
3.124227575E9	0.0
3.124459987E9	0.0
3.1246790295E9	0.0
3.1248266455E9	0.0
3.124943915E9	0.0
3.1250653335E9	0.0
3.1251809925E9	0.0
3.1254305495E9	0.0
3.1257397175E9	0.0
3.1259200925E9	0.0
3.1261657415E9	0.0
3.1264148E9	0.0
3.126614024E9	0.0
3.1268076365E9	0.0
3.12704463E9	0.0
3.127295107E9	0.0
3.12747434E9	0.0
3.1276520425E9	0.0
3.127848246E9	191.0
3.127977804E9	0.0
3.128104742E9	0.0
3.128281483E9	0.0
3.128569275E9	321.1315996847912
3.1287934555E9	0.0
3.1288739025E9	0.0
3.129053374E9	0.0
3.129196997E9	0.0
3.129281586E9	0.0
3.129410949E9	0.0
3.1295567135E9	0.0
3.1296928995E9	0.0
3.129844808E9	0.0
3.129974998E9	0.0
3.1300410955E9	0.0
3.1301650045E9	0.0
3.1303509995E9	0.0
3.1304930685E9	0.0
3.1306295515E9	0.0
3.130867575E9	0.0
3.131039675E9	0.0
3.1312194015E9	0.0
3.13213604E9	0.0
3.132981947E9	0.0
3.133747995E9	0.0
3.134663191E9	0.0
3.1350342175E9	0.0
3.1353294355E9	0.0
3.13564139E9	0.0
3.135912112E9	0.0
3.136228957E9	0.0
3.1366387835E9	0.0
3.13692132E9	0.0
3.1370204075E9	0.0
3.137148797E9	0.0
3.1372652255E9	0.0
3.1386151055E9	169.0
3.1400411865E9	0.0
3.1401822535E9	0.0
3.140414935E9	0.0
3.140798459E9	0.0
3.1410924815E9	0.0
3.1426293625E9	0.0
3.144206965E9	0.0
3.144381203E9	0.0
3.144482951E9	0.0
3.1449091835E9	0.0
3.1458201795E9	0.0
3.146483516E9	0.0
3.146713427E9	0.0
3.146885722E9	0.0
3.146985213E9	0.0
3.147119783E9	0.0
3.147265112E9	0.0
3.147465896E9	0.0
3.147693206E9	0.0
3.1478747395E9	0.0
3.1480261545E9	0.0
3.1481624055E9	0.0
3.148326154E9	0.0
3.148489927E9	0.0
3.1486047935E9	0.0
3.148662145E9	0.0
3.148881458E9	0.0
3.1491593975E9	0.0
3.1493385205E9	0.0
3.1495104645E9	0.0
3.1496099745E9	0.0
3.1497484335E9	0.0
3.1503591725E9	0.0
3.1509172235E9	0.0
3.1510408035E9	0.0
3.151129521E9	0.0
3.151250568E9	0.0
3.151374243E9	0.0
3.151489573E9	0.0
3.1516448945E9	0.0
3.151817443E9	0.0
3.151955368E9	0.0
3.152051039E9	0.0
3.1521507295E9	0.0
3.1523220325E9	0.0
3.1525451205E9	0.0
3.152790319E9	0.0
3.1530742195E9	0.0
3.153249269E9	0.0
3.1532999345E9	0.0
3.1533558455E9	0.0
3.153485713E9	0.0
3.153709553E9	0.0
3.1539240905E9	0.0
3.154120597E9	0.0
3.1543302E9	0.0
3.154493926E9	0.0
3.154657966E9	0.0
3.154845599E9	0.0
3.1550524745E9	0.0
3.1552349965E9	0.0
3.1553981115E9	0.0
3.15557571E9	0.0
3.1557532995E9	0.0
3.1559197455E9	0.0
3.1561079305E9	0.0
3.1562956185E9	0.0
3.1564576755E9	0.0
3.156728397E9	0.0
3.1574898795E9	0.0
3.158127567E9	0.0
3.159754588E9	0.0
3.1621522205E9	229.0
3.163083745E9	0.0
3.163247659E9	0.0
3.163475482E9	244.0
3.163688181E9	0.0
3.163848849E9	0.0
3.164242336E9	327.4495574682928
3.1646267025E9	0.0
3.167032335E9	218.02564102564102
3.169613042E9	0.0
3.169955169E9	0.0
3.170102579E9	0.0
3.1703440285E9	0.0
3.1705509635E9	0.0
3.1713065935E9	446.0
3.172105219E9	0.0
3.1722711045E9	0.0
3.1727147195E9	0.0
3.173116486E9	0.0
3.173290497E9	0.0
3.1735300985E9	0.0
3.173718028E9	0.0
3.1738956185E9	0.0
3.1740833425E9	0.0
3.174240364E9	0.0
3.17438727E9	0.0
3.174571623E9	0.0
3.1748117375E9	0.0
3.175046817E9	0.0
3.1752354605E9	0.0
3.1754134065E9	0.0
3.175774576E9	0.0
3.176707948E9	0.0
3.1790103535E9	0.0
3.1807719275E9	0.0
3.1809958745E9	0.0
3.1816373325E9	0.0
3.182257536E9	0.0
3.182438689E9	0.0
3.182632177E9	0.0
3.1828176375E9	0.0
3.1830105775E9	0.0
3.183203712E9	0.0
3.183377671E9	0.0
3.1835480905E9	0.0
3.1845084425E9	288.51377952755905
3.186847264E9	0.0
3.188853383E9	0.0
3.189497979E9	0.0
3.1915036825E9	379.0
3.193917589E9	0.0
3.1949576625E9	0.0
3.1955729425E9	0.0
3.1979582215E9	0.0
3.200762757E9	0.0
3.201346902E9	0.0
3.2014320305E9	0.0
3.203896665E9	229.0
3.2068525245E9	0.0
3.2073844505E9	0.0
3.207821066E9	0.0
3.2087527055E9	0.0
3.209372017E9	0.0
