#Insert size (bp)	insert size
1.0	237.0
2.0	23.0
3.0	27.0
4.0	14.0
5.0	230.0
6.0	14.0
7.0	26.0
8.0	12.0
9.0	10.0
10.0	9.0
11.0	6.0
12.0	5.0
13.0	7.0
14.0	6.0
15.0	6.0
16.0	4.0
17.0	5.0
18.0	3.0
19.0	3.0
20.0	1.0
21.0	3.0
22.0	6.0
23.0	5.0
24.0	2.0
25.0	1.0
26.0	5.0
27.0	3.0
28.0	2.0
29.0	6.0
30.0	1.0
31.0	3.0
32.0	3.0
33.0	4.0
34.0	2.0
35.0	6.0
36.0	7.0
37.0	5.0
38.0	7.0
39.0	1.0
40.0	7.0
41.0	6.0
42.0	3.0
43.0	7.0
44.0	2.0
45.0	10.0
46.0	5.0
47.0	24.0
48.0	7.0
49.0	9.0
50.0	6.0
51.0	6.0
52.0	2.0
53.0	2.0
54.0	10.0
55.0	7.0
56.0	11.0
57.0	9.0
58.0	8.0
59.0	9.0
60.0	10.0
61.0	11.0
62.0	14.0
63.0	8.0
64.0	10.0
65.0	14.0
66.0	5.0
67.0	4.0
68.0	9.0
69.0	7.0
70.0	10.0
71.0	3.0
72.0	10.0
73.0	14.0
74.0	6.0
75.0	5.0
76.0	6.0
77.0	5.0
78.0	8.0
79.0	9.0
80.0	4.0
81.0	5.0
82.0	2.0
83.0	8.0
84.0	6.0
85.0	8.0
86.0	5.0
87.0	7.0
88.0	7.0
89.0	6.0
90.0	12.0
91.0	8.0
92.0	9.0
93.0	10.0
94.0	8.0
95.0	13.0
96.0	22.0
97.0	17.0
98.0	10.0
99.0	83.0
100.0	45.0
101.0	19.0
102.0	5.0
103.0	40.0
104.0	61.0
105.0	24.0
106.0	13.0
107.0	15.0
108.0	10.0
109.0	8.0
110.0	15.0
111.0	17.0
112.0	19.0
113.0	16.0
114.0	60.0
115.0	11.0
116.0	41.0
117.0	23.0
118.0	29.0
119.0	20.0
120.0	23.0
121.0	39.0
122.0	21.0
123.0	22.0
124.0	15.0
125.0	16.0
126.0	25.0
127.0	17.0
128.0	20.0
129.0	14.0
130.0	14.0
131.0	25.0
132.0	38.0
133.0	13.0
134.0	18.0
135.0	23.0
136.0	68.0
137.0	31.0
138.0	22.0
139.0	33.0
140.0	20.0
141.0	44.0
142.0	14.0
143.0	16.0
144.0	13.0
145.0	19.0
146.0	7.0
147.0	30.0
148.0	32.0
149.0	17.0
150.0	34.0
151.0	49.0
152.0	20.0
153.0	18.0
154.0	8.0
155.0	166.0
156.0	22.0
157.0	11.0
158.0	22.0
159.0	33.0
160.0	25.0
161.0	16.0
162.0	17.0
163.0	26.0
164.0	9.0
165.0	20.0
166.0	23.0
167.0	20.0
168.0	36.0
169.0	58.0
170.0	20.0
171.0	23.0
172.0	12.0
173.0	20.0
174.0	33.0
175.0	23.0
176.0	24.0
177.0	15.0
178.0	12.0
179.0	35.0
180.0	5508.0
181.0	2965.0
182.0	27.0
183.0	16.0
184.0	18.0
185.0	34.0
186.0	51.0
187.0	4086.0
188.0	19.0
189.0	20.0
190.0	29.0
191.0	3700.0
192.0	13.0
193.0	19.0
194.0	20.0
195.0	22.0
196.0	5533.0
197.0	37.0
198.0	3234.0
199.0	4205.0
200.0	71.0
201.0	8.0
202.0	14.0
203.0	217.0
204.0	23.0
205.0	29.0
206.0	52.0
207.0	70.0
208.0	120.0
209.0	39.0
210.0	64.0
211.0	43.0
212.0	64.0
213.0	84.0
214.0	42.0
215.0	163.0
216.0	22762.0
217.0	18573.0
218.0	15230.0
219.0	20169.0
220.0	11030.0
221.0	11711.0
222.0	17891.0
223.0	21867.0
224.0	3604.0
225.0	8622.0
226.0	15274.0
227.0	15594.0
228.0	6197.0
229.0	21896.0
230.0	15636.0
231.0	11902.0
232.0	5303.0
233.0	14733.0
234.0	36009.0
235.0	27080.0
236.0	21278.0
237.0	17357.0
238.0	19312.0
239.0	17732.0
240.0	47896.0
241.0	178.0
242.0	2002.0
243.0	18.0
244.0	2314.0
245.0	1779.0
246.0	62.0
247.0	19.0
248.0	23.0
249.0	2340.0
250.0	3932.0
251.0	31.0
252.0	122.0
253.0	3449.0
254.0	17.0
255.0	242.0
256.0	2531.0
257.0	146.0
258.0	3010.0
259.0	17.0
260.0	20.0
261.0	38.0
262.0	36.0
263.0	3775.0
264.0	30.0
265.0	39.0
266.0	52.0
267.0	1086.0
268.0	30.0
269.0	130.0
270.0	16399.0
271.0	6642.0
272.0	6595.0
273.0	1703.0
274.0	13242.0
275.0	9314.0
276.0	9920.0
277.0	4205.0
278.0	6726.0
279.0	8004.0
280.0	2398.0
281.0	3104.0
282.0	1129.0
283.0	11144.0
284.0	8117.0
285.0	7691.0
286.0	11655.0
287.0	6164.0
288.0	3272.0
289.0	4996.0
290.0	3593.0
291.0	9208.0
292.0	2144.0
293.0	5331.0
294.0	6633.0
295.0	5742.0
296.0	8992.0
297.0	7356.0
298.0	7997.0
299.0	10839.0
300.0	20503.0
301.0	61.0
302.0	12.0
303.0	18.0
304.0	20.0
305.0	11.0
306.0	56.0
307.0	3158.0
308.0	748.0
309.0	84.0
310.0	677.0
311.0	322.0
312.0	48.0
313.0	90.0
314.0	97.0
315.0	9423.0
316.0	4412.0
317.0	3842.0
318.0	3975.0
319.0	772.0
320.0	4238.0
321.0	4822.0
322.0	5712.0
323.0	1444.0
324.0	2599.0
325.0	5424.0
326.0	9077.0
327.0	12557.0
328.0	8649.0
329.0	6720.0
330.0	2621.0
331.0	8040.0
332.0	816.0
333.0	180.0
334.0	11807.0
335.0	13273.0
336.0	2625.0
337.0	3214.0
338.0	3534.0
339.0	10001.0
340.0	5474.0
341.0	961.0
342.0	5976.0
343.0	2961.0
344.0	2570.0
345.0	7114.0
346.0	9800.0
347.0	6361.0
348.0	6208.0
349.0	7953.0
350.0	17101.0
351.0	1305.0
352.0	26.0
354.0	13.0
355.0	31.0
356.0	37.0
357.0	7.0
358.0	37.0
359.0	38.0
360.0	13.0
361.0	6.0
362.0	127.0
363.0	14.0
364.0	15.0
365.0	5.0
366.0	28.0
367.0	25.0
368.0	51.0
369.0	28.0
370.0	8.0
371.0	29.0
372.0	7.0
373.0	2.0
374.0	17.0
375.0	5.0
376.0	14.0
377.0	2.0
378.0	5.0
379.0	7.0
380.0	10.0
381.0	10.0
382.0	54.0
383.0	21.0
384.0	45.0
385.0	1.0
386.0	5.0
387.0	7.0
389.0	3.0
390.0	22.0
391.0	11.0
393.0	11.0
394.0	17.0
395.0	9.0
396.0	1.0
397.0	2.0
398.0	4.0
399.0	8.0
403.0	27.0
404.0	15.0
406.0	3.0
407.0	2.0
408.0	11.0
409.0	29.0
410.0	9.0
411.0	27.0
412.0	4.0
413.0	1.0
414.0	35.0
415.0	7.0
418.0	3.0
419.0	18.0
420.0	2.0
421.0	28.0
424.0	1.0
425.0	1.0
426.0	35.0
428.0	21.0
430.0	1.0
431.0	25.0
432.0	30.0
433.0	5.0
435.0	36.0
436.0	21.0
437.0	8.0
439.0	37.0
440.0	5.0
441.0	1.0
442.0	7.0
443.0	31.0
444.0	2.0
445.0	3.0
446.0	6.0
447.0	6.0
448.0	51.0
449.0	120.0
451.0	8.0
452.0	698.0
453.0	1.0
454.0	26.0
455.0	12.0
456.0	22.0
457.0	2.0
458.0	24.0
459.0	16.0
460.0	9.0
461.0	33.0
462.0	9.0
463.0	7.0
464.0	1.0
465.0	1.0
466.0	1.0
467.0	12.0
468.0	1.0
470.0	2.0
471.0	67.0
472.0	15.0
473.0	2.0
474.0	1.0
475.0	22.0
476.0	47.0
480.0	3.0
483.0	4.0
484.0	1.0
486.0	13.0
487.0	6.0
488.0	1.0
489.0	12.0
491.0	8.0
493.0	14.0
495.0	18.0
496.0	3.0
497.0	8.0
499.0	10.0
500.0	1.0
505.0	10.0
506.0	16.0
507.0	1.0
509.0	7.0
510.0	1.0
511.0	5.0
514.0	4.0
516.0	1.0
517.0	2.0
518.0	10.0
523.0	3.0
528.0	3.0
529.0	12.0
530.0	1.0
531.0	1.0
532.0	18.0
534.0	7.0
535.0	3.0
536.0	17.0
538.0	1.0
539.0	1.0
540.0	1.0
543.0	3.0
544.0	2.0
545.0	2.0
546.0	2.0
547.0	24.0
548.0	9.0
550.0	22.0
552.0	3.0
555.0	4.0
556.0	8.0
557.0	4.0
558.0	4.0
559.0	8.0
560.0	1.0
562.0	2.0
563.0	6.0
567.0	4.0
568.0	9.0
569.0	3.0
570.0	22.0
571.0	2.0
572.0	2.0
573.0	3.0
574.0	4.0
575.0	2.0
576.0	1.0
577.0	2.0
578.0	5.0
579.0	2.0
580.0	1.0
582.0	2.0
584.0	5.0
585.0	8.0
588.0	30.0
589.0	1.0
590.0	1.0
592.0	1.0
593.0	1.0
596.0	3.0
597.0	7.0
599.0	1.0
