#Coverage	Number of genomic locations
0.0	3.209178424E9
1.0	58299.0
2.0	32041.0
3.0	3807.0
4.0	10535.0
5.0	1629.0
6.0	4781.0
7.0	835.0
8.0	2421.0
9.0	884.0
10.0	1405.0
11.0	585.0
12.0	730.0
13.0	761.0
14.0	1953.0
15.0	730.0
16.0	527.0
17.0	841.0
18.0	640.0
19.0	571.0
20.0	1176.0
21.0	409.0
22.0	1495.0
23.0	413.0
24.0	536.0
25.0	414.0
26.0	44.0
27.0	145.0
28.0	692.0
29.0	268.0
30.0	251.0
31.0	357.0
32.0	514.0
33.0	108.0
34.0	158.0
35.0	175.0
36.0	115.0
37.0	217.0
38.0	35.0
39.0	160.0
40.0	461.0
41.0	14.0
42.0	387.0
43.0	367.0
44.0	216.0
45.0	197.0
46.0	61.0
47.0	167.0
48.0	236.0
49.0	324.0
50.0	208.0
51.0	14.0
52.0	22.0
53.0	73.0
54.0	387.0
55.0	21.0
56.0	475.0
57.0	138.0
58.0	150.0
59.0	273.0
60.0	738.0
61.0	103.0
62.0	34.0
63.0	51.0
64.0	178.0
65.0	219.0
66.0	137.0
67.0	160.0
68.0	5.0
69.0	80.0
70.0	33.0
71.0	83.0
72.0	405.0
73.0	265.0
74.0	317.0
75.0	67.0
76.0	252.0
77.0	195.0
78.0	22.0
79.0	252.0
80.0	295.0
81.0	55.0
82.0	226.0
83.0	541.0
84.0	505.0
85.0	302.0
86.0	65.0
87.0	35.0
88.0	197.0
89.0	146.0
90.0	269.0
91.0	233.0
92.0	37.0
93.0	39.0
94.0	11.0
95.0	114.0
96.0	173.0
97.0	125.0
98.0	749.0
99.0	188.0
100.0	163.0
101.0	51.0
102.0	21.0
103.0	350.0
104.0	230.0
105.0	100.0
106.0	109.0
107.0	111.0
108.0	414.0
109.0	94.0
110.0	241.0
111.0	286.0
112.0	143.0
113.0	183.0
114.0	146.0
115.0	22.0
116.0	288.0
117.0	175.0
118.0	530.0
119.0	10.0
120.0	302.0
121.0	229.0
122.0	12.0
123.0	19.0
124.0	46.0
125.0	77.0
126.0	68.0
127.0	292.0
128.0	443.0
129.0	206.0
130.0	121.0
131.0	213.0
132.0	249.0
133.0	272.0
134.0	356.0
135.0	38.0
136.0	113.0
137.0	77.0
139.0	34.0
140.0	40.0
141.0	54.0
142.0	287.0
143.0	365.0
144.0	406.0
145.0	185.0
146.0	64.0
147.0	52.0
148.0	45.0
149.0	69.0
150.0	126.0
151.0	412.0
152.0	174.0
153.0	161.0
154.0	60.0
155.0	130.0
156.0	182.0
157.0	262.0
158.0	192.0
159.0	272.0
160.0	85.0
161.0	204.0
162.0	33.0
163.0	522.0
164.0	197.0
165.0	267.0
166.0	67.0
167.0	441.0
168.0	294.0
169.0	81.0
170.0	85.0
171.0	125.0
172.0	99.0
173.0	28.0
174.0	153.0
175.0	174.0
176.0	182.0
177.0	40.0
178.0	72.0
179.0	232.0
180.0	10.0
181.0	26.0
183.0	4.0
184.0	9.0
185.0	14.0
186.0	7.0
187.0	67.0
188.0	28.0
189.0	133.0
190.0	5.0
191.0	37.0
192.0	26.0
193.0	16.0
194.0	90.0
195.0	160.0
196.0	147.0
197.0	244.0
198.0	130.0
199.0	190.0
200.0	250.0
201.0	88.0
202.0	78.0
203.0	6.0
204.0	9.0
205.0	113.0
206.0	118.0
207.0	66.0
208.0	115.0
209.0	45.0
210.0	83.0
211.0	225.0
212.0	98.0
213.0	34.0
214.0	273.0
215.0	225.0
216.0	138.0
217.0	102.0
218.0	150.0
219.0	79.0
220.0	93.0
221.0	6.0
222.0	24.0
223.0	48.0
224.0	139.0
225.0	57.0
226.0	87.0
227.0	262.0
228.0	160.0
229.0	98.0
230.0	139.0
231.0	106.0
232.0	123.0
233.0	26.0
234.0	57.0
235.0	212.0
236.0	92.0
237.0	18.0
238.0	101.0
239.0	34.0
240.0	52.0
241.0	125.0
242.0	388.0
243.0	96.0
244.0	23.0
245.0	197.0
246.0	27.0
247.0	159.0
248.0	7.0
249.0	69.0
250.0	87.0
251.0	74.0
252.0	311.0
253.0	122.0
254.0	220.0
255.0	14.0
256.0	43.0
257.0	339.0
258.0	109.0
259.0	20.0
260.0	63.0
261.0	43.0
262.0	13.0
263.0	24.0
264.0	2.0
265.0	19.0
266.0	98.0
267.0	232.0
268.0	170.0
269.0	16.0
270.0	27.0
271.0	154.0
272.0	246.0
274.0	5.0
275.0	60.0
276.0	93.0
277.0	61.0
278.0	5.0
279.0	12.0
280.0	51.0
281.0	70.0
282.0	3.0
283.0	22.0
284.0	61.0
285.0	53.0
286.0	151.0
287.0	148.0
288.0	16.0
289.0	198.0
290.0	28.0
291.0	169.0
292.0	194.0
293.0	109.0
294.0	56.0
295.0	61.0
296.0	75.0
297.0	65.0
298.0	198.0
299.0	33.0
300.0	12.0
301.0	149.0
302.0	37.0
303.0	26.0
304.0	245.0
305.0	54.0
306.0	161.0
307.0	298.0
308.0	198.0
309.0	363.0
310.0	37.0
311.0	207.0
312.0	217.0
313.0	235.0
314.0	237.0
315.0	387.0
316.0	165.0
317.0	300.0
318.0	233.0
319.0	92.0
320.0	35.0
321.0	53.0
322.0	32.0
323.0	215.0
324.0	101.0
325.0	135.0
326.0	247.0
327.0	116.0
328.0	55.0
329.0	40.0
330.0	31.0
331.0	109.0
332.0	20.0
333.0	102.0
334.0	68.0
335.0	71.0
336.0	183.0
337.0	183.0
338.0	180.0
339.0	293.0
340.0	66.0
341.0	5.0
342.0	9.0
343.0	18.0
344.0	46.0
345.0	111.0
346.0	283.0
347.0	51.0
348.0	45.0
349.0	106.0
350.0	127.0
351.0	150.0
352.0	159.0
353.0	160.0
354.0	175.0
355.0	107.0
356.0	93.0
357.0	13.0
358.0	53.0
359.0	114.0
360.0	7.0
361.0	106.0
362.0	27.0
363.0	9.0
364.0	44.0
365.0	24.0
366.0	107.0
367.0	109.0
368.0	218.0
369.0	183.0
370.0	4.0
371.0	55.0
372.0	98.0
373.0	57.0
374.0	36.0
375.0	80.0
376.0	12.0
377.0	47.0
378.0	35.0
379.0	54.0
380.0	12.0
381.0	24.0
382.0	152.0
383.0	257.0
384.0	62.0
385.0	78.0
386.0	32.0
387.0	224.0
388.0	70.0
389.0	60.0
390.0	228.0
391.0	131.0
392.0	34.0
393.0	146.0
394.0	112.0
395.0	167.0
396.0	111.0
397.0	91.0
398.0	66.0
399.0	62.0
400.0	18.0
401.0	19.0
402.0	18.0
403.0	40.0
404.0	3.0
405.0	6.0
406.0	2.0
407.0	18.0
408.0	5.0
409.0	16.0
410.0	39.0
411.0	126.0
412.0	144.0
413.0	41.0
414.0	27.0
415.0	17.0
416.0	91.0
417.0	31.0
418.0	28.0
419.0	88.0
420.0	53.0
421.0	149.0
422.0	155.0
423.0	244.0
424.0	2.0
425.0	6.0
426.0	9.0
427.0	13.0
428.0	19.0
429.0	29.0
430.0	72.0
431.0	142.0
432.0	88.0
433.0	208.0
434.0	124.0
435.0	72.0
436.0	5.0
437.0	4.0
438.0	18.0
439.0	182.0
440.0	1.0
441.0	32.0
442.0	1.0
443.0	3.0
444.0	3.0
445.0	30.0
446.0	4.0
447.0	7.0
448.0	25.0
449.0	20.0
450.0	111.0
451.0	35.0
452.0	6.0
453.0	85.0
454.0	80.0
455.0	52.0
456.0	149.0
457.0	125.0
458.0	22.0
459.0	224.0
460.0	48.0
461.0	10.0
462.0	28.0
463.0	117.0
464.0	84.0
465.0	2.0
466.0	8.0
467.0	5.0
468.0	2.0
469.0	6.0
470.0	14.0
471.0	63.0
472.0	19.0
473.0	8.0
475.0	3.0
476.0	7.0
477.0	8.0
478.0	9.0
479.0	171.0
480.0	41.0
481.0	41.0
482.0	46.0
483.0	123.0
484.0	87.0
485.0	120.0
486.0	35.0
487.0	64.0
488.0	53.0
489.0	90.0
490.0	60.0
491.0	51.0
492.0	148.0
493.0	7.0
494.0	33.0
495.0	41.0
496.0	72.0
497.0	66.0
498.0	27.0
499.0	114.0
500.0	88.0
501.0	96.0
502.0	2.0
503.0	58.0
504.0	90.0
505.0	123.0
506.0	45.0
507.0	23.0
508.0	53.0
509.0	53.0
510.0	148.0
511.0	36.0
512.0	5.0
513.0	16.0
514.0	6.0
515.0	70.0
516.0	18.0
517.0	2.0
518.0	3.0
519.0	6.0
520.0	58.0
521.0	49.0
522.0	6.0
523.0	6.0
524.0	27.0
525.0	42.0
526.0	32.0
527.0	84.0
528.0	98.0
529.0	5.0
530.0	38.0
531.0	68.0
532.0	101.0
533.0	19.0
534.0	9.0
535.0	102.0
536.0	74.0
537.0	34.0
538.0	27.0
539.0	26.0
540.0	2.0
541.0	4.0
542.0	59.0
543.0	5.0
544.0	21.0
545.0	42.0
546.0	10.0
547.0	56.0
548.0	32.0
549.0	74.0
550.0	117.0
551.0	93.0
552.0	72.0
553.0	110.0
554.0	53.0
555.0	91.0
556.0	57.0
557.0	96.0
558.0	67.0
559.0	39.0
560.0	26.0
561.0	1.0
562.0	4.0
563.0	3.0
565.0	10.0
566.0	1.0
567.0	21.0
568.0	3.0
569.0	13.0
570.0	5.0
571.0	43.0
572.0	40.0
573.0	2.0
574.0	3.0
575.0	19.0
576.0	21.0
577.0	151.0
578.0	97.0
579.0	139.0
580.0	38.0
581.0	136.0
582.0	159.0
583.0	11.0
584.0	7.0
585.0	24.0
586.0	107.0
587.0	12.0
588.0	27.0
589.0	3.0
590.0	46.0
591.0	26.0
592.0	83.0
593.0	23.0
594.0	5.0
595.0	18.0
596.0	32.0
597.0	59.0
598.0	154.0
599.0	12.0
600.0	48.0
601.0	57.0
602.0	63.0
603.0	3.0
604.0	7.0
605.0	9.0
606.0	4.0
607.0	11.0
608.0	32.0
609.0	124.0
610.0	81.0
611.0	73.0
612.0	127.0
613.0	100.0
614.0	50.0
615.0	44.0
616.0	38.0
617.0	36.0
618.0	65.0
619.0	56.0
620.0	9.0
621.0	24.0
622.0	44.0
623.0	3.0
624.0	1.0
625.0	2.0
626.0	2.0
627.0	32.0
628.0	4.0
629.0	3.0
630.0	5.0
631.0	7.0
632.0	24.0
633.0	129.0
634.0	1.0
635.0	3.0
636.0	9.0
637.0	1.0
638.0	7.0
639.0	5.0
640.0	4.0
641.0	18.0
642.0	14.0
643.0	40.0
644.0	133.0
645.0	213.0
646.0	55.0
647.0	90.0
648.0	89.0
649.0	20.0
650.0	3.0
651.0	1.0
652.0	21.0
653.0	20.0
654.0	40.0
655.0	139.0
656.0	62.0
657.0	103.0
658.0	135.0
659.0	66.0
660.0	52.0
661.0	1.0
662.0	6.0
663.0	21.0
664.0	1.0
665.0	2.0
666.0	5.0
667.0	17.0
668.0	38.0
669.0	4.0
670.0	56.0
671.0	15.0
672.0	4.0
673.0	8.0
674.0	5.0
675.0	5.0
676.0	98.0
677.0	34.0
678.0	51.0
679.0	6.0
680.0	28.0
681.0	71.0
682.0	32.0
683.0	24.0
684.0	105.0
685.0	17.0
686.0	14.0
687.0	3.0
688.0	5.0
689.0	4.0
690.0	74.0
691.0	8.0
693.0	2.0
694.0	12.0
695.0	18.0
696.0	23.0
697.0	27.0
698.0	19.0
699.0	56.0
700.0	47.0
701.0	53.0
702.0	51.0
703.0	31.0
704.0	91.0
705.0	5.0
706.0	83.0
707.0	21.0
708.0	11.0
709.0	19.0
710.0	84.0
711.0	6.0
712.0	9.0
713.0	10.0
714.0	79.0
715.0	69.0
716.0	14.0
717.0	58.0
718.0	18.0
719.0	24.0
720.0	75.0
721.0	20.0
722.0	30.0
723.0	5.0
724.0	8.0
725.0	8.0
726.0	42.0
727.0	64.0
728.0	50.0
729.0	7.0
730.0	9.0
731.0	4.0
732.0	20.0
733.0	114.0
734.0	71.0
735.0	4.0
736.0	92.0
737.0	14.0
738.0	8.0
739.0	5.0
740.0	16.0
741.0	4.0
742.0	14.0
743.0	12.0
744.0	25.0
745.0	65.0
746.0	58.0
747.0	63.0
748.0	74.0
749.0	143.0
750.0	68.0
751.0	5.0
752.0	25.0
753.0	83.0
754.0	108.0
755.0	14.0
756.0	31.0
757.0	46.0
758.0	52.0
759.0	74.0
760.0	82.0
761.0	12.0
762.0	4.0
763.0	32.0
764.0	1.0
765.0	1.0
766.0	4.0
767.0	4.0
768.0	3.0
769.0	6.0
770.0	9.0
771.0	52.0
772.0	35.0
773.0	16.0
774.0	23.0
775.0	23.0
776.0	7.0
777.0	3.0
778.0	10.0
779.0	10.0
780.0	44.0
781.0	42.0
782.0	19.0
783.0	29.0
784.0	26.0
785.0	58.0
786.0	49.0
787.0	15.0
788.0	55.0
789.0	17.0
790.0	30.0
791.0	134.0
792.0	18.0
793.0	11.0
794.0	28.0
795.0	78.0
796.0	36.0
797.0	5.0
798.0	18.0
799.0	70.0
800.0	34.0
801.0	1.0
802.0	1.0
803.0	1.0
804.0	20.0
805.0	2.0
806.0	4.0
807.0	2.0
808.0	19.0
809.0	5.0
810.0	18.0
811.0	73.0
812.0	33.0
813.0	123.0
814.0	34.0
815.0	17.0
816.0	7.0
817.0	12.0
818.0	57.0
819.0	93.0
820.0	44.0
821.0	78.0
822.0	2.0
823.0	8.0
824.0	18.0
825.0	33.0
826.0	4.0
827.0	6.0
828.0	14.0
829.0	28.0
830.0	43.0
831.0	171.0
832.0	97.0
833.0	43.0
834.0	18.0
835.0	27.0
836.0	69.0
837.0	70.0
838.0	66.0
839.0	58.0
840.0	48.0
841.0	15.0
842.0	1.0
843.0	9.0
844.0	7.0
845.0	12.0
846.0	9.0
847.0	17.0
848.0	10.0
849.0	23.0
850.0	87.0
851.0	96.0
852.0	76.0
853.0	128.0
854.0	119.0
855.0	26.0
856.0	4.0
857.0	93.0
858.0	14.0
859.0	15.0
860.0	45.0
861.0	44.0
862.0	25.0
863.0	4.0
864.0	14.0
865.0	5.0
866.0	11.0
867.0	16.0
868.0	17.0
869.0	70.0
870.0	37.0
871.0	119.0
872.0	75.0
873.0	48.0
874.0	72.0
875.0	59.0
876.0	45.0
877.0	30.0
878.0	103.0
879.0	88.0
880.0	88.0
881.0	94.0
882.0	117.0
883.0	85.0
884.0	21.0
885.0	196.0
886.0	23.0
887.0	9.0
888.0	44.0
889.0	48.0
890.0	45.0
891.0	105.0
892.0	73.0
893.0	63.0
894.0	18.0
895.0	9.0
896.0	7.0
897.0	10.0
898.0	25.0
899.0	80.0
900.0	20.0
901.0	35.0
902.0	45.0
903.0	50.0
904.0	10.0
905.0	14.0
906.0	5.0
907.0	1.0
908.0	4.0
909.0	4.0
910.0	21.0
911.0	70.0
912.0	7.0
913.0	8.0
914.0	33.0
915.0	20.0
916.0	43.0
917.0	45.0
918.0	19.0
919.0	14.0
920.0	70.0
921.0	9.0
922.0	67.0
923.0	87.0
924.0	97.0
925.0	53.0
926.0	38.0
927.0	34.0
928.0	21.0
929.0	41.0
930.0	53.0
931.0	120.0
932.0	75.0
933.0	32.0
934.0	57.0
935.0	35.0
936.0	63.0
937.0	142.0
938.0	151.0
939.0	24.0
940.0	33.0
941.0	53.0
942.0	41.0
943.0	5.0
944.0	9.0
945.0	10.0
946.0	19.0
947.0	1.0
948.0	9.0
949.0	14.0
950.0	7.0
951.0	11.0
952.0	9.0
953.0	37.0
954.0	19.0
955.0	30.0
956.0	58.0
957.0	23.0
958.0	96.0
959.0	87.0
960.0	57.0
961.0	53.0
962.0	79.0
963.0	93.0
964.0	63.0
965.0	31.0
966.0	31.0
967.0	37.0
968.0	77.0
969.0	35.0
970.0	44.0
971.0	3.0
972.0	5.0
973.0	5.0
974.0	3.0
975.0	6.0
976.0	10.0
977.0	9.0
978.0	14.0
979.0	10.0
980.0	14.0
981.0	34.0
982.0	49.0
983.0	46.0
984.0	74.0
985.0	60.0
986.0	35.0
987.0	62.0
988.0	117.0
989.0	67.0
990.0	17.0
991.0	53.0
992.0	37.0
993.0	12.0
994.0	16.0
995.0	25.0
996.0	13.0
997.0	11.0
998.0	48.0
999.0	48.0
1000.0	37.0
1001.0	6.0
1002.0	33.0
1003.0	30.0
1004.0	74.0
1005.0	35.0
1006.0	6.0
1007.0	21.0
1008.0	38.0
1009.0	52.0
1010.0	25.0
1011.0	19.0
1012.0	22.0
1013.0	21.0
1014.0	29.0
1015.0	2.0
1016.0	4.0
1017.0	1.0
1018.0	7.0
1019.0	1.0
1020.0	1.0
1021.0	11.0
1022.0	14.0
1023.0	25.0
1024.0	35.0
1025.0	7.0
1026.0	16.0
1027.0	25.0
1028.0	25.0
1029.0	5.0
1030.0	40.0
1031.0	52.0
1032.0	11.0
1033.0	15.0
1034.0	20.0
1035.0	6.0
1036.0	22.0
1037.0	3.0
1038.0	5.0
1039.0	5.0
1040.0	20.0
1041.0	21.0
1042.0	21.0
1043.0	111.0
1044.0	43.0
1045.0	53.0
1046.0	64.0
1047.0	79.0
1048.0	70.0
1049.0	43.0
1050.0	34.0
1051.0	31.0
1052.0	112.0
1053.0	78.0
1054.0	20.0
1055.0	82.0
1056.0	36.0
1057.0	143.0
1058.0	78.0
1059.0	48.0
1060.0	15.0
1061.0	22.0
1062.0	2.0
1063.0	14.0
1064.0	5.0
1065.0	5.0
1066.0	7.0
1067.0	12.0
1068.0	14.0
1069.0	27.0
1070.0	7.0
1071.0	13.0
1072.0	16.0
1073.0	36.0
1074.0	34.0
1075.0	63.0
1076.0	48.0
1077.0	53.0
1078.0	29.0
1079.0	61.0
1080.0	59.0
1081.0	73.0
1082.0	49.0
1083.0	32.0
1084.0	15.0
1085.0	29.0
1086.0	32.0
1087.0	16.0
1088.0	22.0
1089.0	40.0
1090.0	116.0
1091.0	103.0
1092.0	47.0
1093.0	57.0
1094.0	67.0
1095.0	70.0
1096.0	120.0
1097.0	12.0
1098.0	81.0
1099.0	51.0
1100.0	16.0
1101.0	18.0
1102.0	4.0
1103.0	1.0
1104.0	2.0
1105.0	3.0
1106.0	6.0
1107.0	2.0
1108.0	1.0
1109.0	14.0
1110.0	7.0
1111.0	3.0
1112.0	2.0
1113.0	9.0
1114.0	25.0
1115.0	67.0
1116.0	30.0
1117.0	13.0
1118.0	12.0
1119.0	28.0
1120.0	3.0
1121.0	8.0
1122.0	8.0
1123.0	42.0
1124.0	26.0
1125.0	5.0
1126.0	6.0
1127.0	2.0
1128.0	4.0
1129.0	6.0
1130.0	6.0
1131.0	11.0
1132.0	10.0
1133.0	7.0
1134.0	14.0
1135.0	79.0
1136.0	16.0
1137.0	72.0
1138.0	8.0
1139.0	10.0
1140.0	6.0
1141.0	14.0
1142.0	57.0
1143.0	33.0
1144.0	3.0
1145.0	21.0
1146.0	80.0
1147.0	23.0
1148.0	58.0
1149.0	47.0
1150.0	43.0
1151.0	24.0
1152.0	33.0
1153.0	1.0
1154.0	4.0
1155.0	9.0
1156.0	13.0
1157.0	10.0
1158.0	17.0
1159.0	3.0
1160.0	39.0
1161.0	33.0
1162.0	5.0
1163.0	4.0
1164.0	10.0
1165.0	26.0
1166.0	3.0
1167.0	6.0
1168.0	2.0
1169.0	46.0
1170.0	14.0
1171.0	33.0
1172.0	29.0
1173.0	19.0
1174.0	35.0
1175.0	15.0
1176.0	23.0
1177.0	40.0
1178.0	28.0
1179.0	37.0
1180.0	21.0
1181.0	39.0
1182.0	29.0
1183.0	27.0
1184.0	8.0
1185.0	38.0
1186.0	63.0
1187.0	134.0
1188.0	70.0
1189.0	125.0
1190.0	20.0
1191.0	27.0
1192.0	23.0
1193.0	73.0
1194.0	74.0
1195.0	86.0
1196.0	40.0
1197.0	13.0
1198.0	27.0
1199.0	15.0
1200.0	7.0
1201.0	10.0
1202.0	12.0
1203.0	14.0
1204.0	20.0
1205.0	23.0
1206.0	22.0
1207.0	28.0
1208.0	34.0
1209.0	82.0
1210.0	27.0
1211.0	34.0
1212.0	28.0
1213.0	36.0
1214.0	24.0
1215.0	66.0
1216.0	28.0
1217.0	34.0
1218.0	22.0
1219.0	22.0
1220.0	13.0
1221.0	13.0
1222.0	5.0
1223.0	25.0
1224.0	13.0
1225.0	6.0
1226.0	2.0
1227.0	1.0
1229.0	4.0
1230.0	2.0
1232.0	1.0
1233.0	3.0
1234.0	1.0
1235.0	5.0
1236.0	2.0
1237.0	28.0
1238.0	7.0
1239.0	7.0
1240.0	5.0
1241.0	2.0
1242.0	19.0
1243.0	14.0
1244.0	18.0
1245.0	4.0
1246.0	14.0
1247.0	13.0
1248.0	39.0
1249.0	53.0
1250.0	25.0
1251.0	55.0
1252.0	46.0
1253.0	33.0
1254.0	26.0
1255.0	4.0
1256.0	2.0
1257.0	4.0
1258.0	6.0
1259.0	10.0
1260.0	20.0
1261.0	9.0
1262.0	17.0
1263.0	63.0
1264.0	7.0
1265.0	26.0
1266.0	23.0
1267.0	2.0
1268.0	13.0
1269.0	9.0
1270.0	8.0
1271.0	4.0
1272.0	9.0
1273.0	11.0
1274.0	6.0
1275.0	2.0
1276.0	7.0
1277.0	6.0
1278.0	9.0
1279.0	7.0
1280.0	7.0
1281.0	9.0
1282.0	10.0
1283.0	16.0
1284.0	19.0
1285.0	38.0
1286.0	27.0
1287.0	59.0
1288.0	69.0
1289.0	35.0
1290.0	47.0
1291.0	49.0
1292.0	105.0
1293.0	42.0
1294.0	33.0
1295.0	64.0
1296.0	40.0
1297.0	111.0
1298.0	120.0
1299.0	46.0
1300.0	40.0
1301.0	48.0
1302.0	53.0
1303.0	61.0
1304.0	93.0
1305.0	135.0
1306.0	22.0
1307.0	10.0
1308.0	2.0
1309.0	7.0
1310.0	4.0
1311.0	6.0
1312.0	5.0
1313.0	4.0
1314.0	13.0
1315.0	24.0
1316.0	53.0
1317.0	33.0
1318.0	45.0
1319.0	23.0
1320.0	89.0
1321.0	26.0
1322.0	34.0
1323.0	6.0
1324.0	17.0
1325.0	26.0
1326.0	28.0
1327.0	7.0
1328.0	3.0
1329.0	4.0
1330.0	8.0
1331.0	8.0
1332.0	24.0
1333.0	31.0
1334.0	37.0
1335.0	23.0
1336.0	6.0
1337.0	10.0
1338.0	5.0
1339.0	25.0
1340.0	33.0
1341.0	28.0
1342.0	54.0
1343.0	78.0
1344.0	237.0
1345.0	97.0
1346.0	155.0
1347.0	27.0
1348.0	54.0
1349.0	49.0
1350.0	32.0
1351.0	50.0
1352.0	15.0
1353.0	55.0
1354.0	46.0
1355.0	3.0
1356.0	2.0
1357.0	10.0
1358.0	9.0
1359.0	35.0
1360.0	32.0
1361.0	39.0
1362.0	14.0
1363.0	38.0
1364.0	98.0
1365.0	101.0
1366.0	21.0
1367.0	16.0
1368.0	51.0
1369.0	33.0
1370.0	24.0
1371.0	16.0
1372.0	19.0
1373.0	12.0
1374.0	6.0
1375.0	31.0
1376.0	6.0
1377.0	51.0
1378.0	4.0
1379.0	14.0
1380.0	23.0
1381.0	14.0
1382.0	2.0
1383.0	2.0
1384.0	4.0
1385.0	4.0
1386.0	13.0
1387.0	13.0
1388.0	10.0
1389.0	11.0
1390.0	42.0
1391.0	26.0
1392.0	90.0
1393.0	44.0
1394.0	89.0
1395.0	7.0
1396.0	6.0
1397.0	3.0
1398.0	10.0
1399.0	2.0
1400.0	3.0
1401.0	8.0
1402.0	15.0
1403.0	7.0
1404.0	3.0
1405.0	7.0
1406.0	19.0
1407.0	19.0
1408.0	38.0
1409.0	32.0
1410.0	23.0
1411.0	42.0
1412.0	93.0
1413.0	59.0
1414.0	38.0
1415.0	16.0
1416.0	32.0
1417.0	17.0
1419.0	11.0
1420.0	5.0
1421.0	12.0
1422.0	34.0
1423.0	6.0
1424.0	3.0
1425.0	15.0
1426.0	16.0
1427.0	40.0
1428.0	18.0
1429.0	105.0
1430.0	92.0
1431.0	53.0
1432.0	52.0
1433.0	53.0
1434.0	29.0
1435.0	22.0
1436.0	21.0
1437.0	26.0
1438.0	27.0
1439.0	24.0
1440.0	12.0
1441.0	73.0
1442.0	45.0
1443.0	118.0
1444.0	19.0
1445.0	22.0
1446.0	15.0
1447.0	33.0
1448.0	28.0
1449.0	93.0
1450.0	11.0
1451.0	9.0
1452.0	23.0
1453.0	7.0
1454.0	11.0
1455.0	21.0
1456.0	31.0
1457.0	33.0
1458.0	93.0
1459.0	25.0
1460.0	34.0
1461.0	27.0
1462.0	6.0
1463.0	27.0
1464.0	6.0
1465.0	24.0
1466.0	2.0
1467.0	5.0
1469.0	4.0
1470.0	1.0
1471.0	10.0
1472.0	24.0
1473.0	5.0
1474.0	6.0
1475.0	7.0
1476.0	17.0
1477.0	9.0
1478.0	46.0
1479.0	112.0
1480.0	31.0
1481.0	15.0
1482.0	21.0
1483.0	13.0
1484.0	27.0
1485.0	31.0
1486.0	29.0
1487.0	20.0
1488.0	59.0
1489.0	48.0
1490.0	24.0
1491.0	21.0
1492.0	104.0
1493.0	72.0
1494.0	61.0
1495.0	46.0
1496.0	5.0
1497.0	9.0
1498.0	3.0
1499.0	9.0
1500.0	4.0
1501.0	12.0
1502.0	55.0
1503.0	41.0
1504.0	3.0
1505.0	13.0
1506.0	27.0
1507.0	6.0
1508.0	2.0
1509.0	6.0
1510.0	20.0
1511.0	3.0
1512.0	27.0
1513.0	5.0
1514.0	8.0
1515.0	34.0
1516.0	2.0
1517.0	15.0
1520.0	1.0
1522.0	3.0
1525.0	2.0
1526.0	3.0
1527.0	6.0
1528.0	18.0
1530.0	8.0
1531.0	36.0
1532.0	5.0
1533.0	4.0
1534.0	1.0
1535.0	1.0
1537.0	1.0
1539.0	3.0
1540.0	16.0
1541.0	4.0
1542.0	4.0
1543.0	36.0
1544.0	7.0
1545.0	21.0
1546.0	15.0
1547.0	24.0
1548.0	12.0
1549.0	16.0
1550.0	13.0
1551.0	6.0
1552.0	7.0
1553.0	2.0
1555.0	3.0
1556.0	4.0
1557.0	8.0
1558.0	20.0
1559.0	7.0
1560.0	3.0
1561.0	1.0
1562.0	1.0
1563.0	3.0
1564.0	3.0
1565.0	19.0
1566.0	41.0
1567.0	2.0
1568.0	6.0
1569.0	23.0
1570.0	27.0
1571.0	22.0
1572.0	79.0
1573.0	24.0
1574.0	28.0
1575.0	19.0
1576.0	34.0
1577.0	15.0
1578.0	35.0
1579.0	12.0
1580.0	11.0
1581.0	25.0
1582.0	52.0
1583.0	29.0
1584.0	109.0
1585.0	35.0
1586.0	19.0
1587.0	6.0
1588.0	66.0
1589.0	93.0
1590.0	18.0
1591.0	19.0
1592.0	10.0
1593.0	17.0
1594.0	21.0
1595.0	63.0
1596.0	28.0
1597.0	37.0
1598.0	7.0
1599.0	28.0
1600.0	6.0
1601.0	1.0
1602.0	4.0
1603.0	5.0
1604.0	15.0
1605.0	40.0
1606.0	12.0
1607.0	28.0
1608.0	21.0
1609.0	61.0
1610.0	35.0
1611.0	2.0
1612.0	8.0
1613.0	7.0
1614.0	11.0
1615.0	6.0
1616.0	12.0
1617.0	18.0
1618.0	16.0
1619.0	38.0
1620.0	35.0
1621.0	31.0
1622.0	11.0
1623.0	19.0
1624.0	18.0
1625.0	24.0
1626.0	9.0
1627.0	16.0
1628.0	23.0
1629.0	49.0
1630.0	35.0
1631.0	33.0
1632.0	35.0
1633.0	30.0
1634.0	8.0
1635.0	65.0
1636.0	44.0
1637.0	18.0
1638.0	28.0
1639.0	8.0
1640.0	35.0
1641.0	18.0
1642.0	46.0
1643.0	109.0
1644.0	10.0
1645.0	5.0
1647.0	11.0
1648.0	19.0
1649.0	10.0
1650.0	41.0
1651.0	23.0
1652.0	19.0
1653.0	1.0
1654.0	2.0
1655.0	2.0
1656.0	5.0
1657.0	4.0
1658.0	2.0
1659.0	18.0
1660.0	20.0
1661.0	40.0
1662.0	23.0
1663.0	17.0
1664.0	23.0
1665.0	35.0
1666.0	13.0
1667.0	40.0
1668.0	2.0
1669.0	4.0
1670.0	4.0
1671.0	23.0
1672.0	11.0
1673.0	8.0
1674.0	42.0
1675.0	33.0
1676.0	19.0
1677.0	39.0
1678.0	43.0
1679.0	15.0
1680.0	12.0
1681.0	45.0
1682.0	38.0
1683.0	90.0
1684.0	36.0
1685.0	12.0
1686.0	56.0
1687.0	16.0
1688.0	13.0
1689.0	8.0
1690.0	9.0
1691.0	14.0
1692.0	38.0
1693.0	8.0
1694.0	3.0
1695.0	1.0
1696.0	3.0
1697.0	7.0
1698.0	4.0
1699.0	10.0
1700.0	22.0
1701.0	13.0
1702.0	31.0
1703.0	26.0
1704.0	28.0
1705.0	26.0
1706.0	65.0
1707.0	7.0
1708.0	20.0
1709.0	18.0
1710.0	29.0
1711.0	40.0
1712.0	68.0
1713.0	64.0
1714.0	25.0
1715.0	70.0
1716.0	54.0
1717.0	41.0
1718.0	15.0
1719.0	50.0
1720.0	34.0
1721.0	19.0
1722.0	22.0
1723.0	87.0
1724.0	48.0
1725.0	7.0
1726.0	22.0
1727.0	15.0
1728.0	66.0
1729.0	51.0
1730.0	44.0
1731.0	11.0
1732.0	15.0
1733.0	8.0
1734.0	14.0
1735.0	21.0
1736.0	35.0
1737.0	62.0
1738.0	169.0
1739.0	64.0
1740.0	88.0
1741.0	66.0
1742.0	121.0
1743.0	53.0
1744.0	47.0
1745.0	41.0
1746.0	67.0
1747.0	78.0
1748.0	57.0
1749.0	106.0
1750.0	10.0
1751.0	100.0
1752.0	19.0
1753.0	33.0
1754.0	41.0
1755.0	5.0
1756.0	15.0
1757.0	52.0
1758.0	110.0
1759.0	78.0
1760.0	16.0
1761.0	4.0
1762.0	4.0
1763.0	5.0
1764.0	8.0
1765.0	8.0
1766.0	16.0
1767.0	17.0
1768.0	50.0
1769.0	31.0
1770.0	30.0
1771.0	43.0
1772.0	38.0
1773.0	40.0
1774.0	36.0
1775.0	41.0
1776.0	50.0
1777.0	35.0
1778.0	24.0
1779.0	18.0
1780.0	41.0
1781.0	38.0
1782.0	19.0
1783.0	19.0
1784.0	25.0
1785.0	23.0
1786.0	16.0
1787.0	59.0
1788.0	40.0
1789.0	19.0
1790.0	2.0
1791.0	14.0
1792.0	23.0
1793.0	30.0
1794.0	10.0
1795.0	8.0
1796.0	3.0
1797.0	11.0
1798.0	17.0
1799.0	31.0
1800.0	29.0
1801.0	41.0
1802.0	31.0
1803.0	14.0
1804.0	10.0
1805.0	22.0
1806.0	4.0
1807.0	7.0
1808.0	3.0
1809.0	6.0
1810.0	6.0
1811.0	21.0
1812.0	13.0
1813.0	3.0
1814.0	5.0
1815.0	19.0
1816.0	2.0
1817.0	9.0
1818.0	44.0
1819.0	2.0
1820.0	15.0
1821.0	2.0
1822.0	2.0
1823.0	17.0
1824.0	1.0
1826.0	14.0
1827.0	18.0
1828.0	22.0
1829.0	4.0
1830.0	4.0
1831.0	3.0
1832.0	1.0
1833.0	5.0
1834.0	5.0
1835.0	4.0
1836.0	3.0
1837.0	10.0
1838.0	30.0
1839.0	34.0
1840.0	72.0
1841.0	17.0
1842.0	11.0
1843.0	11.0
1844.0	42.0
1845.0	35.0
1846.0	38.0
1847.0	8.0
1848.0	23.0
1849.0	26.0
1850.0	35.0
1851.0	40.0
1852.0	52.0
1853.0	44.0
1854.0	80.0
1855.0	51.0
1856.0	39.0
1857.0	55.0
1858.0	77.0
1859.0	74.0
1860.0	94.0
1861.0	41.0
1862.0	77.0
1863.0	84.0
1864.0	33.0
1865.0	2.0
1866.0	7.0
1867.0	2.0
1868.0	6.0
1869.0	38.0
1870.0	38.0
1871.0	1.0
1872.0	4.0
1873.0	1.0
1874.0	7.0
1875.0	28.0
1876.0	35.0
1877.0	13.0
1878.0	2.0
1879.0	4.0
1880.0	10.0
1881.0	5.0
1882.0	6.0
1883.0	10.0
1884.0	17.0
1885.0	12.0
1886.0	16.0
1887.0	38.0
1888.0	28.0
1889.0	88.0
1890.0	40.0
1891.0	85.0
1892.0	23.0
1893.0	17.0
1894.0	18.0
1895.0	18.0
1896.0	8.0
1897.0	5.0
1898.0	2.0
1899.0	6.0
1900.0	15.0
1901.0	4.0
1902.0	11.0
1903.0	41.0
1904.0	30.0
1905.0	29.0
1907.0	5.0
1908.0	9.0
1909.0	19.0
1910.0	12.0
1911.0	15.0
1912.0	44.0
1913.0	27.0
1914.0	77.0
1915.0	67.0
1916.0	74.0
1917.0	41.0
1918.0	5.0
1919.0	2.0
1920.0	38.0
1921.0	7.0
1922.0	9.0
1923.0	25.0
1924.0	16.0
1925.0	29.0
1926.0	44.0
1927.0	19.0
1928.0	28.0
1929.0	53.0
1930.0	4.0
1931.0	1.0
1932.0	5.0
1933.0	4.0
1934.0	6.0
1935.0	2.0
1936.0	9.0
1937.0	9.0
1938.0	25.0
1939.0	22.0
1940.0	56.0
1941.0	70.0
1942.0	13.0
1943.0	17.0
1944.0	22.0
1945.0	19.0
1946.0	34.0
1947.0	26.0
1948.0	17.0
1949.0	14.0
1950.0	25.0
1951.0	39.0
1952.0	54.0
1953.0	20.0
1954.0	53.0
1955.0	18.0
1956.0	21.0
1957.0	12.0
1958.0	2.0
1959.0	4.0
1960.0	4.0
1961.0	5.0
1962.0	8.0
1963.0	7.0
1964.0	20.0
1965.0	22.0
1966.0	55.0
1967.0	53.0
1968.0	52.0
1969.0	2.0
1971.0	4.0
1972.0	1.0
1973.0	6.0
1974.0	13.0
1975.0	6.0
1976.0	46.0
1977.0	1.0
1978.0	15.0
1980.0	27.0
1981.0	3.0
1982.0	6.0
1983.0	9.0
1984.0	17.0
1985.0	17.0
1986.0	23.0
1987.0	62.0
1988.0	10.0
1989.0	1.0
1990.0	4.0
1991.0	3.0
1992.0	1.0
1993.0	3.0
1994.0	20.0
1995.0	8.0
1996.0	7.0
1997.0	5.0
1998.0	3.0
1999.0	6.0
2000.0	50.0
2001.0	4.0
2002.0	7.0
2003.0	1.0
2005.0	1.0
2006.0	1.0
2007.0	1.0
2008.0	3.0
2009.0	5.0
2010.0	5.0
2011.0	5.0
2012.0	13.0
2013.0	15.0
2014.0	6.0
2015.0	25.0
2017.0	1.0
2019.0	2.0
2020.0	10.0
2021.0	7.0
2022.0	5.0
2023.0	1.0
2024.0	26.0
2025.0	14.0
2026.0	10.0
2027.0	17.0
2028.0	26.0
2029.0	6.0
2030.0	4.0
2031.0	5.0
2032.0	3.0
2033.0	6.0
2034.0	11.0
2035.0	8.0
2036.0	9.0
2037.0	4.0
2038.0	13.0
2039.0	1.0
2040.0	10.0
2041.0	17.0
2042.0	12.0
2043.0	8.0
2044.0	13.0
2045.0	38.0
2046.0	52.0
2047.0	41.0
2048.0	56.0
2049.0	17.0
2050.0	16.0
2051.0	16.0
2052.0	26.0
2053.0	23.0
2054.0	6.0
2055.0	11.0
2056.0	12.0
2057.0	12.0
2058.0	14.0
2059.0	8.0
2060.0	5.0
2061.0	5.0
2062.0	21.0
2063.0	26.0
2064.0	13.0
2065.0	12.0
2066.0	27.0
2067.0	30.0
2068.0	25.0
2069.0	16.0
2070.0	22.0
2071.0	38.0
2072.0	25.0
2073.0	13.0
2074.0	44.0
2075.0	19.0
2076.0	30.0
2077.0	38.0
2078.0	25.0
2079.0	14.0
2080.0	34.0
2081.0	47.0
2082.0	16.0
2083.0	20.0
2084.0	16.0
2085.0	2.0
2086.0	2.0
2087.0	1.0
2088.0	1.0
2089.0	2.0
2091.0	4.0
2092.0	1.0
2093.0	1.0
2094.0	3.0
2095.0	4.0
2096.0	2.0
2097.0	6.0
2098.0	6.0
2099.0	2.0
2100.0	17.0
2101.0	12.0
2102.0	27.0
2103.0	59.0
2104.0	31.0
2105.0	76.0
2106.0	45.0
2107.0	90.0
2108.0	118.0
2109.0	44.0
2110.0	45.0
2111.0	15.0
2112.0	26.0
2113.0	63.0
2114.0	12.0
2115.0	16.0
2116.0	6.0
2117.0	1.0
2118.0	2.0
2119.0	1.0
2120.0	2.0
2121.0	5.0
2122.0	17.0
2123.0	3.0
2124.0	1.0
2125.0	7.0
2126.0	7.0
2128.0	23.0
2129.0	50.0
2130.0	45.0
2131.0	58.0
2132.0	29.0
2133.0	4.0
2134.0	5.0
2135.0	5.0
2136.0	22.0
2137.0	9.0
2138.0	34.0
2139.0	7.0
2140.0	36.0
2141.0	36.0
2142.0	10.0
2143.0	3.0
2144.0	1.0
2145.0	4.0
2146.0	5.0
2147.0	10.0
2148.0	5.0
2149.0	27.0
2150.0	25.0
2151.0	34.0
2152.0	1.0
2153.0	20.0
2154.0	2.0
2155.0	2.0
2156.0	7.0
2157.0	4.0
2158.0	3.0
2159.0	4.0
2160.0	10.0
2161.0	8.0
2162.0	7.0
2163.0	3.0
2164.0	13.0
2165.0	5.0
2166.0	4.0
2167.0	33.0
2168.0	34.0
2169.0	36.0
2170.0	19.0
2171.0	27.0
2172.0	21.0
2173.0	22.0
2174.0	54.0
2175.0	43.0
2176.0	46.0
2177.0	29.0
2178.0	37.0
2179.0	45.0
2180.0	70.0
2181.0	37.0
2182.0	49.0
2183.0	27.0
2184.0	96.0
2186.0	1.0
2187.0	1.0
2188.0	1.0
2189.0	1.0
2190.0	2.0
2191.0	6.0
2192.0	20.0
2193.0	2.0
2194.0	1.0
2195.0	3.0
2196.0	1.0
2197.0	3.0
2198.0	1.0
2199.0	1.0
2200.0	4.0
2201.0	5.0
2202.0	3.0
2203.0	1.0
2204.0	3.0
2205.0	3.0
2206.0	8.0
2207.0	2.0
2208.0	3.0
2209.0	8.0
2210.0	9.0
2211.0	2.0
2212.0	1.0
2213.0	3.0
2214.0	4.0
2215.0	7.0
2216.0	6.0
2217.0	8.0
2218.0	18.0
2219.0	7.0
2220.0	4.0
2221.0	5.0
2222.0	7.0
2223.0	9.0
2224.0	9.0
2225.0	91.0
2226.0	10.0
2227.0	31.0
2228.0	41.0
2229.0	43.0
2230.0	35.0
2231.0	48.0
2232.0	60.0
2233.0	16.0
2234.0	9.0
2235.0	1.0
2236.0	14.0
2237.0	2.0
2238.0	1.0
2239.0	2.0
2240.0	3.0
2241.0	4.0
2243.0	2.0
2244.0	4.0
2245.0	7.0
2246.0	15.0
2247.0	17.0
2248.0	23.0
2249.0	61.0
2250.0	128.0
2251.0	55.0
2252.0	95.0
2253.0	32.0
2254.0	58.0
2255.0	8.0
2256.0	18.0
2257.0	22.0
2258.0	3.0
2259.0	6.0
2260.0	2.0
2261.0	20.0
2262.0	4.0
2263.0	16.0
2264.0	33.0
2265.0	8.0
2266.0	2.0
2267.0	2.0
2268.0	2.0
2269.0	6.0
2270.0	12.0
2271.0	9.0
2272.0	4.0
2273.0	6.0
2274.0	10.0
2275.0	36.0
2276.0	31.0
2277.0	37.0
2278.0	29.0
2279.0	1.0
2280.0	10.0
2281.0	7.0
2282.0	36.0
2283.0	6.0
2284.0	11.0
2285.0	15.0
2286.0	4.0
2287.0	1.0
2288.0	1.0
2289.0	1.0
2290.0	1.0
2291.0	3.0
2292.0	20.0
2293.0	2.0
2294.0	5.0
2295.0	21.0
2296.0	19.0
2297.0	10.0
2298.0	2.0
2299.0	6.0
2300.0	9.0
2301.0	6.0
2302.0	21.0
2303.0	40.0
2304.0	7.0
2305.0	2.0
2306.0	1.0
2307.0	1.0
2308.0	3.0
2309.0	1.0
2310.0	2.0
2311.0	5.0
2312.0	1.0
2313.0	6.0
2314.0	7.0
2315.0	18.0
2316.0	8.0
2317.0	4.0
2318.0	2.0
2319.0	7.0
2320.0	3.0
2321.0	16.0
2322.0	39.0
2323.0	23.0
2324.0	12.0
2325.0	9.0
2326.0	11.0
2327.0	16.0
2328.0	9.0
2329.0	19.0
2330.0	20.0
2331.0	16.0
2332.0	24.0
2333.0	33.0
2334.0	31.0
2335.0	34.0
2336.0	19.0
2337.0	35.0
2338.0	65.0
2339.0	39.0
2340.0	21.0
2341.0	20.0
2342.0	28.0
2343.0	15.0
2344.0	9.0
2345.0	17.0
2346.0	15.0
2347.0	29.0
2348.0	13.0
2349.0	45.0
2350.0	15.0
2351.0	23.0
2352.0	42.0
2353.0	24.0
2354.0	26.0
2355.0	10.0
2356.0	4.0
2357.0	2.0
2361.0	5.0
2363.0	7.0
2364.0	6.0
2365.0	2.0
2366.0	4.0
2367.0	3.0
2368.0	28.0
2369.0	3.0
2370.0	9.0
2371.0	15.0
2372.0	16.0
2373.0	56.0
2374.0	14.0
2375.0	49.0
2376.0	55.0
2377.0	12.0
2378.0	46.0
2379.0	25.0
2381.0	3.0
2382.0	1.0
2383.0	3.0
2384.0	7.0
2385.0	3.0
2386.0	1.0
2387.0	2.0
2388.0	1.0
2389.0	5.0
2390.0	7.0
2391.0	6.0
2392.0	13.0
2393.0	16.0
2394.0	20.0
2395.0	11.0
2396.0	6.0
2397.0	9.0
2398.0	6.0
2399.0	5.0
2400.0	10.0
2401.0	7.0
2402.0	18.0
2403.0	37.0
2404.0	34.0
2405.0	43.0
2406.0	30.0
2407.0	48.0
2408.0	33.0
2409.0	2.0
2410.0	2.0
2411.0	1.0
2412.0	5.0
2413.0	11.0
2414.0	5.0
2415.0	7.0
2416.0	15.0
2417.0	3.0
2419.0	3.0
2420.0	3.0
2421.0	4.0
2423.0	1.0
2424.0	1.0
2425.0	3.0
2426.0	6.0
2427.0	6.0
2428.0	12.0
2429.0	1.0
2430.0	2.0
2431.0	2.0
2432.0	3.0
2433.0	4.0
2434.0	1.0
2435.0	1.0
2436.0	2.0
2437.0	1.0
2438.0	2.0
2439.0	3.0
2440.0	10.0
2441.0	16.0
2442.0	3.0
2443.0	6.0
2444.0	7.0
2445.0	11.0
2446.0	8.0
2447.0	10.0
2448.0	16.0
2449.0	18.0
2450.0	46.0
2451.0	12.0
2452.0	23.0
2453.0	29.0
2454.0	28.0
2455.0	11.0
2456.0	17.0
2457.0	20.0
2458.0	19.0
2459.0	8.0
2460.0	32.0
2461.0	19.0
2462.0	42.0
2463.0	17.0
2464.0	35.0
2465.0	14.0
2466.0	17.0
2467.0	19.0
2468.0	19.0
2469.0	21.0
2470.0	17.0
2471.0	25.0
2472.0	12.0
2473.0	7.0
2474.0	20.0
2475.0	8.0
2476.0	10.0
2477.0	12.0
2478.0	5.0
2479.0	16.0
2480.0	12.0
2481.0	21.0
2482.0	7.0
2483.0	14.0
2484.0	41.0
2485.0	51.0
2486.0	49.0
2487.0	33.0
2488.0	39.0
2489.0	47.0
2490.0	24.0
2491.0	26.0
2492.0	31.0
2493.0	24.0
2494.0	22.0
2495.0	15.0
2496.0	9.0
2497.0	7.0
2498.0	6.0
2499.0	7.0
2500.0	4.0
2501.0	5.0
2502.0	5.0
2503.0	10.0
2505.0	7.0
2506.0	19.0
2507.0	12.0
2508.0	45.0
2509.0	18.0
2510.0	2.0
2511.0	7.0
2512.0	10.0
2513.0	18.0
2514.0	33.0
2515.0	24.0
2516.0	2.0
2517.0	16.0
2518.0	3.0
2519.0	1.0
2520.0	2.0
2522.0	1.0
2523.0	2.0
2524.0	3.0
2525.0	2.0
2528.0	3.0
2529.0	3.0
2530.0	1.0
2531.0	3.0
2532.0	2.0
2534.0	2.0
2535.0	2.0
2536.0	6.0
2537.0	1.0
2538.0	3.0
2539.0	7.0
2540.0	11.0
2541.0	6.0
2542.0	13.0
2543.0	10.0
2544.0	8.0
2545.0	5.0
2546.0	19.0
2547.0	26.0
2548.0	9.0
2549.0	13.0
2550.0	29.0
2551.0	73.0
2552.0	43.0
2553.0	19.0
2554.0	27.0
2555.0	52.0
2556.0	45.0
2557.0	43.0
2558.0	26.0
2559.0	9.0
2560.0	18.0
2561.0	27.0
2562.0	5.0
2563.0	2.0
2564.0	9.0
2565.0	2.0
2566.0	6.0
2567.0	2.0
2568.0	3.0
2569.0	2.0
2570.0	22.0
2571.0	27.0
2572.0	85.0
2573.0	48.0
2574.0	28.0
2575.0	6.0
2576.0	8.0
2577.0	6.0
2578.0	9.0
2579.0	20.0
2580.0	25.0
2581.0	8.0
2582.0	20.0
2583.0	9.0
2584.0	6.0
2585.0	26.0
2586.0	38.0
2587.0	12.0
2588.0	28.0
2589.0	17.0
2590.0	19.0
2591.0	58.0
2592.0	8.0
2593.0	5.0
2594.0	6.0
2595.0	1.0
2596.0	1.0
2597.0	4.0
2598.0	6.0
2599.0	4.0
2600.0	4.0
2601.0	11.0
2602.0	14.0
2603.0	21.0
2604.0	32.0
2605.0	1.0
2607.0	3.0
2608.0	14.0
2609.0	3.0
2610.0	7.0
2611.0	9.0
2612.0	8.0
2613.0	9.0
2614.0	17.0
2615.0	12.0
2616.0	8.0
2617.0	7.0
2618.0	3.0
2619.0	10.0
2620.0	10.0
2621.0	6.0
2622.0	17.0
2623.0	9.0
2624.0	4.0
2625.0	1.0
2626.0	4.0
2627.0	4.0
2628.0	2.0
2629.0	10.0
2630.0	8.0
2631.0	8.0
2632.0	26.0
2633.0	11.0
2634.0	13.0
2635.0	26.0
2636.0	61.0
2637.0	18.0
2638.0	46.0
2639.0	16.0
2640.0	4.0
2641.0	1.0
2642.0	6.0
2643.0	3.0
2644.0	10.0
2645.0	14.0
2646.0	81.0
2647.0	10.0
2648.0	1.0
2650.0	3.0
2651.0	3.0
2652.0	2.0
2653.0	5.0
2654.0	23.0
2655.0	5.0
2656.0	6.0
2657.0	4.0
2659.0	1.0
2660.0	16.0
2661.0	28.0
2662.0	7.0
2663.0	11.0
2664.0	8.0
2665.0	5.0
2666.0	4.0
2667.0	7.0
2668.0	20.0
2669.0	10.0
2670.0	8.0
2671.0	5.0
2672.0	19.0
2673.0	6.0
2674.0	15.0
2675.0	19.0
2676.0	30.0
2677.0	43.0
2678.0	57.0
2679.0	38.0
2680.0	18.0
2681.0	13.0
2682.0	53.0
2683.0	11.0
2684.0	29.0
2685.0	4.0
2686.0	10.0
2687.0	19.0
2688.0	19.0
2689.0	11.0
2690.0	9.0
2691.0	11.0
2692.0	8.0
2693.0	17.0
2694.0	5.0
2695.0	12.0
2696.0	4.0
2697.0	9.0
2698.0	6.0
2703.0	5.0
2704.0	4.0
2705.0	2.0
2707.0	1.0
2708.0	5.0
2709.0	2.0
2710.0	1.0
2712.0	4.0
2713.0	5.0
2714.0	5.0
2715.0	23.0
2716.0	14.0
2717.0	18.0
2718.0	20.0
2719.0	24.0
2720.0	10.0
2721.0	13.0
2722.0	8.0
2723.0	14.0
2724.0	37.0
2725.0	7.0
2726.0	62.0
2727.0	63.0
2728.0	43.0
2729.0	13.0
2730.0	4.0
2731.0	25.0
2732.0	27.0
2733.0	19.0
2734.0	27.0
2735.0	17.0
2736.0	17.0
2737.0	8.0
2738.0	15.0
2739.0	18.0
2740.0	2.0
2741.0	5.0
2742.0	16.0
2743.0	8.0
2744.0	20.0
2745.0	27.0
2746.0	33.0
2747.0	32.0
2748.0	14.0
2749.0	16.0
2750.0	41.0
2751.0	19.0
2752.0	9.0
2753.0	36.0
2754.0	6.0
2755.0	9.0
2756.0	15.0
2757.0	14.0
2758.0	25.0
2759.0	28.0
2760.0	10.0
2761.0	27.0
2762.0	28.0
2763.0	43.0
2764.0	24.0
2765.0	31.0
2766.0	13.0
2767.0	17.0
2768.0	15.0
2769.0	27.0
2770.0	6.0
2771.0	10.0
2772.0	11.0
2773.0	48.0
2774.0	5.0
2775.0	12.0
2776.0	2.0
2777.0	2.0
2778.0	13.0
2779.0	27.0
2780.0	37.0
2781.0	43.0
2782.0	38.0
2783.0	46.0
2784.0	35.0
2785.0	34.0
2786.0	12.0
2787.0	7.0
2788.0	6.0
2789.0	2.0
2790.0	8.0
2791.0	10.0
2792.0	13.0
2793.0	19.0
2794.0	22.0
2795.0	64.0
2796.0	33.0
2797.0	31.0
2798.0	15.0
2799.0	15.0
2800.0	7.0
2801.0	3.0
2802.0	6.0
2803.0	7.0
2804.0	6.0
2805.0	9.0
2806.0	1.0
2807.0	6.0
2808.0	3.0
2809.0	1.0
2810.0	3.0
2811.0	1.0
2812.0	3.0
2813.0	4.0
2814.0	7.0
2815.0	18.0
2816.0	8.0
2817.0	23.0
2818.0	22.0
2819.0	12.0
2820.0	46.0
2821.0	51.0
2822.0	29.0
2823.0	21.0
2824.0	9.0
2825.0	15.0
2826.0	8.0
2827.0	4.0
2828.0	18.0
2829.0	12.0
2830.0	31.0
2831.0	20.0
2832.0	41.0
2833.0	55.0
2834.0	101.0
2835.0	59.0
2836.0	45.0
2837.0	66.0
2838.0	12.0
2839.0	30.0
2840.0	18.0
2841.0	25.0
2842.0	32.0
2843.0	20.0
2844.0	5.0
2846.0	3.0
2847.0	1.0
2848.0	10.0
2849.0	4.0
2850.0	12.0
2851.0	16.0
2852.0	2.0
2853.0	1.0
2854.0	3.0
2855.0	2.0
2856.0	10.0
2857.0	5.0
2858.0	4.0
2859.0	9.0
2860.0	6.0
2861.0	8.0
2862.0	1.0
2863.0	10.0
2864.0	3.0
2865.0	59.0
2866.0	32.0
2867.0	149.0
2868.0	32.0
2869.0	31.0
2870.0	17.0
2871.0	18.0
2872.0	37.0
2873.0	70.0
2874.0	38.0
2875.0	33.0
2876.0	4.0
2877.0	1.0
2878.0	1.0
2879.0	8.0
2880.0	2.0
2881.0	5.0
2882.0	8.0
2884.0	8.0
2885.0	4.0
2886.0	3.0
2887.0	14.0
2888.0	16.0
2889.0	8.0
2890.0	18.0
2891.0	10.0
2892.0	34.0
2893.0	31.0
2894.0	36.0
2895.0	49.0
2896.0	22.0
2898.0	5.0
2899.0	6.0
2900.0	6.0
2901.0	5.0
2902.0	3.0
2904.0	1.0
2905.0	2.0
2906.0	1.0
2908.0	1.0
2909.0	3.0
2910.0	7.0
2912.0	2.0
2913.0	3.0
2914.0	2.0
2915.0	10.0
2916.0	33.0
2917.0	37.0
2918.0	27.0
2919.0	27.0
2920.0	16.0
2921.0	5.0
2922.0	5.0
2923.0	13.0
2924.0	2.0
2925.0	7.0
2926.0	2.0
2927.0	1.0
2930.0	2.0
2931.0	2.0
2932.0	9.0
2933.0	13.0
2934.0	3.0
2935.0	6.0
2936.0	2.0
2937.0	1.0
2938.0	7.0
2939.0	1.0
2940.0	13.0
2941.0	6.0
2942.0	30.0
2943.0	18.0
2944.0	11.0
2945.0	4.0
2946.0	3.0
2947.0	1.0
2948.0	5.0
2949.0	9.0
2950.0	16.0
2951.0	1.0
2952.0	7.0
2953.0	8.0
2954.0	1.0
2955.0	1.0
2956.0	5.0
2957.0	4.0
2958.0	2.0
2959.0	2.0
2961.0	1.0
2963.0	1.0
2964.0	3.0
2965.0	3.0
2966.0	1.0
2967.0	2.0
2968.0	4.0
2969.0	3.0
2970.0	2.0
2972.0	13.0
2973.0	12.0
2974.0	9.0
2975.0	8.0
2976.0	4.0
2977.0	9.0
2978.0	8.0
2979.0	25.0
2980.0	42.0
2981.0	54.0
2982.0	43.0
2983.0	52.0
2984.0	13.0
2985.0	12.0
2986.0	19.0
2987.0	13.0
2988.0	28.0
2989.0	43.0
2990.0	19.0
2991.0	8.0
2992.0	13.0
2993.0	7.0
2994.0	5.0
2995.0	13.0
2996.0	32.0
2997.0	8.0
2998.0	14.0
2999.0	7.0
3000.0	71.0
3001.0	7.0
3002.0	15.0
3003.0	11.0
3004.0	2.0
3005.0	5.0
3006.0	4.0
3007.0	2.0
3008.0	8.0
3009.0	4.0
3010.0	2.0
3011.0	1.0
3012.0	1.0
3013.0	4.0
3014.0	12.0
3015.0	18.0
3016.0	10.0
3017.0	4.0
3019.0	1.0
3020.0	1.0
3022.0	1.0
3025.0	1.0
3026.0	1.0
3029.0	1.0
3032.0	2.0
3033.0	2.0
3034.0	12.0
3035.0	12.0
3036.0	12.0
3037.0	5.0
3038.0	12.0
3039.0	4.0
3040.0	4.0
3041.0	2.0
3042.0	7.0
3043.0	5.0
3044.0	5.0
3045.0	2.0
3046.0	6.0
3047.0	6.0
3048.0	13.0
3049.0	5.0
3050.0	11.0
3051.0	30.0
3052.0	10.0
3053.0	19.0
3054.0	10.0
3055.0	5.0
3056.0	6.0
3057.0	8.0
3058.0	17.0
3059.0	7.0
3060.0	9.0
3061.0	5.0
3062.0	13.0
3063.0	8.0
3064.0	22.0
3065.0	24.0
3066.0	23.0
3067.0	15.0
3068.0	21.0
3069.0	1.0
3070.0	13.0
3071.0	13.0
3072.0	1.0
3073.0	8.0
3074.0	1.0
3075.0	2.0
3076.0	5.0
3077.0	4.0
3078.0	18.0
3079.0	26.0
3080.0	6.0
3081.0	5.0
3082.0	7.0
3084.0	7.0
3085.0	5.0
3086.0	11.0
3087.0	11.0
3088.0	31.0
3089.0	15.0
3090.0	14.0
3091.0	25.0
3092.0	28.0
3093.0	26.0
3094.0	17.0
3095.0	35.0
3096.0	18.0
3097.0	56.0
3098.0	44.0
3099.0	27.0
3100.0	2.0
3102.0	1.0
3103.0	2.0
3104.0	4.0
3105.0	4.0
3106.0	9.0
3107.0	3.0
3108.0	12.0
3109.0	8.0
3110.0	14.0
3111.0	15.0
3112.0	12.0
3113.0	13.0
3114.0	24.0
3115.0	20.0
3116.0	17.0
3117.0	16.0
3118.0	12.0
3119.0	15.0
3120.0	6.0
3121.0	17.0
3122.0	21.0
3123.0	21.0
3124.0	13.0
3125.0	8.0
3128.0	2.0
3132.0	1.0
3134.0	2.0
3135.0	2.0
3136.0	2.0
3138.0	1.0
3140.0	1.0
3141.0	1.0
3142.0	1.0
3143.0	1.0
3144.0	4.0
3145.0	3.0
3146.0	4.0
3147.0	9.0
3148.0	4.0
3149.0	9.0
3151.0	13.0
3152.0	15.0
3153.0	18.0
3154.0	4.0
3155.0	2.0
3156.0	17.0
3157.0	2.0
3158.0	1.0
3159.0	4.0
3160.0	5.0
3161.0	5.0
3162.0	4.0
3163.0	8.0
3164.0	7.0
3165.0	17.0
3166.0	22.0
3167.0	12.0
3168.0	14.0
3169.0	20.0
3170.0	14.0
3171.0	8.0
3172.0	22.0
3173.0	5.0
3174.0	12.0
3175.0	14.0
3176.0	32.0
3177.0	19.0
3178.0	24.0
3179.0	9.0
3180.0	27.0
3181.0	15.0
3182.0	38.0
3183.0	43.0
3184.0	27.0
3185.0	24.0
3186.0	2.0
3187.0	3.0
3190.0	1.0
3192.0	2.0
3193.0	3.0
3195.0	1.0
3196.0	2.0
3197.0	9.0
3198.0	2.0
3199.0	1.0
3200.0	8.0
3201.0	3.0
3202.0	5.0
3203.0	8.0
3204.0	10.0
3205.0	5.0
3206.0	7.0
3207.0	8.0
3208.0	28.0
3209.0	31.0
3210.0	35.0
3211.0	26.0
3212.0	29.0
3213.0	30.0
3214.0	11.0
3215.0	26.0
3216.0	36.0
3217.0	30.0
3218.0	32.0
3219.0	34.0
3220.0	12.0
3221.0	30.0
3222.0	24.0
3223.0	28.0
3224.0	9.0
3225.0	23.0
3226.0	29.0
3227.0	11.0
3228.0	10.0
3229.0	19.0
3230.0	30.0
3231.0	32.0
3232.0	28.0
3233.0	16.0
3234.0	23.0
3235.0	9.0
3236.0	16.0
3237.0	16.0
3238.0	5.0
3239.0	30.0
3240.0	15.0
3241.0	37.0
3242.0	1.0
3243.0	3.0
3244.0	2.0
3245.0	5.0
3246.0	1.0
3247.0	12.0
3248.0	5.0
3249.0	5.0
3250.0	3.0
3251.0	10.0
3252.0	3.0
3253.0	13.0
3254.0	13.0
3255.0	9.0
3256.0	4.0
3257.0	8.0
3258.0	25.0
3259.0	47.0
3260.0	1.0
3261.0	1.0
3262.0	2.0
3263.0	3.0
3264.0	3.0
3265.0	4.0
3266.0	5.0
3267.0	4.0
3268.0	4.0
3269.0	3.0
3270.0	2.0
3271.0	13.0
3272.0	16.0
3273.0	14.0
3274.0	21.0
3275.0	32.0
3276.0	41.0
3277.0	17.0
3278.0	6.0
3279.0	13.0
3280.0	6.0
3281.0	7.0
3282.0	13.0
3283.0	5.0
3284.0	7.0
3285.0	1.0
3286.0	3.0
3287.0	1.0
3288.0	1.0
3289.0	3.0
3290.0	2.0
3291.0	3.0
3292.0	5.0
3293.0	1.0
3294.0	3.0
3295.0	11.0
3296.0	5.0
3297.0	11.0
3298.0	16.0
3299.0	16.0
3300.0	6.0
3301.0	8.0
3302.0	5.0
3303.0	21.0
3304.0	14.0
3305.0	27.0
3306.0	29.0
3307.0	23.0
3308.0	18.0
3309.0	9.0
3310.0	5.0
3311.0	6.0
3312.0	5.0
3313.0	3.0
3314.0	2.0
3315.0	2.0
3316.0	2.0
3317.0	3.0
3318.0	3.0
3319.0	2.0
3320.0	5.0
3321.0	1.0
3322.0	3.0
3323.0	1.0
3324.0	1.0
3325.0	1.0
3328.0	1.0
3330.0	1.0
3331.0	1.0
3332.0	1.0
3333.0	2.0
3334.0	4.0
3335.0	6.0
3336.0	3.0
3337.0	7.0
3338.0	2.0
3339.0	5.0
3340.0	2.0
3341.0	10.0
3342.0	2.0
3343.0	22.0
3344.0	8.0
3345.0	27.0
3346.0	11.0
3347.0	27.0
3348.0	31.0
3349.0	42.0
3350.0	54.0
3351.0	15.0
3352.0	16.0
3354.0	7.0
3355.0	8.0
3356.0	17.0
3357.0	20.0
3358.0	27.0
3359.0	27.0
3360.0	17.0
3362.0	1.0
3363.0	1.0
3366.0	1.0
3367.0	2.0
3368.0	4.0
3369.0	2.0
3370.0	2.0
3371.0	6.0
3372.0	8.0
3373.0	12.0
3374.0	11.0
3375.0	10.0
3376.0	8.0
3377.0	1.0
3378.0	5.0
3379.0	3.0
3380.0	7.0
3381.0	1.0
3382.0	2.0
3383.0	3.0
3384.0	9.0
3385.0	1.0
3386.0	6.0
3387.0	3.0
3388.0	1.0
3389.0	2.0
3390.0	1.0
3391.0	5.0
3392.0	4.0
3393.0	2.0
3394.0	4.0
3395.0	13.0
3396.0	9.0
3397.0	16.0
3398.0	17.0
3399.0	51.0
3400.0	21.0
3401.0	63.0
3402.0	32.0
3403.0	5.0
3404.0	8.0
3405.0	6.0
3406.0	4.0
3407.0	7.0
3408.0	12.0
3409.0	15.0
3410.0	10.0
3411.0	8.0
3412.0	7.0
3413.0	8.0
3414.0	4.0
3415.0	14.0
3416.0	37.0
3417.0	39.0
3418.0	31.0
3419.0	14.0
3420.0	2.0
3421.0	17.0
3422.0	2.0
3423.0	4.0
3424.0	1.0
3425.0	6.0
3426.0	6.0
3427.0	15.0
3428.0	18.0
3429.0	5.0
3430.0	8.0
3431.0	11.0
3432.0	8.0
3433.0	20.0
3434.0	21.0
3435.0	48.0
3436.0	29.0
3437.0	35.0
3438.0	22.0
3439.0	20.0
3440.0	13.0
3441.0	22.0
3442.0	58.0
3443.0	117.0
3444.0	54.0
3445.0	54.0
3446.0	42.0
3447.0	28.0
3448.0	42.0
3449.0	27.0
3450.0	32.0
3451.0	48.0
3452.0	48.0
3453.0	40.0
3454.0	53.0
3455.0	36.0
3456.0	18.0
3457.0	41.0
3458.0	9.0
3459.0	5.0
3460.0	4.0
3461.0	6.0
3462.0	14.0
3463.0	18.0
3464.0	7.0
3465.0	5.0
3466.0	4.0
3467.0	13.0
3468.0	8.0
3469.0	15.0
3470.0	6.0
3471.0	1.0
3472.0	4.0
3473.0	2.0
3474.0	4.0
3475.0	12.0
3476.0	2.0
3477.0	19.0
3478.0	29.0
3479.0	6.0
3480.0	1.0
3481.0	2.0
3482.0	2.0
3484.0	3.0
3486.0	1.0
3487.0	5.0
3488.0	6.0
3489.0	1.0
3490.0	1.0
3491.0	4.0
3492.0	6.0
3493.0	2.0
3494.0	4.0
3495.0	13.0
3496.0	2.0
3497.0	2.0
3498.0	5.0
3499.0	12.0
3500.0	8.0
3501.0	12.0
3502.0	5.0
3503.0	3.0
3504.0	25.0
3505.0	31.0
3506.0	18.0
3507.0	18.0
3508.0	21.0
3509.0	39.0
3510.0	4.0
3511.0	5.0
3512.0	5.0
3513.0	4.0
3514.0	8.0
3515.0	2.0
3516.0	4.0
3517.0	6.0
3518.0	8.0
3519.0	12.0
3520.0	24.0
3521.0	28.0
3522.0	41.0
3523.0	39.0
3524.0	9.0
3525.0	23.0
3526.0	30.0
3527.0	4.0
3528.0	3.0
3529.0	17.0
3530.0	2.0
3531.0	4.0
3532.0	8.0
3533.0	44.0
3534.0	11.0
3535.0	24.0
3536.0	18.0
3539.0	3.0
3540.0	2.0
3541.0	2.0
3542.0	3.0
3543.0	8.0
3544.0	3.0
3545.0	11.0
3546.0	40.0
3547.0	6.0
3548.0	16.0
3549.0	8.0
3550.0	20.0
3551.0	9.0
3552.0	5.0
3553.0	19.0
3554.0	19.0
3555.0	15.0
3556.0	34.0
3557.0	41.0
3558.0	73.0
3559.0	57.0
3560.0	33.0
3561.0	10.0
3562.0	5.0
3563.0	3.0
3564.0	2.0
3565.0	5.0
3567.0	3.0
3568.0	1.0
3569.0	2.0
3571.0	2.0
3572.0	1.0
3574.0	4.0
3575.0	3.0
3576.0	6.0
3577.0	8.0
3578.0	7.0
3579.0	4.0
3580.0	3.0
3582.0	7.0
3583.0	5.0
3584.0	6.0
3585.0	3.0
3586.0	4.0
3587.0	1.0
3588.0	3.0
3589.0	1.0
3590.0	2.0
3591.0	2.0
3592.0	2.0
3593.0	1.0
3594.0	3.0
3595.0	7.0
3596.0	6.0
3597.0	5.0
3598.0	4.0
3599.0	4.0
3600.0	3.0
3601.0	6.0
3602.0	15.0
3603.0	13.0
3604.0	16.0
3605.0	18.0
3606.0	13.0
3607.0	42.0
3608.0	32.0
3609.0	55.0
3610.0	24.0
3611.0	29.0
3612.0	46.0
3613.0	26.0
3614.0	57.0
3615.0	22.0
3616.0	32.0
3617.0	28.0
3618.0	14.0
3619.0	20.0
3620.0	32.0
3621.0	22.0
3622.0	22.0
3623.0	29.0
3624.0	7.0
3625.0	17.0
3626.0	20.0
3627.0	5.0
3628.0	8.0
3629.0	8.0
3630.0	4.0
3631.0	5.0
3632.0	2.0
3633.0	3.0
3634.0	3.0
3635.0	2.0
3636.0	5.0
3637.0	9.0
3638.0	8.0
3639.0	3.0
3640.0	2.0
3641.0	4.0
3642.0	4.0
3643.0	12.0
3644.0	7.0
3645.0	2.0
3646.0	2.0
3647.0	11.0
3648.0	4.0
3649.0	7.0
3650.0	10.0
3651.0	6.0
3652.0	8.0
3653.0	6.0
3654.0	22.0
3655.0	9.0
3656.0	8.0
3657.0	21.0
3658.0	18.0
3659.0	52.0
3660.0	25.0
3661.0	35.0
3662.0	60.0
3663.0	27.0
3664.0	67.0
3665.0	42.0
3666.0	44.0
3667.0	31.0
3668.0	24.0
3669.0	6.0
3670.0	6.0
3671.0	19.0
3672.0	7.0
3673.0	1.0
3674.0	9.0
3675.0	9.0
3676.0	4.0
3677.0	10.0
3678.0	10.0
3679.0	29.0
3680.0	79.0
3681.0	11.0
3682.0	1.0
3683.0	2.0
3684.0	11.0
3686.0	1.0
3687.0	4.0
3688.0	3.0
3689.0	9.0
3690.0	12.0
3691.0	3.0
3692.0	8.0
3694.0	4.0
3695.0	1.0
3696.0	6.0
3697.0	8.0
3698.0	4.0
3699.0	5.0
3700.0	3.0
3701.0	12.0
3702.0	8.0
3703.0	8.0
3704.0	6.0
3705.0	14.0
3706.0	26.0
3707.0	33.0
3708.0	15.0
3709.0	10.0
3710.0	2.0
3711.0	8.0
3712.0	12.0
3713.0	17.0
3714.0	9.0
3715.0	1.0
3716.0	4.0
3717.0	4.0
3718.0	6.0
3719.0	1.0
3721.0	10.0
3722.0	3.0
3723.0	6.0
3724.0	10.0
3725.0	12.0
3726.0	4.0
3727.0	34.0
3728.0	41.0
3729.0	12.0
3730.0	22.0
3731.0	42.0
3732.0	26.0
3733.0	15.0
3734.0	7.0
3736.0	1.0
3737.0	1.0
3738.0	2.0
3739.0	2.0
3740.0	8.0
3741.0	25.0
3742.0	4.0
3743.0	9.0
3744.0	1.0
3745.0	3.0
3746.0	4.0
3747.0	5.0
3748.0	2.0
3749.0	8.0
3750.0	13.0
3751.0	12.0
3752.0	5.0
3753.0	15.0
3755.0	7.0
3756.0	2.0
3757.0	2.0
3758.0	3.0
3759.0	4.0
3760.0	3.0
3762.0	2.0
3763.0	8.0
3764.0	4.0
3765.0	5.0
3766.0	13.0
3767.0	15.0
3768.0	14.0
3769.0	9.0
3770.0	47.0
3771.0	14.0
3772.0	18.0
3773.0	31.0
3774.0	16.0
3775.0	43.0
3776.0	36.0
3777.0	39.0
3778.0	30.0
3779.0	15.0
3780.0	11.0
3781.0	10.0
3782.0	7.0
3783.0	9.0
3784.0	20.0
3785.0	10.0
3786.0	1.0
3787.0	1.0
3788.0	2.0
3789.0	4.0
3790.0	4.0
3791.0	3.0
3792.0	5.0
3793.0	6.0
3794.0	4.0
3796.0	5.0
3797.0	11.0
3798.0	6.0
3799.0	7.0
3800.0	1.0
3801.0	6.0
3802.0	8.0
3803.0	7.0
3804.0	4.0
3805.0	11.0
3806.0	11.0
3807.0	21.0
3808.0	12.0
3809.0	24.0
3810.0	67.0
3811.0	32.0
3812.0	44.0
3813.0	24.0
3814.0	59.0
3815.0	12.0
3816.0	2.0
3817.0	2.0
3819.0	1.0
3820.0	1.0
3822.0	1.0
3823.0	1.0
3824.0	1.0
3825.0	2.0
3828.0	1.0
3829.0	2.0
3830.0	1.0
3831.0	3.0
3832.0	2.0
3833.0	2.0
3834.0	5.0
3835.0	1.0
3836.0	2.0
3837.0	1.0
3838.0	4.0
3839.0	6.0
3840.0	3.0
3841.0	8.0
3842.0	13.0
3843.0	15.0
3844.0	19.0
3845.0	15.0
3846.0	22.0
3847.0	52.0
3848.0	35.0
3849.0	29.0
3850.0	5.0
3851.0	1.0
3852.0	3.0
3853.0	2.0
3854.0	2.0
3855.0	5.0
3856.0	3.0
3857.0	1.0
3858.0	13.0
3859.0	5.0
3860.0	8.0
3862.0	5.0
3864.0	1.0
3866.0	1.0
3872.0	1.0
3873.0	1.0
3874.0	1.0
3875.0	2.0
3879.0	1.0
3880.0	1.0
3881.0	2.0
3882.0	1.0
3883.0	1.0
3884.0	2.0
3885.0	7.0
3886.0	3.0
3887.0	3.0
3888.0	6.0
3889.0	2.0
3890.0	3.0
3891.0	5.0
3892.0	5.0
3893.0	3.0
3894.0	16.0
3895.0	11.0
3896.0	23.0
3897.0	13.0
3898.0	10.0
3899.0	1.0
3900.0	6.0
3901.0	3.0
3902.0	7.0
3903.0	3.0
3904.0	6.0
3905.0	8.0
3906.0	17.0
3907.0	18.0
3908.0	27.0
3909.0	53.0
3910.0	48.0
3911.0	37.0
3912.0	44.0
3913.0	19.0
3914.0	23.0
3915.0	25.0
3916.0	5.0
3917.0	10.0
3918.0	28.0
3919.0	11.0
3920.0	4.0
3921.0	2.0
3922.0	9.0
3923.0	15.0
3924.0	14.0
3925.0	17.0
3926.0	14.0
3927.0	25.0
3928.0	11.0
3929.0	14.0
3930.0	20.0
3931.0	14.0
3932.0	12.0
3933.0	19.0
3934.0	18.0
3935.0	14.0
3936.0	22.0
3937.0	10.0
3938.0	23.0
3939.0	20.0
3940.0	9.0
3941.0	13.0
3942.0	10.0
3943.0	34.0
3944.0	36.0
3945.0	23.0
3946.0	21.0
3947.0	11.0
3948.0	4.0
3949.0	3.0
3950.0	9.0
3951.0	5.0
3952.0	4.0
3953.0	3.0
3954.0	2.0
3955.0	10.0
3956.0	19.0
3957.0	13.0
3958.0	16.0
3959.0	5.0
3960.0	12.0
3961.0	20.0
3962.0	26.0
3963.0	16.0
3964.0	8.0
3965.0	24.0
3966.0	27.0
3967.0	12.0
3968.0	33.0
3969.0	19.0
3970.0	19.0
3971.0	7.0
3972.0	10.0
3973.0	22.0
3974.0	13.0
3975.0	7.0
3976.0	14.0
3977.0	40.0
3978.0	17.0
3979.0	1.0
3982.0	1.0
3983.0	8.0
3984.0	8.0
3985.0	12.0
3987.0	3.0
3990.0	5.0
3991.0	18.0
3992.0	4.0
3993.0	8.0
3994.0	11.0
3995.0	10.0
3996.0	3.0
3997.0	1.0
3998.0	4.0
3999.0	5.0
4000.0	5.0
4001.0	11.0
4002.0	10.0
4003.0	8.0
4004.0	6.0
4005.0	2.0
4006.0	8.0
4007.0	8.0
4008.0	11.0
4009.0	13.0
4010.0	17.0
4011.0	33.0
4012.0	24.0
4013.0	18.0
4014.0	7.0
4015.0	17.0
4016.0	15.0
4017.0	23.0
4018.0	18.0
4019.0	68.0
4020.0	46.0
4021.0	5.0
4022.0	4.0
4023.0	6.0
4024.0	11.0
4025.0	5.0
4026.0	12.0
4027.0	11.0
4028.0	19.0
4029.0	20.0
4030.0	5.0
4031.0	8.0
4032.0	6.0
4033.0	5.0
4034.0	6.0
4035.0	14.0
4036.0	40.0
4037.0	39.0
4038.0	28.0
4039.0	22.0
4040.0	28.0
4041.0	31.0
4042.0	8.0
4043.0	4.0
4044.0	18.0
4045.0	4.0
4046.0	5.0
4047.0	6.0
4048.0	21.0
4049.0	23.0
4050.0	14.0
4051.0	39.0
4052.0	22.0
4053.0	5.0
4054.0	1.0
4055.0	2.0
4056.0	25.0
4057.0	1.0
4058.0	3.0
4059.0	2.0
4060.0	3.0
4061.0	13.0
4062.0	16.0
4063.0	28.0
4064.0	16.0
4065.0	12.0
4066.0	17.0
4067.0	15.0
4068.0	17.0
4069.0	3.0
4070.0	8.0
4071.0	4.0
4072.0	2.0
4073.0	2.0
4074.0	5.0
4076.0	2.0
4077.0	5.0
4078.0	5.0
4079.0	1.0
4080.0	5.0
4081.0	11.0
4082.0	28.0
4083.0	15.0
4084.0	17.0
4085.0	14.0
4086.0	4.0
4087.0	3.0
4088.0	4.0
4089.0	2.0
4090.0	4.0
4091.0	6.0
4092.0	17.0
4093.0	11.0
4094.0	4.0
4095.0	3.0
4096.0	4.0
4097.0	1.0
4099.0	1.0
4100.0	8.0
4101.0	1.0
4102.0	6.0
4103.0	7.0
4104.0	12.0
4105.0	12.0
4106.0	13.0
4107.0	7.0
4108.0	6.0
4109.0	8.0
4110.0	6.0
4111.0	2.0
4112.0	13.0
4113.0	2.0
4114.0	4.0
4115.0	5.0
4116.0	6.0
4135.0	1.0
4137.0	1.0
4142.0	5.0
4143.0	1.0
4144.0	5.0
4145.0	2.0
4146.0	3.0
4147.0	8.0
4148.0	9.0
4149.0	22.0
4150.0	1.0
4151.0	2.0
4153.0	1.0
4155.0	4.0
4156.0	3.0
4157.0	1.0
4158.0	10.0
4159.0	2.0
4160.0	5.0
4161.0	9.0
4162.0	14.0
4163.0	18.0
4164.0	4.0
4165.0	1.0
4166.0	1.0
4169.0	1.0
4170.0	2.0
4171.0	1.0
4172.0	2.0
4173.0	5.0
4174.0	2.0
4175.0	8.0
4176.0	7.0
4177.0	3.0
4178.0	9.0
4179.0	2.0
4180.0	2.0
4181.0	3.0
4182.0	1.0
4183.0	6.0
4186.0	3.0
4187.0	6.0
4188.0	17.0
4189.0	5.0
4190.0	5.0
4191.0	4.0
4192.0	2.0
4194.0	1.0
4195.0	3.0
4197.0	2.0
4199.0	2.0
4200.0	3.0
4201.0	4.0
4202.0	2.0
4203.0	1.0
4204.0	1.0
4205.0	1.0
4206.0	3.0
4208.0	4.0
4209.0	4.0
4210.0	4.0
4211.0	15.0
4212.0	12.0
4213.0	3.0
4215.0	2.0
4217.0	3.0
4218.0	2.0
4219.0	1.0
4220.0	5.0
4221.0	15.0
4222.0	2.0
4223.0	7.0
4224.0	5.0
4225.0	2.0
4226.0	4.0
4227.0	6.0
4228.0	8.0
4229.0	23.0
4230.0	12.0
4231.0	7.0
4232.0	14.0
4233.0	39.0
4234.0	6.0
4235.0	57.0
4236.0	9.0
4237.0	16.0
4238.0	28.0
4239.0	35.0
4240.0	3.0
4241.0	6.0
4242.0	8.0
4243.0	16.0
4244.0	12.0
4245.0	4.0
4246.0	1.0
4247.0	1.0
4250.0	1.0
4255.0	1.0
4256.0	1.0
4257.0	3.0
4258.0	2.0
4259.0	3.0
4260.0	2.0
4261.0	5.0
4262.0	5.0
4263.0	2.0
4264.0	2.0
4265.0	3.0
4266.0	2.0
4267.0	1.0
4268.0	5.0
4269.0	2.0
4270.0	6.0
4271.0	7.0
4272.0	4.0
4273.0	3.0
4275.0	4.0
4276.0	3.0
4277.0	1.0
4278.0	1.0
4280.0	5.0
4281.0	3.0
4283.0	2.0
4284.0	2.0
4285.0	8.0
4286.0	3.0
4287.0	7.0
4288.0	7.0
4289.0	11.0
4290.0	3.0
4291.0	20.0
4292.0	15.0
4293.0	16.0
4294.0	12.0
4295.0	67.0
4296.0	58.0
4297.0	20.0
4298.0	12.0
4299.0	10.0
4300.0	4.0
4301.0	3.0
4302.0	1.0
4305.0	2.0
4306.0	10.0
4307.0	18.0
4308.0	6.0
4309.0	9.0
4310.0	18.0
4311.0	40.0
4312.0	38.0
4313.0	18.0
4314.0	10.0
4315.0	1.0
4319.0	1.0
4320.0	2.0
4321.0	3.0
4322.0	1.0
4324.0	2.0
4325.0	3.0
4326.0	1.0
4329.0	1.0
4333.0	2.0
4334.0	4.0
4335.0	2.0
4336.0	2.0
4338.0	9.0
4339.0	15.0
4340.0	5.0
4341.0	1.0
4342.0	1.0
4343.0	2.0
4344.0	4.0
4346.0	1.0
4347.0	2.0
4348.0	1.0
4350.0	3.0
4352.0	4.0
4353.0	2.0
4354.0	3.0
4355.0	10.0
4356.0	7.0
4357.0	16.0
4358.0	8.0
4359.0	27.0
4360.0	1.0
4361.0	2.0
4362.0	6.0
4363.0	3.0
4364.0	1.0
4366.0	4.0
4367.0	5.0
4368.0	4.0
4369.0	2.0
4370.0	10.0
4371.0	2.0
4372.0	4.0
4373.0	1.0
4374.0	2.0
4377.0	1.0
4378.0	1.0
4379.0	1.0
4381.0	1.0
4383.0	1.0
4385.0	1.0
4387.0	8.0
4388.0	4.0
4389.0	4.0
4390.0	9.0
4391.0	2.0
4392.0	2.0
4393.0	4.0
4394.0	5.0
4395.0	4.0
4396.0	9.0
4397.0	1.0
4398.0	1.0
4399.0	4.0
4400.0	14.0
4401.0	10.0
4402.0	4.0
4403.0	2.0
4404.0	4.0
4406.0	2.0
4407.0	2.0
4408.0	1.0
4409.0	1.0
4410.0	1.0
4412.0	1.0
4414.0	2.0
4415.0	2.0
4418.0	1.0
4419.0	1.0
4420.0	6.0
4421.0	6.0
4422.0	13.0
4423.0	2.0
4424.0	1.0
4425.0	1.0
4426.0	2.0
4428.0	5.0
4429.0	17.0
4430.0	12.0
4431.0	11.0
4432.0	9.0
4433.0	7.0
4434.0	5.0
4435.0	9.0
4436.0	24.0
4437.0	33.0
4438.0	18.0
4439.0	32.0
4440.0	30.0
4441.0	16.0
4442.0	4.0
4443.0	2.0
4444.0	1.0
4445.0	4.0
4447.0	1.0
4449.0	1.0
4450.0	1.0
4451.0	1.0
4452.0	4.0
4453.0	7.0
4454.0	2.0
4456.0	1.0
4457.0	11.0
4458.0	7.0
4459.0	6.0
4460.0	1.0
4461.0	5.0
4462.0	19.0
4463.0	42.0
4464.0	10.0
4467.0	1.0
4473.0	1.0
4480.0	1.0
4482.0	3.0
4483.0	1.0
4490.0	1.0
4491.0	4.0
4493.0	1.0
4494.0	2.0
4495.0	2.0
4496.0	1.0
4497.0	5.0
4498.0	2.0
4499.0	1.0
4500.0	2.0
4501.0	5.0
4502.0	2.0
4503.0	4.0
4504.0	3.0
4505.0	7.0
4506.0	5.0
4507.0	4.0
4508.0	7.0
4509.0	18.0
4510.0	13.0
4511.0	21.0
4512.0	19.0
4513.0	30.0
4514.0	18.0
4515.0	1.0
4516.0	4.0
4517.0	6.0
4518.0	3.0
4519.0	4.0
4520.0	8.0
4521.0	11.0
4522.0	11.0
4523.0	15.0
4524.0	2.0
4525.0	2.0
4526.0	9.0
4527.0	21.0
4528.0	9.0
4529.0	34.0
4530.0	32.0
4531.0	36.0
4532.0	6.0
4533.0	2.0
4534.0	1.0
4536.0	1.0
4540.0	4.0
4542.0	4.0
4543.0	2.0
4544.0	1.0
4546.0	3.0
4547.0	4.0
4548.0	5.0
4549.0	15.0
4550.0	18.0
4551.0	9.0
4552.0	7.0
4553.0	11.0
4554.0	22.0
4555.0	6.0
4556.0	8.0
4557.0	12.0
4558.0	14.0
4559.0	16.0
4560.0	20.0
4561.0	18.0
4562.0	7.0
4563.0	27.0
4564.0	17.0
4565.0	39.0
4566.0	6.0
4567.0	12.0
4568.0	10.0
4569.0	24.0
4570.0	36.0
4571.0	46.0
4572.0	6.0
4573.0	7.0
4574.0	5.0
4575.0	13.0
4576.0	11.0
4577.0	13.0
4578.0	13.0
4579.0	18.0
4580.0	18.0
4581.0	11.0
4582.0	25.0
4583.0	4.0
4584.0	12.0
4585.0	38.0
4586.0	15.0
4587.0	17.0
4588.0	6.0
4589.0	18.0
4590.0	24.0
4591.0	16.0
4592.0	1.0
4593.0	1.0
4595.0	1.0
4596.0	3.0
4597.0	1.0
4598.0	6.0
4599.0	14.0
4600.0	12.0
4601.0	3.0
4602.0	1.0
4603.0	1.0
4604.0	4.0
4605.0	1.0
4606.0	2.0
4607.0	2.0
4608.0	6.0
4609.0	1.0
4610.0	6.0
4611.0	6.0
4612.0	3.0
4613.0	9.0
4614.0	14.0
4615.0	11.0
4616.0	2.0
4617.0	5.0
4618.0	10.0
4619.0	2.0
4620.0	17.0
4621.0	7.0
4622.0	15.0
4623.0	11.0
4624.0	15.0
4625.0	14.0
4626.0	14.0
4627.0	6.0
4628.0	7.0
4629.0	13.0
4630.0	12.0
4631.0	7.0
4632.0	22.0
4633.0	21.0
4634.0	33.0
4635.0	20.0
4636.0	9.0
4637.0	2.0
4638.0	4.0
4640.0	2.0
4642.0	5.0
4643.0	3.0
4644.0	7.0
4645.0	4.0
4646.0	4.0
4647.0	8.0
4648.0	12.0
4649.0	15.0
4650.0	14.0
4651.0	15.0
4652.0	20.0
4653.0	11.0
4654.0	20.0
4655.0	26.0
4656.0	28.0
4657.0	12.0
4658.0	20.0
4660.0	4.0
4662.0	5.0
4663.0	10.0
4664.0	9.0
4665.0	6.0
4666.0	6.0
4667.0	3.0
4670.0	1.0
4671.0	4.0
4672.0	21.0
4673.0	8.0
4674.0	1.0
4675.0	7.0
4676.0	7.0
4677.0	37.0
4678.0	5.0
4679.0	3.0
4681.0	8.0
4682.0	4.0
4683.0	5.0
4684.0	7.0
4688.0	1.0
4690.0	4.0
4691.0	2.0
4692.0	1.0
4700.0	1.0
4705.0	2.0
4707.0	1.0
4708.0	1.0
4716.0	1.0
4717.0	9.0
4718.0	1.0
4719.0	8.0
4720.0	11.0
4721.0	7.0
4722.0	1.0
4723.0	1.0
4724.0	1.0
4726.0	2.0
4727.0	3.0
4729.0	1.0
4731.0	1.0
4732.0	2.0
4733.0	1.0
4734.0	1.0
4735.0	2.0
4736.0	1.0
4737.0	1.0
4738.0	1.0
4739.0	2.0
4740.0	4.0
4741.0	1.0
4742.0	1.0
4744.0	2.0
4745.0	2.0
4746.0	3.0
4747.0	4.0
4748.0	2.0
4749.0	7.0
4750.0	23.0
4751.0	18.0
4752.0	3.0
4753.0	8.0
4754.0	6.0
4755.0	12.0
4756.0	11.0
4757.0	15.0
4758.0	9.0
4759.0	6.0
4760.0	9.0
4761.0	12.0
4762.0	10.0
4763.0	17.0
4764.0	24.0
4765.0	4.0
4766.0	10.0
4767.0	40.0
4768.0	32.0
4769.0	30.0
4770.0	54.0
4771.0	33.0
4772.0	5.0
4773.0	17.0
4774.0	31.0
4775.0	27.0
4776.0	15.0
4777.0	18.0
4778.0	16.0
4779.0	7.0
4780.0	3.0
4781.0	3.0
4782.0	9.0
4783.0	4.0
4784.0	7.0
4785.0	6.0
4786.0	6.0
4787.0	5.0
4788.0	2.0
4789.0	5.0
4790.0	9.0
4791.0	8.0
4792.0	7.0
4793.0	9.0
4794.0	25.0
4795.0	27.0
4796.0	16.0
4797.0	22.0
4798.0	6.0
4799.0	50.0
4800.0	29.0
4801.0	18.0
4802.0	12.0
4803.0	3.0
4804.0	3.0
4805.0	3.0
4806.0	3.0
4811.0	2.0
4812.0	1.0
4813.0	2.0
4814.0	2.0
4815.0	2.0
4816.0	6.0
4817.0	10.0
4818.0	6.0
4819.0	12.0
4820.0	11.0
4821.0	12.0
4822.0	12.0
4823.0	4.0
4824.0	19.0
4825.0	25.0
4826.0	50.0
4827.0	53.0
4828.0	1.0
4849.0	1.0
4853.0	2.0
4857.0	1.0
4866.0	10.0
4867.0	1.0
4868.0	2.0
4869.0	1.0
4871.0	1.0
4872.0	1.0
4873.0	4.0
4874.0	2.0
4875.0	2.0
4876.0	2.0
4877.0	4.0
4879.0	2.0
4889.0	1.0
4891.0	1.0
4919.0	1.0
4924.0	2.0
4925.0	2.0
4926.0	1.0
4929.0	1.0
4930.0	2.0
4931.0	2.0
4932.0	2.0
4933.0	2.0
4934.0	4.0
4935.0	2.0
4936.0	2.0
4937.0	6.0
4938.0	5.0
4939.0	3.0
4940.0	7.0
4941.0	3.0
4942.0	1.0
4943.0	2.0
4944.0	2.0
4945.0	12.0
4946.0	7.0
4947.0	4.0
4948.0	2.0
4949.0	2.0
4950.0	4.0
4951.0	2.0
4952.0	5.0
4953.0	3.0
4954.0	38.0
4955.0	56.0
4956.0	29.0
4957.0	23.0
4958.0	11.0
4959.0	3.0
4960.0	2.0
4961.0	1.0
4962.0	4.0
4963.0	3.0
4964.0	2.0
4965.0	2.0
4966.0	3.0
4967.0	2.0
4968.0	6.0
4969.0	4.0
4970.0	5.0
4971.0	3.0
4972.0	3.0
4973.0	6.0
4974.0	7.0
4975.0	10.0
4976.0	9.0
4977.0	4.0
4978.0	4.0
4979.0	4.0
4980.0	1.0
4982.0	1.0
4985.0	2.0
4987.0	3.0
4988.0	1.0
4989.0	2.0
4990.0	1.0
4992.0	5.0
4993.0	1.0
4994.0	2.0
4996.0	2.0
4997.0	3.0
4998.0	2.0
4999.0	1.0
5000.0	5.0
5001.0	3.0
5002.0	2.0
5003.0	3.0
5004.0	12.0
5005.0	5.0
5006.0	12.0
5007.0	4.0
5008.0	1.0
5009.0	5.0
5011.0	2.0
5012.0	6.0
5013.0	3.0
5014.0	10.0
5015.0	42.0
5016.0	27.0
5017.0	6.0
5018.0	5.0
5019.0	5.0
5020.0	14.0
5021.0	11.0
5022.0	36.0
5023.0	4.0
5025.0	14.0
5026.0	11.0
5027.0	2.0
5028.0	4.0
5029.0	2.0
5030.0	2.0
5031.0	5.0
5032.0	1.0
5033.0	1.0
5034.0	18.0
5035.0	1.0
5036.0	2.0
5037.0	4.0
5038.0	2.0
5039.0	35.0
5040.0	29.0
5041.0	22.0
5042.0	12.0
5043.0	37.0
5044.0	26.0
5045.0	4.0
5046.0	15.0
5047.0	2.0
5048.0	4.0
5050.0	3.0
5051.0	13.0
5052.0	5.0
5053.0	26.0
5054.0	15.0
5055.0	15.0
5056.0	11.0
5057.0	10.0
5059.0	2.0
5064.0	2.0
5065.0	2.0
5066.0	5.0
5067.0	2.0
5068.0	5.0
5069.0	6.0
5070.0	14.0
5071.0	8.0
5072.0	17.0
5074.0	3.0
5075.0	9.0
5076.0	7.0
5077.0	3.0
5078.0	4.0
5079.0	2.0
5080.0	4.0
5081.0	2.0
5082.0	3.0
5083.0	4.0
5084.0	2.0
5085.0	8.0
5086.0	15.0
5087.0	4.0
5088.0	13.0
5089.0	3.0
5090.0	4.0
5091.0	1.0
5092.0	4.0
5093.0	12.0
5094.0	1.0
5095.0	11.0
5096.0	7.0
5097.0	4.0
5098.0	2.0
5099.0	5.0
5100.0	2.0
5101.0	5.0
5102.0	3.0
5103.0	3.0
5104.0	3.0
5105.0	2.0
5106.0	3.0
5107.0	2.0
5108.0	7.0
5109.0	13.0
5110.0	9.0
5111.0	2.0
5112.0	6.0
5113.0	4.0
5114.0	13.0
5115.0	13.0
5116.0	16.0
5117.0	15.0
5118.0	46.0
5119.0	16.0
5120.0	19.0
5121.0	15.0
5122.0	15.0
5123.0	31.0
5124.0	35.0
5125.0	34.0
5126.0	30.0
5127.0	10.0
5128.0	17.0
5129.0	22.0
5130.0	38.0
5131.0	50.0
5132.0	44.0
5133.0	42.0
5134.0	70.0
5135.0	64.0
5136.0	38.0
5137.0	18.0
5138.0	15.0
5139.0	7.0
5140.0	34.0
5141.0	22.0
5142.0	6.0
5143.0	22.0
5144.0	6.0
5145.0	2.0
5146.0	3.0
5147.0	1.0
5148.0	4.0
5149.0	1.0
5150.0	4.0
5151.0	2.0
5152.0	2.0
5153.0	1.0
5154.0	5.0
5155.0	7.0
5156.0	1.0
5158.0	3.0
5159.0	3.0
5160.0	2.0
5161.0	3.0
5162.0	1.0
5164.0	1.0
5166.0	2.0
5167.0	2.0
5169.0	3.0
5170.0	7.0
5171.0	10.0
5172.0	10.0
5173.0	21.0
5174.0	26.0
5175.0	19.0
5176.0	33.0
5177.0	12.0
5178.0	4.0
5179.0	3.0
5180.0	2.0
5181.0	5.0
5182.0	6.0
5183.0	8.0
5184.0	1.0
5185.0	2.0
5187.0	1.0
5189.0	2.0
5191.0	3.0
5192.0	1.0
5193.0	6.0
5194.0	3.0
5195.0	2.0
5196.0	1.0
5197.0	3.0
5198.0	2.0
5199.0	5.0
5200.0	3.0
5201.0	3.0
5202.0	2.0
5203.0	5.0
5204.0	4.0
5205.0	5.0
5208.0	1.0
5210.0	4.0
5211.0	7.0
5213.0	4.0
5214.0	7.0
5215.0	8.0
5216.0	3.0
5217.0	4.0
5218.0	4.0
5219.0	7.0
5220.0	22.0
5221.0	15.0
5222.0	14.0
5223.0	23.0
5224.0	16.0
5225.0	19.0
5226.0	40.0
5227.0	44.0
5228.0	29.0
5229.0	37.0
5230.0	25.0
5231.0	12.0
5232.0	23.0
5233.0	8.0
5236.0	1.0
5238.0	1.0
5239.0	1.0
5245.0	1.0
5250.0	1.0
5254.0	1.0
5255.0	2.0
5259.0	1.0
5263.0	1.0
5265.0	1.0
5266.0	1.0
5268.0	1.0
5269.0	2.0
5271.0	2.0
5272.0	1.0
5273.0	4.0
5274.0	7.0
5275.0	11.0
5276.0	5.0
5277.0	7.0
5278.0	4.0
5279.0	3.0
5280.0	10.0
5281.0	3.0
5282.0	4.0
5283.0	2.0
5284.0	2.0
5285.0	4.0
5286.0	3.0
5287.0	6.0
5288.0	8.0
5289.0	4.0
5290.0	6.0
5291.0	3.0
5292.0	3.0
5293.0	18.0
5294.0	30.0
5295.0	25.0
5296.0	27.0
5297.0	28.0
5298.0	32.0
5299.0	43.0
5300.0	34.0
5301.0	12.0
5302.0	12.0
5303.0	5.0
5304.0	2.0
5305.0	4.0
5306.0	3.0
5307.0	2.0
5309.0	1.0
5310.0	2.0
5312.0	1.0
5313.0	1.0
5314.0	5.0
5315.0	7.0
5316.0	17.0
5317.0	2.0
5318.0	1.0
5319.0	3.0
5320.0	2.0
5321.0	4.0
5322.0	8.0
5323.0	4.0
5324.0	7.0
5325.0	8.0
5326.0	4.0
5327.0	11.0
5328.0	16.0
5329.0	5.0
5330.0	1.0
5331.0	20.0
5332.0	8.0
5333.0	7.0
5334.0	6.0
5335.0	3.0
5336.0	4.0
5337.0	1.0
5338.0	5.0
5339.0	7.0
5340.0	2.0
5341.0	6.0
5342.0	4.0
5343.0	3.0
5344.0	2.0
5345.0	3.0
5346.0	2.0
5347.0	4.0
5348.0	3.0
5349.0	2.0
5350.0	6.0
5351.0	1.0
5352.0	6.0
5353.0	11.0
5354.0	16.0
5355.0	14.0
5356.0	1.0
5357.0	8.0
5358.0	3.0
5359.0	6.0
5360.0	14.0
5361.0	12.0
5362.0	11.0
5363.0	2.0
5364.0	12.0
5365.0	6.0
5366.0	10.0
5367.0	15.0
5368.0	17.0
5369.0	11.0
5370.0	6.0
5371.0	9.0
5372.0	2.0
5373.0	6.0
5374.0	4.0
5375.0	5.0
5376.0	6.0
5377.0	12.0
5378.0	8.0
5379.0	7.0
5380.0	7.0
5381.0	11.0
5382.0	4.0
5383.0	15.0
5384.0	28.0
5385.0	19.0
5386.0	27.0
5387.0	39.0
5388.0	13.0
5389.0	8.0
5390.0	20.0
5391.0	19.0
5392.0	11.0
5393.0	5.0
5394.0	12.0
5395.0	11.0
5396.0	13.0
5397.0	15.0
5398.0	5.0
5399.0	3.0
5400.0	4.0
5401.0	7.0
5402.0	11.0
5403.0	4.0
5404.0	3.0
5406.0	4.0
5407.0	1.0
5408.0	3.0
5409.0	2.0
5410.0	3.0
5411.0	3.0
5412.0	4.0
5413.0	8.0
5414.0	18.0
5415.0	26.0
5416.0	20.0
5417.0	6.0
5418.0	15.0
5419.0	2.0
5420.0	19.0
5421.0	5.0
5422.0	2.0
5423.0	1.0
5424.0	2.0
5425.0	2.0
5426.0	3.0
5427.0	8.0
5428.0	7.0
5429.0	3.0
5430.0	1.0
5431.0	4.0
5432.0	12.0
5433.0	4.0
5434.0	3.0
5435.0	6.0
5436.0	18.0
5437.0	3.0
5438.0	8.0
5439.0	11.0
5440.0	23.0
5441.0	6.0
5442.0	7.0
5443.0	10.0
5444.0	6.0
5445.0	1.0
5446.0	1.0
5449.0	1.0
5450.0	3.0
5452.0	2.0
5453.0	7.0
5454.0	5.0
5455.0	7.0
5456.0	11.0
5457.0	8.0
5459.0	1.0
5460.0	1.0
5461.0	2.0
5464.0	3.0
5465.0	1.0
5466.0	1.0
5467.0	2.0
5468.0	2.0
5469.0	1.0
5470.0	1.0
5471.0	1.0
5474.0	1.0
5475.0	1.0
5477.0	2.0
5478.0	2.0
5479.0	4.0
5480.0	1.0
5481.0	5.0
5482.0	3.0
5483.0	2.0
5484.0	3.0
5487.0	1.0
5488.0	1.0
5490.0	1.0
5494.0	1.0
5496.0	1.0
5497.0	1.0
5499.0	3.0
5500.0	1.0
5501.0	2.0
5502.0	1.0
5503.0	1.0
5504.0	3.0
5505.0	1.0
5506.0	1.0
5507.0	2.0
5508.0	3.0
5509.0	1.0
5510.0	2.0
5511.0	2.0
5512.0	4.0
5514.0	4.0
5515.0	4.0
5516.0	2.0
5518.0	3.0
5519.0	1.0
5520.0	4.0
5521.0	4.0
5522.0	3.0
5523.0	3.0
5524.0	2.0
5525.0	1.0
5528.0	8.0
5529.0	2.0
5530.0	6.0
5531.0	10.0
5532.0	5.0
5533.0	12.0
5534.0	14.0
5535.0	10.0
5536.0	6.0
5537.0	36.0
5538.0	40.0
5539.0	33.0
5540.0	43.0
5541.0	17.0
5542.0	7.0
5543.0	18.0
5544.0	2.0
5545.0	1.0
5546.0	5.0
5547.0	3.0
5548.0	6.0
5549.0	11.0
5550.0	7.0
5551.0	9.0
5552.0	19.0
5553.0	13.0
5554.0	16.0
5555.0	15.0
5556.0	8.0
5557.0	4.0
5558.0	2.0
5559.0	2.0
5560.0	8.0
5561.0	2.0
5562.0	7.0
5563.0	7.0
5564.0	27.0
5565.0	27.0
5566.0	3.0
5567.0	7.0
5568.0	1.0
5569.0	3.0
5570.0	6.0
5571.0	4.0
5572.0	8.0
5573.0	7.0
5574.0	20.0
5575.0	17.0
5576.0	18.0
5577.0	10.0
5578.0	11.0
5579.0	26.0
5580.0	13.0
5581.0	18.0
5582.0	27.0
5583.0	6.0
5584.0	27.0
5585.0	3.0
5586.0	6.0
5587.0	18.0
5588.0	8.0
5589.0	11.0
5590.0	20.0
5591.0	5.0
5592.0	27.0
5593.0	17.0
5594.0	13.0
5595.0	20.0
5596.0	12.0
5597.0	6.0
5598.0	34.0
5599.0	3.0
5600.0	3.0
5601.0	5.0
5602.0	4.0
5603.0	1.0
5604.0	2.0
5605.0	7.0
5606.0	5.0
5607.0	28.0
5608.0	3.0
5609.0	7.0
5610.0	1.0
5611.0	1.0
5612.0	1.0
5613.0	1.0
5614.0	5.0
5615.0	2.0
5616.0	3.0
5617.0	2.0
5618.0	3.0
5619.0	22.0
5620.0	14.0
5621.0	18.0
5622.0	3.0
5623.0	1.0
5624.0	2.0
5626.0	3.0
5627.0	15.0
5628.0	4.0
5629.0	19.0
5630.0	4.0
5633.0	1.0
5637.0	3.0
5638.0	3.0
5640.0	4.0
5641.0	3.0
5642.0	8.0
5643.0	3.0
5645.0	20.0
5646.0	7.0
5648.0	4.0
5649.0	10.0
5650.0	4.0
5652.0	1.0
5653.0	1.0
5656.0	1.0
5657.0	1.0
5658.0	1.0
5659.0	2.0
5665.0	1.0
5667.0	1.0
5672.0	1.0
5673.0	6.0
5674.0	2.0
5678.0	1.0
5679.0	1.0
5686.0	1.0
5694.0	1.0
5696.0	1.0
5697.0	2.0
5698.0	1.0
5704.0	1.0
5705.0	1.0
5714.0	1.0
5715.0	1.0
5716.0	1.0
5717.0	1.0
5718.0	1.0
5719.0	1.0
5720.0	1.0
5723.0	1.0
5724.0	1.0
5726.0	1.0
5731.0	1.0
5732.0	1.0
5735.0	1.0
5736.0	1.0
5738.0	1.0
5741.0	4.0
5742.0	3.0
5743.0	2.0
5744.0	2.0
5746.0	2.0
5747.0	7.0
5748.0	3.0
5749.0	1.0
5750.0	4.0
5751.0	3.0
5752.0	2.0
5753.0	3.0
5754.0	6.0
5755.0	10.0
5756.0	6.0
5757.0	1.0
5758.0	2.0
5760.0	13.0
5761.0	6.0
5762.0	6.0
5763.0	2.0
5766.0	1.0
5767.0	1.0
5770.0	1.0
5771.0	2.0
5772.0	1.0
5776.0	1.0
5777.0	5.0
5778.0	1.0
5782.0	1.0
5784.0	2.0
5786.0	3.0
5787.0	2.0
5789.0	2.0
5791.0	2.0
5792.0	1.0
5793.0	3.0
5795.0	3.0
5796.0	2.0
5797.0	2.0
5798.0	1.0
5799.0	2.0
5800.0	3.0
5801.0	5.0
5802.0	1.0
5803.0	2.0
5805.0	3.0
5806.0	3.0
5807.0	5.0
5808.0	5.0
5809.0	6.0
5810.0	4.0
5811.0	3.0
5812.0	7.0
5813.0	1.0
5814.0	5.0
5815.0	5.0
5817.0	8.0
5818.0	12.0
5819.0	5.0
5820.0	3.0
5822.0	4.0
5823.0	2.0
5824.0	10.0
5825.0	11.0
5826.0	20.0
5827.0	7.0
5828.0	12.0
5829.0	16.0
5830.0	9.0
5831.0	5.0
5832.0	25.0
5833.0	23.0
5834.0	10.0
5835.0	12.0
5836.0	33.0
5837.0	37.0
5838.0	52.0
5839.0	45.0
5840.0	15.0
5841.0	11.0
5842.0	37.0
5843.0	27.0
5844.0	58.0
5845.0	23.0
5846.0	53.0
5847.0	63.0
5848.0	16.0
5849.0	10.0
5850.0	18.0
5851.0	5.0
5852.0	2.0
5853.0	3.0
5854.0	1.0
5855.0	3.0
5856.0	16.0
5857.0	20.0
5858.0	15.0
5859.0	14.0
5860.0	7.0
5861.0	2.0
5862.0	2.0
5863.0	11.0
5864.0	3.0
5865.0	1.0
5866.0	2.0
5867.0	3.0
5868.0	9.0
5869.0	4.0
5870.0	7.0
5871.0	9.0
5872.0	11.0
5873.0	5.0
5874.0	4.0
5875.0	4.0
5876.0	6.0
5877.0	14.0
5878.0	22.0
5879.0	3.0
5880.0	13.0
5881.0	13.0
5882.0	14.0
5883.0	2.0
5886.0	1.0
5887.0	3.0
5889.0	1.0
5892.0	2.0
5895.0	5.0
5896.0	2.0
5897.0	1.0
5898.0	2.0
5900.0	2.0
5902.0	1.0
5903.0	1.0
5904.0	1.0
5905.0	1.0
5906.0	4.0
5907.0	1.0
5908.0	2.0
5909.0	3.0
5910.0	1.0
5911.0	6.0
5912.0	9.0
5913.0	9.0
5914.0	12.0
5915.0	18.0
5916.0	20.0
5917.0	6.0
5918.0	2.0
5920.0	1.0
5922.0	1.0
5923.0	2.0
5924.0	1.0
5925.0	2.0
5926.0	13.0
5927.0	9.0
5928.0	2.0
5931.0	1.0
5933.0	1.0
5934.0	2.0
5940.0	3.0
5941.0	3.0
5942.0	3.0
5943.0	1.0
5944.0	2.0
5945.0	1.0
5946.0	2.0
5947.0	1.0
5948.0	1.0
5950.0	3.0
5951.0	1.0
5952.0	2.0
5953.0	1.0
5954.0	3.0
5955.0	1.0
5956.0	3.0
5957.0	1.0
5958.0	2.0
5959.0	1.0
5960.0	5.0
5961.0	3.0
5962.0	8.0
5963.0	7.0
5964.0	10.0
5965.0	5.0
5966.0	5.0
5967.0	6.0
5969.0	3.0
5970.0	1.0
5971.0	3.0
5972.0	10.0
5973.0	18.0
5974.0	17.0
5975.0	34.0
5976.0	4.0
5977.0	8.0
5978.0	13.0
5979.0	8.0
5980.0	8.0
5981.0	4.0
5982.0	17.0
5983.0	1.0
5984.0	2.0
5986.0	3.0
5987.0	4.0
5989.0	2.0
5991.0	1.0
5992.0	1.0
5993.0	2.0
5994.0	5.0
5995.0	14.0
5997.0	9.0
5998.0	3.0
5999.0	3.0
6000.0	8.0
6001.0	1.0
6002.0	5.0
6003.0	6.0
6004.0	4.0
6005.0	1.0
6006.0	6.0
6007.0	7.0
6008.0	9.0
6009.0	11.0
6010.0	9.0
6011.0	5.0
6012.0	5.0
6013.0	7.0
6014.0	9.0
6015.0	16.0
6016.0	28.0
6017.0	18.0
6018.0	1.0
6019.0	5.0
6021.0	1.0
6024.0	1.0
6029.0	1.0
6033.0	1.0
6034.0	1.0
6035.0	1.0
6036.0	1.0
6041.0	1.0
6043.0	2.0
6044.0	3.0
6045.0	3.0
6047.0	7.0
6048.0	7.0
6063.0	1.0
6068.0	1.0
6069.0	1.0
6070.0	1.0
6072.0	3.0
6074.0	3.0
6075.0	2.0
6076.0	9.0
6077.0	6.0
6078.0	12.0
6079.0	9.0
6080.0	21.0
6081.0	30.0
6082.0	48.0
6083.0	25.0
6084.0	2.0
6085.0	1.0
6086.0	1.0
6087.0	1.0
6090.0	3.0
6094.0	1.0
6095.0	1.0
6099.0	1.0
6100.0	3.0
6102.0	3.0
6103.0	1.0
6104.0	4.0
6105.0	1.0
6106.0	4.0
6107.0	3.0
6108.0	7.0
6109.0	7.0
6110.0	1.0
6111.0	2.0
6112.0	3.0
6113.0	3.0
6114.0	3.0
6115.0	4.0
6116.0	12.0
6117.0	17.0
6118.0	7.0
6119.0	7.0
6120.0	1.0
6121.0	3.0
6122.0	1.0
6124.0	6.0
6125.0	1.0
6126.0	1.0
6127.0	8.0
6128.0	7.0
6129.0	4.0
6130.0	9.0
6131.0	12.0
6132.0	17.0
6133.0	11.0
6139.0	1.0
6160.0	2.0
6165.0	2.0
6166.0	1.0
6170.0	1.0
6172.0	3.0
6174.0	1.0
6175.0	1.0
6176.0	2.0
6177.0	2.0
6178.0	3.0
6179.0	2.0
6180.0	6.0
6181.0	21.0
6182.0	3.0
6183.0	3.0
6187.0	4.0
6188.0	1.0
6189.0	6.0
6190.0	6.0
6191.0	3.0
6192.0	15.0
6193.0	9.0
6194.0	3.0
6198.0	1.0
6202.0	1.0
6208.0	1.0
6213.0	1.0
6215.0	1.0
6219.0	1.0
6221.0	1.0
6222.0	1.0
6224.0	1.0
6225.0	1.0
6226.0	1.0
6228.0	3.0
6231.0	1.0
6234.0	2.0
6235.0	1.0
6237.0	6.0
6238.0	2.0
6239.0	12.0
6240.0	2.0
6241.0	15.0
6242.0	10.0
6243.0	12.0
6244.0	7.0
6245.0	18.0
6246.0	1.0
6247.0	2.0
6248.0	4.0
6249.0	2.0
6251.0	1.0
6252.0	1.0
6253.0	1.0
6254.0	2.0
6256.0	5.0
6257.0	3.0
6258.0	5.0
6259.0	4.0
6260.0	1.0
6261.0	7.0
6262.0	3.0
6263.0	5.0
6264.0	3.0
6265.0	2.0
6266.0	5.0
6267.0	4.0
6268.0	10.0
6269.0	5.0
6270.0	4.0
6271.0	8.0
6272.0	9.0
6273.0	3.0
6274.0	6.0
6275.0	3.0
6276.0	4.0
6277.0	2.0
6279.0	4.0
6280.0	6.0
6281.0	2.0
6282.0	4.0
6283.0	6.0
6284.0	1.0
6285.0	5.0
6286.0	8.0
6287.0	2.0
6288.0	1.0
6290.0	1.0
6293.0	1.0
6294.0	3.0
6298.0	1.0
6299.0	1.0
6300.0	3.0
6301.0	4.0
6302.0	1.0
6303.0	2.0
6304.0	3.0
6305.0	1.0
6306.0	9.0
6307.0	2.0
6308.0	1.0
6312.0	1.0
6313.0	1.0
6314.0	1.0
6315.0	1.0
6318.0	2.0
6319.0	1.0
6324.0	2.0
6326.0	2.0
6327.0	1.0
6328.0	2.0
6332.0	2.0
6337.0	2.0
6340.0	2.0
6342.0	3.0
6347.0	1.0
6348.0	1.0
6349.0	1.0
6350.0	1.0
6351.0	2.0
6353.0	1.0
6354.0	1.0
6355.0	1.0
6356.0	2.0
6357.0	1.0
6358.0	5.0
6359.0	8.0
6360.0	4.0
6361.0	6.0
6362.0	11.0
6363.0	21.0
6364.0	7.0
6365.0	8.0
6366.0	12.0
6367.0	7.0
6368.0	7.0
6369.0	6.0
6370.0	9.0
6371.0	8.0
6372.0	4.0
6373.0	2.0
6374.0	3.0
6375.0	2.0
6376.0	3.0
6377.0	4.0
6378.0	9.0
6379.0	5.0
6380.0	2.0
6385.0	1.0
6388.0	1.0
6401.0	1.0
6410.0	1.0
6414.0	1.0
6415.0	1.0
6419.0	1.0
6421.0	3.0
6423.0	1.0
6424.0	1.0
6430.0	1.0
6431.0	4.0
6432.0	3.0
6433.0	3.0
6434.0	2.0
6436.0	2.0
6437.0	4.0
6438.0	4.0
6439.0	4.0
6440.0	3.0
6441.0	4.0
6442.0	2.0
6443.0	2.0
6444.0	3.0
6445.0	6.0
6446.0	7.0
6447.0	6.0
6448.0	5.0
6449.0	6.0
6450.0	12.0
6451.0	4.0
6452.0	10.0
6453.0	6.0
6454.0	7.0
6455.0	35.0
6456.0	9.0
6457.0	28.0
6458.0	32.0
6459.0	5.0
6460.0	10.0
6461.0	16.0
6462.0	4.0
6463.0	3.0
6464.0	6.0
6465.0	1.0
6466.0	6.0
6467.0	10.0
6468.0	5.0
6470.0	1.0
6471.0	5.0
6472.0	2.0
6473.0	1.0
6474.0	1.0
6475.0	3.0
6476.0	3.0
6477.0	3.0
6478.0	10.0
6479.0	24.0
6480.0	26.0
6481.0	12.0
6482.0	6.0
6483.0	2.0
6484.0	2.0
6486.0	4.0
6487.0	11.0
6488.0	1.0
6489.0	4.0
6490.0	3.0
6491.0	3.0
6492.0	2.0
6493.0	3.0
6494.0	1.0
6495.0	9.0
6496.0	10.0
6497.0	14.0
6498.0	19.0
6499.0	6.0
6500.0	7.0
6501.0	1.0
6502.0	8.0
6503.0	1.0
6504.0	2.0
6505.0	14.0
6506.0	11.0
6507.0	2.0
6508.0	9.0
6509.0	1.0
6510.0	6.0
6511.0	6.0
6512.0	3.0
6513.0	2.0
6514.0	2.0
6515.0	7.0
6516.0	2.0
6518.0	4.0
6519.0	2.0
6520.0	1.0
6523.0	1.0
6531.0	3.0
6534.0	1.0
6536.0	1.0
6538.0	1.0
6540.0	3.0
6542.0	4.0
6544.0	1.0
6545.0	9.0
6546.0	2.0
6547.0	1.0
6548.0	16.0
6549.0	3.0
6550.0	2.0
6552.0	7.0
6553.0	3.0
6554.0	1.0
6555.0	4.0
6556.0	8.0
6557.0	10.0
6558.0	13.0
6559.0	26.0
6560.0	6.0
6561.0	4.0
6562.0	8.0
6563.0	10.0
6564.0	4.0
6572.0	1.0
6577.0	1.0
6584.0	1.0
6588.0	1.0
6589.0	1.0
6597.0	2.0
6598.0	2.0
6599.0	1.0
6601.0	1.0
6603.0	1.0
6604.0	1.0
6605.0	2.0
6606.0	4.0
6608.0	2.0
6609.0	7.0
6610.0	9.0
6613.0	11.0
6614.0	6.0
6615.0	3.0
6616.0	2.0
6617.0	5.0
6618.0	9.0
6619.0	19.0
6620.0	7.0
6621.0	10.0
6622.0	7.0
6623.0	6.0
6624.0	2.0
6625.0	7.0
6626.0	1.0
6627.0	9.0
6629.0	1.0
6630.0	3.0
6631.0	3.0
6632.0	2.0
6633.0	3.0
6634.0	1.0
6636.0	2.0
6637.0	1.0
6638.0	1.0
6639.0	3.0
6640.0	1.0
6641.0	1.0
6642.0	4.0
6643.0	2.0
6644.0	2.0
6645.0	2.0
6646.0	2.0
6648.0	1.0
6649.0	2.0
6651.0	2.0
6652.0	3.0
6653.0	11.0
6654.0	6.0
6655.0	1.0
6657.0	1.0
6658.0	3.0
6659.0	1.0
6661.0	1.0
6662.0	4.0
6663.0	1.0
6665.0	16.0
6666.0	6.0
6667.0	5.0
6668.0	5.0
6669.0	4.0
6670.0	4.0
6672.0	10.0
6673.0	17.0
6674.0	16.0
6675.0	1.0
6676.0	1.0
6677.0	2.0
6678.0	3.0
6679.0	3.0
6680.0	2.0
6681.0	2.0
6682.0	1.0
6684.0	2.0
6686.0	1.0
6688.0	2.0
6689.0	1.0
6690.0	3.0
6691.0	1.0
6693.0	1.0
6694.0	1.0
6695.0	1.0
6696.0	4.0
6697.0	3.0
6698.0	4.0
6699.0	9.0
6700.0	9.0
6701.0	13.0
6702.0	24.0
6703.0	14.0
6704.0	12.0
6705.0	15.0
6706.0	22.0
6707.0	2.0
6708.0	2.0
6709.0	1.0
6710.0	3.0
6711.0	1.0
6712.0	1.0
6713.0	2.0
6714.0	4.0
6715.0	1.0
6716.0	5.0
6717.0	4.0
6718.0	8.0
6719.0	12.0
6720.0	17.0
6721.0	15.0
6722.0	5.0
6723.0	2.0
6724.0	2.0
6725.0	9.0
6726.0	6.0
6727.0	11.0
6728.0	3.0
6729.0	5.0
6730.0	1.0
6731.0	2.0
6734.0	3.0
6735.0	2.0
6736.0	7.0
6737.0	3.0
6738.0	4.0
6739.0	2.0
6740.0	2.0
6741.0	1.0
6742.0	2.0
6743.0	5.0
6744.0	1.0
6745.0	1.0
6746.0	1.0
6747.0	3.0
6749.0	4.0
6750.0	5.0
6751.0	2.0
6752.0	9.0
6753.0	5.0
6754.0	3.0
6755.0	3.0
6756.0	2.0
6757.0	14.0
6758.0	2.0
6759.0	21.0
6760.0	26.0
6761.0	18.0
6762.0	19.0
6763.0	23.0
6764.0	8.0
6765.0	20.0
6766.0	17.0
6768.0	2.0
6771.0	1.0
6772.0	2.0
6774.0	1.0
6775.0	4.0
6777.0	1.0
6779.0	1.0
6780.0	1.0
6781.0	3.0
6782.0	1.0
6784.0	7.0
6785.0	7.0
6786.0	2.0
6787.0	5.0
6788.0	9.0
6790.0	3.0
6791.0	11.0
6793.0	3.0
6794.0	4.0
6795.0	21.0
6796.0	21.0
6797.0	22.0
6798.0	14.0
6799.0	5.0
6800.0	1.0
6801.0	3.0
6802.0	9.0
6803.0	10.0
6804.0	9.0
6805.0	15.0
6806.0	9.0
6807.0	11.0
6808.0	11.0
6809.0	8.0
6810.0	7.0
6811.0	14.0
6812.0	29.0
6813.0	27.0
6814.0	27.0
6815.0	27.0
6816.0	2.0
6821.0	1.0
6833.0	1.0
6835.0	1.0
6843.0	1.0
6853.0	1.0
6856.0	1.0
6883.0	2.0
6884.0	2.0
6888.0	1.0
6890.0	1.0
6893.0	1.0
6894.0	1.0
6895.0	1.0
6896.0	1.0
6898.0	2.0
6900.0	2.0
6901.0	1.0
6903.0	1.0
6904.0	1.0
6906.0	2.0
6907.0	4.0
6908.0	3.0
6909.0	3.0
6910.0	2.0
6911.0	1.0
6912.0	2.0
6913.0	2.0
6914.0	1.0
6915.0	1.0
6916.0	2.0
6918.0	4.0
6920.0	6.0
6921.0	1.0
6922.0	1.0
6923.0	2.0
6924.0	4.0
6925.0	4.0
6926.0	8.0
6927.0	8.0
6928.0	14.0
6929.0	14.0
6930.0	11.0
6931.0	1.0
6932.0	4.0
6933.0	10.0
6934.0	6.0
6946.0	1.0
6947.0	1.0
6949.0	1.0
6950.0	1.0
6952.0	2.0
6956.0	1.0
6958.0	6.0
6959.0	1.0
6960.0	1.0
6961.0	1.0
6962.0	1.0
6963.0	4.0
6964.0	4.0
6965.0	4.0
6966.0	14.0
6967.0	1.0
6970.0	1.0
6972.0	1.0
6973.0	3.0
6974.0	1.0
6977.0	1.0
6987.0	3.0
6991.0	2.0
6992.0	1.0
6995.0	1.0
6997.0	1.0
7001.0	1.0
7002.0	2.0
7003.0	4.0
7004.0	4.0
7005.0	4.0
7006.0	4.0
7007.0	19.0
7008.0	19.0
7009.0	11.0
7010.0	9.0
7011.0	18.0
7012.0	10.0
7013.0	5.0
7014.0	17.0
7015.0	8.0
7016.0	2.0
7017.0	1.0
7020.0	2.0
7021.0	1.0
7022.0	9.0
7023.0	7.0
7024.0	1.0
7028.0	1.0
7036.0	1.0
7040.0	1.0
7042.0	1.0
7051.0	1.0
7053.0	2.0
7054.0	1.0
7059.0	1.0
7060.0	1.0
7062.0	1.0
7069.0	1.0
7073.0	1.0
7074.0	1.0
7075.0	1.0
7082.0	1.0
7085.0	2.0
7086.0	2.0
7087.0	1.0
7088.0	2.0
7089.0	1.0
7091.0	2.0
7093.0	2.0
7094.0	1.0
7096.0	3.0
7097.0	2.0
7098.0	1.0
7099.0	1.0
7101.0	13.0
7102.0	1.0
7103.0	1.0
7105.0	4.0
7106.0	4.0
7108.0	1.0
7109.0	2.0
7110.0	4.0
7111.0	6.0
7112.0	2.0
7114.0	12.0
7115.0	1.0
7135.0	4.0
7145.0	1.0
7147.0	1.0
7148.0	1.0
7149.0	2.0
7150.0	3.0
7151.0	7.0
7152.0	7.0
7153.0	1.0
7154.0	2.0
7155.0	2.0
7156.0	1.0
7157.0	2.0
7161.0	1.0
7163.0	1.0
7164.0	2.0
7165.0	1.0
7205.0	1.0
7207.0	1.0
7208.0	2.0
7209.0	2.0
7210.0	1.0
7211.0	1.0
7212.0	5.0
7213.0	2.0
7214.0	1.0
7223.0	1.0
7224.0	2.0
7225.0	1.0
7226.0	1.0
7227.0	1.0
7228.0	5.0
7229.0	1.0
7230.0	1.0
7231.0	6.0
7232.0	4.0
7237.0	3.0
7238.0	6.0
7239.0	4.0
7240.0	3.0
7242.0	2.0
7243.0	1.0
7245.0	2.0
7247.0	2.0
7248.0	2.0
7249.0	1.0
7251.0	1.0
7253.0	1.0
7254.0	3.0
7255.0	3.0
7256.0	2.0
7257.0	2.0
7258.0	3.0
7259.0	1.0
7260.0	4.0
7261.0	5.0
7262.0	1.0
7264.0	1.0
7265.0	2.0
7266.0	1.0
7268.0	1.0
7269.0	1.0
7270.0	2.0
7271.0	4.0
7272.0	8.0
7273.0	4.0
7274.0	3.0
7275.0	5.0
7276.0	4.0
7277.0	2.0
7278.0	3.0
7279.0	8.0
7280.0	12.0
7281.0	3.0
7300.0	1.0
7303.0	1.0
7331.0	1.0
7339.0	2.0
7341.0	1.0
7342.0	1.0
7343.0	3.0
7344.0	5.0
7345.0	12.0
7346.0	1.0
7348.0	9.0
7349.0	1.0
7350.0	2.0
7351.0	2.0
7352.0	15.0
7353.0	8.0
7354.0	2.0
7362.0	2.0
7374.0	1.0
7377.0	1.0
7384.0	1.0
7386.0	1.0
7388.0	1.0
7390.0	1.0
7392.0	1.0
7393.0	1.0
7399.0	2.0
7401.0	1.0
7402.0	4.0
7405.0	1.0
7406.0	1.0
7408.0	3.0
7409.0	2.0
7410.0	1.0
7411.0	1.0
7412.0	3.0
7413.0	3.0
7414.0	1.0
7415.0	2.0
7416.0	1.0
7417.0	4.0
7418.0	4.0
7419.0	4.0
7420.0	2.0
7421.0	2.0
7422.0	2.0
7423.0	2.0
7424.0	3.0
7425.0	1.0
7426.0	7.0
7427.0	12.0
7428.0	4.0
7429.0	5.0
7430.0	7.0
7431.0	10.0
7432.0	6.0
7433.0	5.0
7434.0	6.0
7435.0	4.0
7436.0	9.0
7437.0	2.0
7438.0	3.0
7439.0	10.0
7440.0	1.0
7441.0	1.0
7445.0	1.0
7446.0	1.0
7447.0	1.0
7448.0	1.0
7452.0	2.0
7454.0	3.0
7455.0	2.0
7456.0	1.0
7458.0	1.0
7460.0	2.0
7461.0	2.0
7462.0	2.0
7463.0	2.0
7464.0	2.0
7465.0	2.0
7466.0	5.0
7467.0	2.0
7468.0	4.0
7469.0	3.0
7470.0	3.0
7471.0	6.0
7472.0	3.0
7473.0	2.0
7474.0	4.0
7475.0	4.0
7476.0	13.0
7477.0	15.0
7478.0	11.0
7479.0	4.0
7480.0	6.0
7481.0	4.0
7482.0	4.0
7483.0	28.0
7484.0	38.0
7485.0	13.0
7486.0	10.0
7487.0	3.0
7488.0	3.0
7489.0	4.0
7490.0	7.0
7491.0	16.0
7492.0	11.0
7496.0	1.0
7536.0	1.0
7549.0	1.0
7556.0	1.0
7567.0	1.0
7569.0	1.0
7575.0	1.0
7578.0	1.0
7580.0	1.0
7582.0	1.0
7587.0	2.0
7595.0	1.0
7599.0	1.0
7601.0	3.0
7607.0	1.0
7610.0	1.0
7612.0	2.0
7616.0	1.0
7617.0	1.0
7619.0	2.0
7621.0	1.0
7622.0	1.0
7623.0	1.0
7632.0	1.0
7633.0	1.0
7636.0	4.0
7637.0	5.0
7638.0	3.0
7639.0	1.0
7640.0	3.0
7641.0	2.0
7643.0	3.0
7644.0	1.0
7645.0	1.0
7646.0	2.0
7647.0	2.0
7648.0	1.0
7649.0	3.0
7650.0	1.0
7652.0	1.0
7653.0	1.0
7654.0	1.0
7655.0	5.0
7656.0	4.0
7658.0	2.0
7659.0	1.0
7660.0	3.0
7661.0	1.0
7662.0	2.0
7663.0	3.0
7664.0	9.0
7665.0	2.0
7666.0	13.0
7667.0	16.0
7668.0	1.0
7669.0	6.0
7670.0	8.0
7676.0	1.0
7678.0	1.0
7681.0	5.0
7682.0	8.0
7683.0	4.0
7685.0	8.0
7686.0	2.0
7690.0	1.0
7695.0	1.0
7700.0	1.0
7702.0	1.0
7705.0	1.0
7706.0	5.0
7707.0	8.0
7709.0	1.0
7738.0	1.0
7739.0	2.0
7753.0	1.0
7758.0	2.0
7759.0	1.0
7762.0	4.0
7763.0	1.0
7764.0	4.0
7765.0	1.0
7766.0	2.0
7767.0	6.0
7768.0	5.0
7769.0	7.0
7770.0	3.0
7771.0	4.0
7772.0	11.0
7773.0	33.0
7774.0	10.0
7775.0	16.0
7776.0	7.0
7777.0	2.0
7779.0	1.0
7784.0	1.0
7786.0	1.0
7795.0	2.0
7800.0	1.0
7802.0	1.0
7803.0	1.0
7804.0	2.0
7805.0	2.0
7808.0	1.0
7809.0	2.0
7811.0	7.0
7812.0	3.0
7813.0	4.0
7814.0	3.0
7815.0	1.0
7816.0	13.0
7817.0	4.0
7818.0	4.0
7819.0	4.0
7820.0	5.0
7821.0	2.0
7822.0	10.0
7833.0	1.0
7890.0	1.0
7891.0	1.0
7894.0	1.0
7895.0	1.0
7910.0	1.0
7929.0	1.0
7931.0	1.0
7933.0	1.0
7942.0	1.0
7943.0	1.0
7948.0	2.0
7950.0	1.0
7953.0	1.0
7954.0	2.0
7955.0	4.0
7958.0	1.0
7959.0	1.0
7960.0	1.0
7962.0	2.0
7963.0	2.0
7964.0	3.0
7965.0	3.0
7966.0	2.0
7967.0	2.0
7968.0	5.0
7970.0	5.0
7971.0	29.0
7972.0	12.0
7973.0	4.0
7974.0	10.0
7975.0	2.0
7976.0	11.0
7977.0	18.0
7978.0	9.0
7979.0	4.0
7980.0	1.0
7981.0	1.0
7984.0	1.0
7986.0	1.0
7988.0	1.0
7992.0	3.0
7993.0	1.0
7994.0	2.0
7995.0	1.0
7998.0	2.0
7999.0	2.0
8001.0	1.0
8002.0	2.0
8003.0	1.0
8004.0	1.0
8006.0	2.0
8007.0	2.0
8008.0	2.0
8009.0	2.0
8010.0	2.0
8011.0	4.0
8012.0	1.0
8013.0	5.0
8014.0	5.0
8015.0	5.0
8016.0	7.0
8017.0	5.0
8018.0	6.0
8019.0	8.0
8020.0	7.0
8021.0	15.0
8022.0	11.0
8023.0	11.0
8024.0	11.0
8025.0	21.0
8026.0	28.0
8027.0	20.0
8028.0	20.0
8029.0	34.0
8030.0	15.0
8031.0	1.0
8032.0	1.0
8034.0	1.0
8036.0	4.0
8037.0	3.0
8038.0	3.0
8039.0	6.0
8040.0	2.0
8041.0	2.0
8042.0	2.0
8044.0	1.0
8045.0	2.0
8046.0	2.0
8047.0	1.0
8048.0	1.0
8049.0	2.0
8050.0	2.0
8051.0	4.0
8052.0	1.0
8053.0	2.0
8054.0	5.0
8055.0	5.0
8056.0	6.0
8057.0	1.0
8075.0	1.0
8076.0	1.0
8079.0	4.0
8081.0	1.0
8082.0	2.0
8083.0	1.0
8084.0	3.0
8089.0	1.0
8091.0	1.0
8093.0	1.0
8094.0	2.0
8095.0	3.0
8096.0	1.0
8099.0	4.0
8101.0	2.0
8102.0	3.0
8104.0	13.0
8105.0	18.0
8106.0	7.0
8107.0	3.0
8108.0	7.0
8109.0	11.0
8110.0	6.0
8159.0	8.0
8160.0	1.0
8162.0	3.0
8174.0	1.0
8216.0	1.0
8233.0	1.0
8277.0	1.0
8278.0	1.0
8287.0	2.0
8300.0	1.0
8307.0	1.0
8313.0	1.0
8324.0	1.0
8350.0	1.0
8356.0	1.0
8371.0	1.0
8376.0	1.0
8378.0	1.0
8383.0	1.0
8389.0	1.0
8390.0	1.0
8407.0	2.0
8416.0	1.0
8418.0	1.0
8419.0	1.0
8423.0	2.0
8424.0	3.0
8425.0	1.0
8430.0	2.0
8432.0	1.0
8433.0	1.0
8434.0	1.0
8436.0	2.0
8437.0	2.0
8438.0	5.0
8439.0	2.0
8440.0	2.0
8441.0	1.0
8442.0	1.0
8444.0	1.0
8445.0	1.0
8446.0	1.0
8447.0	2.0
8448.0	4.0
8449.0	6.0
8450.0	2.0
8451.0	2.0
8452.0	2.0
8453.0	2.0
8454.0	2.0
8455.0	3.0
8456.0	1.0
8457.0	1.0
8458.0	1.0
8459.0	1.0
8460.0	5.0
8461.0	3.0
8462.0	5.0
8463.0	16.0
8464.0	10.0
8465.0	14.0
8466.0	4.0
8467.0	13.0
8468.0	11.0
8469.0	12.0
8470.0	27.0
8471.0	21.0
8472.0	5.0
8482.0	1.0
8497.0	1.0
8504.0	2.0
8516.0	1.0
8529.0	1.0
8531.0	1.0
8538.0	2.0
8543.0	1.0
8548.0	1.0
8561.0	1.0
8586.0	1.0
8588.0	1.0
8589.0	1.0
8590.0	1.0
8592.0	1.0
8597.0	1.0
8602.0	1.0
8604.0	1.0
8605.0	1.0
8607.0	1.0
8609.0	1.0
8610.0	3.0
8613.0	1.0
8614.0	1.0
8616.0	5.0
8617.0	1.0
8618.0	3.0
8619.0	1.0
8620.0	2.0
8621.0	2.0
8623.0	1.0
8624.0	1.0
8626.0	3.0
8627.0	1.0
8628.0	7.0
8629.0	1.0
8630.0	1.0
8631.0	2.0
8632.0	4.0
8633.0	1.0
8634.0	2.0
8635.0	3.0
8636.0	4.0
8637.0	4.0
8638.0	3.0
8639.0	3.0
8640.0	6.0
8641.0	5.0
8642.0	6.0
8643.0	13.0
8644.0	21.0
8645.0	6.0
8646.0	5.0
8647.0	5.0
8648.0	11.0
8649.0	8.0
8650.0	5.0
8651.0	2.0
8659.0	1.0
8686.0	1.0
8701.0	1.0
8720.0	1.0
8734.0	1.0
8736.0	1.0
8737.0	1.0
8738.0	1.0
8739.0	1.0
8740.0	1.0
8741.0	3.0
8742.0	1.0
8743.0	1.0
8744.0	1.0
8746.0	2.0
8747.0	2.0
8748.0	3.0
8750.0	3.0
8751.0	1.0
8752.0	2.0
8753.0	9.0
8754.0	4.0
8755.0	6.0
8756.0	3.0
8757.0	1.0
8758.0	7.0
8759.0	17.0
8760.0	11.0
8761.0	11.0
9015.0	1.0
9039.0	1.0
9046.0	1.0
9058.0	1.0
9081.0	1.0
9105.0	1.0
9107.0	1.0
9117.0	1.0
9125.0	1.0
9160.0	1.0
9164.0	1.0
9166.0	1.0
9167.0	1.0
9169.0	1.0
9174.0	1.0
9178.0	1.0
9180.0	2.0
9183.0	1.0
9188.0	1.0
9189.0	2.0
9194.0	1.0
9198.0	1.0
9199.0	1.0
9200.0	1.0
9201.0	1.0
9204.0	2.0
9205.0	1.0
9206.0	1.0
9207.0	1.0
9208.0	3.0
9211.0	3.0
9212.0	10.0
9213.0	5.0
9214.0	1.0
9215.0	4.0
9216.0	6.0
9217.0	8.0
9218.0	3.0
9220.0	3.0
9221.0	2.0
9222.0	2.0
9223.0	8.0
9224.0	2.0
9225.0	4.0
9226.0	2.0
9227.0	3.0
9230.0	1.0
9232.0	1.0
9233.0	1.0
9234.0	1.0
9236.0	2.0
9237.0	1.0
9238.0	1.0
9241.0	2.0
9242.0	1.0
9244.0	1.0
9246.0	2.0
9247.0	2.0
9248.0	2.0
9249.0	3.0
9250.0	4.0
9251.0	5.0
9252.0	1.0
9254.0	2.0
9255.0	1.0
9256.0	4.0
9257.0	2.0
9258.0	1.0
9259.0	11.0
9260.0	18.0
9261.0	3.0
9262.0	22.0
9263.0	8.0
9264.0	5.0
9265.0	12.0
9266.0	19.0
9267.0	4.0
9268.0	1.0
9269.0	5.0
9270.0	11.0
9271.0	16.0
9272.0	16.0
9273.0	9.0
9274.0	4.0
9275.0	4.0
9276.0	6.0
9277.0	1.0
9596.0	1.0
9652.0	1.0
9723.0	1.0
9885.0	1.0
9930.0	1.0
9963.0	1.0
9970.0	2.0
9974.0	1.0
9977.0	1.0
9984.0	1.0
9985.0	1.0
9986.0	1.0
9991.0	1.0
9996.0	1.0
10001.0	2.0
10004.0	2.0
10009.0	2.0
10013.0	1.0
10018.0	1.0
10022.0	2.0
10025.0	2.0
10026.0	3.0
10027.0	1.0
10028.0	1.0
10029.0	1.0
10031.0	1.0
10032.0	1.0
10034.0	2.0
10036.0	2.0
10037.0	3.0
10040.0	2.0
10043.0	9.0
10044.0	7.0
10045.0	2.0
10046.0	4.0
10047.0	6.0
10048.0	5.0
10049.0	7.0
10050.0	9.0
10051.0	1.0
10054.0	2.0
10055.0	1.0
10100.0	1.0
10101.0	3.0
10102.0	7.0
10103.0	7.0
10422.0	1.0
10467.0	1.0
10471.0	1.0
10472.0	1.0
10492.0	1.0
10493.0	1.0
10511.0	1.0
10512.0	1.0
10539.0	1.0
10552.0	1.0
10557.0	1.0
10559.0	1.0
10561.0	1.0
10573.0	1.0
10574.0	1.0
10576.0	2.0
10581.0	2.0
10583.0	1.0
10587.0	1.0
10588.0	1.0
10589.0	2.0
10591.0	1.0
10592.0	1.0
10593.0	2.0
10594.0	3.0
10595.0	3.0
10596.0	5.0
10597.0	6.0
10598.0	5.0
10599.0	6.0
10600.0	12.0
10601.0	4.0
10602.0	5.0
10603.0	6.0
10604.0	5.0
10621.0	1.0
10628.0	1.0
10631.0	1.0
10634.0	1.0
10638.0	1.0
10643.0	1.0
10646.0	1.0
10662.0	1.0
10669.0	1.0
10673.0	1.0
10678.0	1.0
10690.0	1.0
10718.0	1.0
10743.0	1.0
10756.0	1.0
10760.0	1.0
10780.0	1.0
10781.0	1.0
10798.0	1.0
10802.0	1.0
10808.0	1.0
10812.0	1.0
10814.0	2.0
10815.0	1.0
10816.0	1.0
10817.0	2.0
10818.0	2.0
10819.0	1.0
10821.0	1.0
10823.0	3.0
10825.0	1.0
10826.0	1.0
10827.0	1.0
10828.0	2.0
10830.0	2.0
10831.0	2.0
10833.0	1.0
10834.0	3.0
10835.0	1.0
10836.0	3.0
10837.0	4.0
10838.0	2.0
10839.0	2.0
10841.0	4.0
10843.0	3.0
10844.0	6.0
10845.0	6.0
10846.0	8.0
10847.0	1.0
10848.0	4.0
10849.0	7.0
10850.0	8.0
10851.0	15.0
10853.0	5.0
11585.0	1.0
11678.0	1.0
11693.0	1.0
11707.0	1.0
11717.0	1.0
11720.0	2.0
11736.0	1.0
11753.0	1.0
11757.0	1.0
11761.0	1.0
11770.0	1.0
11772.0	1.0
11773.0	13.0
11774.0	6.0
11775.0	19.0
11776.0	6.0
11777.0	3.0
11779.0	3.0
11785.0	1.0
11786.0	1.0
11788.0	1.0
11790.0	1.0
11791.0	14.0
11793.0	1.0
11801.0	1.0
11805.0	2.0
11806.0	1.0
11807.0	1.0
11809.0	1.0
11810.0	1.0
11816.0	1.0
11822.0	2.0
11823.0	1.0
11825.0	1.0
11827.0	2.0
11828.0	2.0
11829.0	1.0
11831.0	1.0
11832.0	1.0
11833.0	2.0
11836.0	1.0
11838.0	1.0
11839.0	4.0
11840.0	7.0
11841.0	4.0
11842.0	1.0
11843.0	3.0
11844.0	1.0
11845.0	6.0
11846.0	5.0
11847.0	7.0
11850.0	2.0
11851.0	6.0
11852.0	4.0
11853.0	3.0
11854.0	4.0
11855.0	1.0
11856.0	1.0
11861.0	1.0
11866.0	1.0
11872.0	1.0
11877.0	1.0
11886.0	2.0
11887.0	1.0
11891.0	1.0
11893.0	1.0
11894.0	1.0
11896.0	1.0
11898.0	2.0
11899.0	2.0
11900.0	5.0
11901.0	8.0
11902.0	1.0
11904.0	2.0
11905.0	2.0
11906.0	1.0
11908.0	2.0
11909.0	4.0
11910.0	4.0
11911.0	2.0
11912.0	1.0
11913.0	2.0
11914.0	1.0
11915.0	3.0
11916.0	1.0
11917.0	3.0
11918.0	10.0
11919.0	2.0
11920.0	3.0
11921.0	6.0
11922.0	12.0
11923.0	11.0
11924.0	7.0
11925.0	4.0
12015.0	1.0
12104.0	1.0
12136.0	1.0
12159.0	1.0
12197.0	1.0
12243.0	1.0
12431.0	1.0
12437.0	1.0
12466.0	1.0
12470.0	1.0
12476.0	1.0
12478.0	1.0
12482.0	1.0
12487.0	2.0
12488.0	1.0
12489.0	2.0
12492.0	1.0
12494.0	3.0
12495.0	1.0
12500.0	1.0
12506.0	1.0
12507.0	1.0
12511.0	2.0
12513.0	1.0
12514.0	3.0
12515.0	4.0
12516.0	2.0
12518.0	5.0
12519.0	8.0
12520.0	5.0
12521.0	1.0
12522.0	6.0
12523.0	4.0
12524.0	4.0
12535.0	1.0
12550.0	1.0
12551.0	1.0
12562.0	1.0
12572.0	1.0
12575.0	1.0
12578.0	1.0
12582.0	1.0
12585.0	1.0
12588.0	1.0
12589.0	3.0
12592.0	1.0
12598.0	1.0
12599.0	2.0
12603.0	1.0
12604.0	2.0
12605.0	1.0
12608.0	1.0
12609.0	2.0
12611.0	1.0
12612.0	1.0
12613.0	2.0
12615.0	6.0
12616.0	14.0
12618.0	7.0
12620.0	7.0
12621.0	3.0
12622.0	4.0
12623.0	5.0
12624.0	7.0
12625.0	4.0
12628.0	2.0
12630.0	2.0
12631.0	2.0
12633.0	1.0
12634.0	1.0
12635.0	2.0
12636.0	2.0
12637.0	2.0
12638.0	4.0
12639.0	3.0
12640.0	3.0
12641.0	1.0
12642.0	1.0
12643.0	1.0
12646.0	1.0
12647.0	1.0
12648.0	1.0
12649.0	2.0
12650.0	3.0
12651.0	2.0
12652.0	4.0
12653.0	5.0
12654.0	7.0
12655.0	6.0
12656.0	5.0
12657.0	8.0
12658.0	10.0
12659.0	9.0
12660.0	5.0
12661.0	6.0
12662.0	3.0
12931.0	1.0
13025.0	1.0
13181.0	1.0
13203.0	1.0
13216.0	1.0
13227.0	1.0
13229.0	1.0
13292.0	1.0
13296.0	1.0
13302.0	1.0
13304.0	1.0
13305.0	1.0
13309.0	1.0
13313.0	1.0
13326.0	1.0
13327.0	1.0
13332.0	1.0
13335.0	1.0
13341.0	1.0
13346.0	1.0
13350.0	1.0
13360.0	1.0
13361.0	1.0
13364.0	1.0
13366.0	1.0
13367.0	1.0
13372.0	1.0
13374.0	1.0
13375.0	1.0
13376.0	1.0
13378.0	4.0
13382.0	1.0
13384.0	1.0
13385.0	1.0
13386.0	1.0
13388.0	3.0
13389.0	1.0
13390.0	4.0
13392.0	2.0
13393.0	4.0
13394.0	1.0
13395.0	3.0
13396.0	5.0
13397.0	1.0
13399.0	5.0
13400.0	1.0
13401.0	3.0
13402.0	3.0
13403.0	4.0
13404.0	8.0
13405.0	8.0
13406.0	6.0
13407.0	2.0
13408.0	1.0
13409.0	10.0
13410.0	12.0
13414.0	4.0
13417.0	1.0
13421.0	1.0
13422.0	1.0
13423.0	1.0
13425.0	2.0
13428.0	1.0
13429.0	2.0
13431.0	1.0
13433.0	1.0
13434.0	1.0
13435.0	1.0
13437.0	3.0
13438.0	1.0
13440.0	1.0
13441.0	1.0
13442.0	2.0
13443.0	2.0
13444.0	1.0
13445.0	2.0
13446.0	2.0
13447.0	1.0
13448.0	1.0
13449.0	3.0
13450.0	2.0
13451.0	3.0
13452.0	4.0
13453.0	2.0
13454.0	3.0
13456.0	14.0
13457.0	10.0
13458.0	12.0
13459.0	12.0
13460.0	6.0
13461.0	12.0
13462.0	21.0
13463.0	9.0
13464.0	7.0
13465.0	2.0
13466.0	3.0
13488.0	1.0
13538.0	1.0
13595.0	1.0
13632.0	1.0
13677.0	1.0
13690.0	1.0
13691.0	1.0
13716.0	1.0
13719.0	1.0
13725.0	1.0
13726.0	1.0
13728.0	1.0
13729.0	1.0
13732.0	1.0
13736.0	1.0
13739.0	1.0
13741.0	1.0
13742.0	1.0
13748.0	1.0
13754.0	1.0
13755.0	1.0
13759.0	1.0
13764.0	1.0
13766.0	1.0
13768.0	2.0
13770.0	1.0
13771.0	1.0
13773.0	1.0
13774.0	1.0
13776.0	2.0
13777.0	2.0
13778.0	1.0
13781.0	1.0
13782.0	3.0
13784.0	4.0
13785.0	1.0
13786.0	3.0
13787.0	1.0
13789.0	1.0
13791.0	1.0
13793.0	2.0
13794.0	2.0
13796.0	2.0
13798.0	3.0
13799.0	4.0
13800.0	2.0
13801.0	1.0
13802.0	4.0
13803.0	1.0
13806.0	4.0
13807.0	3.0
13808.0	6.0
13809.0	2.0
13811.0	5.0
13812.0	1.0
13813.0	1.0
13845.0	1.0
13849.0	1.0
13850.0	2.0
13851.0	1.0
13853.0	4.0
13854.0	1.0
13855.0	1.0
13864.0	1.0
13866.0	1.0
13904.0	1.0
14563.0	1.0
14622.0	1.0
14648.0	1.0
14665.0	1.0
14704.0	1.0
14708.0	1.0
14724.0	1.0
14734.0	1.0
14741.0	1.0
14753.0	1.0
14759.0	1.0
14764.0	1.0
14768.0	1.0
14769.0	2.0
14772.0	1.0
14773.0	1.0
14774.0	3.0
14775.0	1.0
14776.0	2.0
14777.0	1.0
14778.0	1.0
14779.0	2.0
14780.0	1.0
14781.0	5.0
14782.0	1.0
14784.0	2.0
14787.0	2.0
14788.0	2.0
14789.0	1.0
14790.0	1.0
14791.0	1.0
14792.0	2.0
14793.0	1.0
14794.0	5.0
14795.0	7.0
14796.0	2.0
14797.0	10.0
14798.0	4.0
14799.0	5.0
14800.0	10.0
14801.0	4.0
14802.0	4.0
14803.0	5.0
14804.0	8.0
14805.0	7.0
15877.0	1.0
15890.0	1.0
15894.0	1.0
15911.0	1.0
15926.0	1.0
15937.0	1.0
15939.0	1.0
15940.0	2.0
15943.0	1.0
15944.0	1.0
15946.0	1.0
15947.0	1.0
15948.0	1.0
15952.0	2.0
15954.0	1.0
15955.0	1.0
15957.0	3.0
15958.0	2.0
15963.0	1.0
15966.0	1.0
15967.0	3.0
15968.0	5.0
15969.0	3.0
15970.0	7.0
15971.0	5.0
15972.0	1.0
15973.0	2.0
15974.0	3.0
15975.0	1.0
15976.0	1.0
15977.0	2.0
15978.0	6.0
15979.0	8.0
15980.0	1.0
15981.0	3.0
15982.0	2.0
15983.0	10.0
15984.0	1.0
15985.0	19.0
16044.0	1.0
16153.0	1.0
16284.0	1.0
16367.0	1.0
16379.0	1.0
16441.0	1.0
16462.0	1.0
16490.0	1.0
16518.0	1.0
16550.0	2.0
16557.0	1.0
16572.0	1.0
16587.0	1.0
16608.0	1.0
16614.0	2.0
16617.0	1.0
16618.0	1.0
16625.0	1.0
16626.0	1.0
16630.0	3.0
16631.0	3.0
16634.0	1.0
16635.0	1.0
16640.0	1.0
16641.0	1.0
16644.0	1.0
16646.0	1.0
16654.0	1.0
16656.0	1.0
16657.0	2.0
16658.0	1.0
16660.0	1.0
16662.0	1.0
16663.0	1.0
16665.0	1.0
16666.0	1.0
16667.0	3.0
16668.0	1.0
16669.0	3.0
16670.0	1.0
16671.0	2.0
16672.0	1.0
16673.0	1.0
16674.0	1.0
16675.0	1.0
16676.0	2.0
16678.0	3.0
16680.0	5.0
16681.0	5.0
16682.0	2.0
16683.0	2.0
16684.0	1.0
16685.0	2.0
16686.0	3.0
16688.0	2.0
16691.0	3.0
16692.0	2.0
16693.0	1.0
16694.0	1.0
16695.0	3.0
16696.0	3.0
16697.0	8.0
16698.0	4.0
16699.0	5.0
16700.0	3.0
16701.0	6.0
16702.0	3.0
16703.0	7.0
16704.0	8.0
16705.0	9.0
16706.0	10.0
16707.0	5.0
16708.0	23.0
16709.0	19.0
16710.0	5.0
16711.0	4.0
16712.0	6.0
16713.0	4.0
16714.0	5.0
16715.0	1.0
16957.0	1.0
17023.0	1.0
17081.0	1.0
17083.0	1.0
17088.0	1.0
17095.0	1.0
17100.0	1.0
17110.0	1.0
17111.0	1.0
17113.0	1.0
17116.0	3.0
17119.0	4.0
17120.0	2.0
17122.0	5.0
17123.0	4.0
17124.0	3.0
17125.0	6.0
17126.0	9.0
17127.0	2.0
17128.0	13.0
17129.0	4.0
17130.0	4.0
17176.0	1.0
17177.0	2.0
17178.0	1.0
17179.0	6.0
17180.0	1.0
17181.0	1.0
17183.0	4.0
17354.0	1.0
17424.0	1.0
17449.0	1.0
17471.0	1.0
17474.0	2.0
17476.0	1.0
17477.0	1.0
17478.0	1.0
17479.0	1.0
17480.0	1.0
17481.0	1.0
17482.0	1.0
17488.0	1.0
17490.0	1.0
17491.0	1.0
17492.0	1.0
21074.0	1.0
21100.0	1.0
21130.0	1.0
21174.0	1.0
21198.0	2.0
21265.0	1.0
21308.0	1.0
21326.0	1.0
21363.0	1.0
21372.0	1.0
21383.0	1.0
21387.0	1.0
21411.0	1.0
21412.0	1.0
21415.0	1.0
21419.0	1.0
21422.0	1.0
21423.0	1.0
21426.0	1.0
21427.0	1.0
21429.0	1.0
21430.0	1.0
21436.0	1.0
21439.0	1.0
21444.0	1.0
21445.0	1.0
21448.0	1.0
21450.0	2.0
21451.0	1.0
21453.0	1.0
21457.0	1.0
21458.0	1.0
21459.0	1.0
21460.0	2.0
21461.0	1.0
21462.0	2.0
21465.0	1.0
21470.0	1.0
21471.0	1.0
21477.0	1.0
21478.0	1.0
21479.0	1.0
21481.0	1.0
21484.0	2.0
21485.0	1.0
21486.0	1.0
21488.0	1.0
21489.0	1.0
21490.0	1.0
21492.0	2.0
21493.0	2.0
21494.0	3.0
21495.0	1.0
21496.0	2.0
21497.0	3.0
21498.0	2.0
21499.0	1.0
21500.0	9.0
21501.0	5.0
21502.0	3.0
21504.0	6.0
21505.0	6.0
21506.0	10.0
21507.0	9.0
21508.0	3.0
21509.0	3.0
21510.0	1.0
21511.0	1.0
