#Insert size (bp)	insert size
1.0	559.0
2.0	46.0
3.0	75.0
4.0	26.0
5.0	507.0
6.0	16.0
7.0	50.0
8.0	14.0
9.0	7.0
10.0	3.0
11.0	6.0
12.0	6.0
13.0	3.0
14.0	9.0
15.0	9.0
16.0	12.0
17.0	7.0
18.0	4.0
19.0	6.0
20.0	5.0
21.0	7.0
22.0	10.0
23.0	4.0
24.0	10.0
25.0	5.0
27.0	2.0
28.0	5.0
29.0	5.0
30.0	8.0
31.0	5.0
32.0	5.0
33.0	4.0
34.0	4.0
35.0	4.0
36.0	4.0
37.0	4.0
38.0	5.0
39.0	5.0
40.0	6.0
41.0	7.0
42.0	4.0
43.0	8.0
44.0	6.0
45.0	9.0
46.0	6.0
47.0	71.0
48.0	16.0
49.0	14.0
50.0	7.0
51.0	10.0
52.0	9.0
53.0	3.0
54.0	15.0
55.0	12.0
56.0	13.0
57.0	18.0
58.0	16.0
59.0	7.0
60.0	10.0
61.0	19.0
62.0	23.0
63.0	14.0
64.0	17.0
65.0	20.0
66.0	18.0
67.0	13.0
68.0	22.0
69.0	20.0
70.0	15.0
71.0	9.0
72.0	15.0
73.0	6.0
74.0	10.0
75.0	16.0
76.0	12.0
77.0	12.0
78.0	9.0
79.0	9.0
80.0	13.0
81.0	13.0
82.0	10.0
83.0	10.0
84.0	10.0
85.0	3.0
86.0	9.0
87.0	8.0
88.0	13.0
89.0	8.0
90.0	12.0
91.0	12.0
92.0	14.0
93.0	10.0
94.0	19.0
95.0	33.0
96.0	24.0
97.0	28.0
98.0	24.0
99.0	252.0
100.0	106.0
101.0	33.0
102.0	18.0
103.0	53.0
104.0	82.0
105.0	34.0
106.0	33.0
107.0	25.0
108.0	23.0
109.0	19.0
110.0	28.0
111.0	30.0
112.0	29.0
113.0	37.0
114.0	118.0
115.0	20.0
116.0	42.0
117.0	39.0
118.0	43.0
119.0	12.0
120.0	17.0
121.0	36.0
122.0	31.0
123.0	26.0
124.0	19.0
125.0	25.0
126.0	25.0
127.0	19.0
128.0	37.0
129.0	23.0
130.0	27.0
131.0	49.0
132.0	82.0
133.0	18.0
134.0	14.0
135.0	29.0
136.0	85.0
137.0	50.0
138.0	38.0
139.0	27.0
140.0	40.0
141.0	33.0
142.0	26.0
143.0	53.0
144.0	36.0
145.0	13.0
146.0	24.0
147.0	21.0
148.0	46.0
149.0	18.0
150.0	60.0
151.0	80.0
152.0	20.0
153.0	26.0
154.0	16.0
155.0	70.0
156.0	41.0
157.0	25.0
158.0	39.0
159.0	42.0
160.0	26.0
161.0	20.0
162.0	19.0
163.0	20.0
164.0	39.0
165.0	37.0
166.0	26.0
167.0	32.0
168.0	38.0
169.0	94.0
170.0	35.0
171.0	30.0
172.0	22.0
173.0	40.0
174.0	58.0
175.0	44.0
176.0	38.0
177.0	42.0
178.0	33.0
179.0	42.0
180.0	6245.0
181.0	3572.0
182.0	43.0
183.0	13.0
184.0	19.0
185.0	47.0
186.0	61.0
187.0	4801.0
188.0	27.0
189.0	33.0
190.0	51.0
191.0	3532.0
192.0	20.0
193.0	45.0
194.0	30.0
195.0	45.0
196.0	5448.0
197.0	40.0
198.0	4145.0
199.0	5183.0
200.0	73.0
201.0	26.0
202.0	20.0
203.0	467.0
204.0	42.0
205.0	29.0
206.0	30.0
207.0	84.0
208.0	135.0
209.0	36.0
210.0	62.0
211.0	63.0
212.0	75.0
213.0	138.0
214.0	66.0
215.0	217.0
216.0	24750.0
217.0	17782.0
218.0	20997.0
219.0	23231.0
220.0	10232.0
221.0	14557.0
222.0	24872.0
223.0	20727.0
224.0	7034.0
225.0	13021.0
226.0	18822.0
227.0	20872.0
228.0	6970.0
229.0	24385.0
230.0	16568.0
231.0	15061.0
232.0	5724.0
233.0	14582.0
234.0	38703.0
235.0	30065.0
236.0	24832.0
237.0	17225.0
238.0	27469.0
239.0	24932.0
240.0	61583.0
241.0	283.0
242.0	2461.0
243.0	22.0
244.0	2738.0
245.0	2145.0
246.0	108.0
247.0	22.0
248.0	28.0
249.0	3481.0
250.0	4605.0
251.0	67.0
252.0	168.0
253.0	4566.0
254.0	21.0
255.0	386.0
256.0	2707.0
257.0	185.0
258.0	1332.0
259.0	19.0
260.0	27.0
261.0	57.0
262.0	38.0
263.0	3128.0
264.0	58.0
265.0	70.0
266.0	110.0
267.0	3945.0
268.0	34.0
269.0	123.0
270.0	21013.0
271.0	6750.0
272.0	10191.0
273.0	1766.0
274.0	12689.0
275.0	9681.0
276.0	10321.0
277.0	5034.0
278.0	5048.0
279.0	10685.0
280.0	2746.0
281.0	2445.0
282.0	488.0
283.0	11374.0
284.0	10178.0
285.0	7881.0
286.0	14820.0
287.0	9230.0
288.0	3040.0
289.0	5737.0
290.0	4298.0
291.0	9867.0
292.0	2666.0
293.0	6362.0
294.0	6660.0
295.0	7257.0
296.0	10288.0
297.0	8035.0
298.0	7567.0
299.0	10358.0
300.0	21438.0
301.0	78.0
302.0	33.0
303.0	21.0
304.0	49.0
305.0	26.0
306.0	65.0
307.0	4718.0
308.0	1893.0
309.0	120.0
310.0	1303.0
311.0	304.0
312.0	62.0
313.0	165.0
314.0	132.0
315.0	11015.0
316.0	6027.0
317.0	3638.0
318.0	3896.0
319.0	1029.0
320.0	4960.0
321.0	3682.0
322.0	5737.0
323.0	1869.0
324.0	2899.0
325.0	5474.0
326.0	11941.0
327.0	14161.0
328.0	9682.0
329.0	4729.0
330.0	2836.0
331.0	7190.0
332.0	1407.0
333.0	246.0
334.0	12443.0
335.0	16893.0
336.0	2962.0
337.0	2452.0
338.0	3952.0
339.0	12357.0
340.0	5077.0
341.0	1276.0
342.0	6427.0
343.0	2836.0
344.0	3590.0
345.0	6178.0
346.0	9862.0
347.0	6409.0
348.0	6129.0
349.0	7094.0
350.0	17797.0
351.0	1376.0
352.0	70.0
353.0	5.0
354.0	15.0
355.0	45.0
356.0	46.0
357.0	34.0
358.0	49.0
359.0	43.0
360.0	19.0
361.0	9.0
362.0	192.0
363.0	19.0
364.0	36.0
365.0	6.0
366.0	30.0
367.0	27.0
368.0	62.0
369.0	30.0
370.0	4.0
371.0	34.0
372.0	8.0
373.0	5.0
374.0	12.0
375.0	4.0
376.0	21.0
377.0	2.0
378.0	9.0
379.0	8.0
380.0	25.0
381.0	23.0
382.0	72.0
383.0	30.0
384.0	64.0
385.0	1.0
386.0	1.0
387.0	8.0
388.0	2.0
389.0	6.0
390.0	26.0
391.0	7.0
393.0	27.0
394.0	34.0
395.0	15.0
396.0	1.0
397.0	1.0
398.0	12.0
399.0	12.0
400.0	5.0
401.0	1.0
402.0	1.0
403.0	51.0
404.0	30.0
406.0	4.0
407.0	2.0
408.0	54.0
409.0	18.0
410.0	15.0
411.0	15.0
412.0	3.0
413.0	2.0
414.0	45.0
415.0	8.0
416.0	2.0
418.0	1.0
419.0	28.0
420.0	1.0
421.0	59.0
422.0	3.0
423.0	21.0
426.0	65.0
428.0	47.0
430.0	2.0
431.0	37.0
432.0	58.0
433.0	5.0
435.0	39.0
436.0	19.0
437.0	8.0
438.0	3.0
439.0	30.0
440.0	10.0
441.0	1.0
442.0	10.0
443.0	40.0
444.0	18.0
446.0	12.0
447.0	4.0
448.0	65.0
449.0	111.0
451.0	25.0
452.0	485.0
453.0	1.0
454.0	33.0
455.0	15.0
456.0	34.0
457.0	9.0
458.0	20.0
459.0	26.0
460.0	16.0
461.0	52.0
462.0	4.0
463.0	4.0
464.0	2.0
467.0	12.0
468.0	1.0
470.0	3.0
471.0	83.0
472.0	13.0
475.0	13.0
476.0	61.0
478.0	1.0
480.0	2.0
481.0	1.0
483.0	5.0
484.0	2.0
486.0	13.0
487.0	10.0
488.0	7.0
489.0	24.0
491.0	11.0
493.0	15.0
494.0	4.0
495.0	17.0
496.0	5.0
497.0	22.0
498.0	1.0
499.0	9.0
505.0	9.0
506.0	31.0
507.0	1.0
509.0	9.0
511.0	10.0
514.0	1.0
516.0	1.0
517.0	2.0
518.0	8.0
523.0	5.0
524.0	1.0
528.0	1.0
529.0	5.0
531.0	2.0
532.0	13.0
534.0	7.0
535.0	4.0
536.0	19.0
541.0	1.0
543.0	11.0
544.0	6.0
545.0	1.0
546.0	3.0
547.0	31.0
548.0	8.0
550.0	17.0
552.0	2.0
554.0	1.0
555.0	7.0
556.0	11.0
557.0	5.0
558.0	8.0
559.0	15.0
560.0	5.0
561.0	2.0
562.0	2.0
563.0	5.0
567.0	5.0
568.0	20.0
569.0	3.0
570.0	16.0
571.0	9.0
574.0	2.0
575.0	3.0
577.0	11.0
578.0	11.0
579.0	6.0
580.0	4.0
582.0	4.0
583.0	4.0
584.0	2.0
585.0	8.0
588.0	22.0
589.0	3.0
590.0	2.0
595.0	1.0
596.0	3.0
597.0	5.0
