#Position (bp)	mapping quality
4011823.0	59.97642738124286
1.2035468E7	59.98294376454164
2.0059113E7	59.97649280794097
2.8082758E7	57.95897951622294
3.6106403E7	56.94154427802821
4.4130048E7	48.630188679245286
5.2153693E7	59.25713332220924
6.0177338E7	7.991243432574431
6.8200983E7	23.361216730038024
7.6224628E7	39.79333333333334
8.4248273E7	59.97495992324975
9.2271918E7	48.503042596348884
1.00295563E8	59.1846819024089
1.08319208E8	44.298172757475086
1.16342853E8	51.782586558044805
1.24366498E8	0.0
1.32390143E8	0.0
1.40413788E8	11.500409487345138
1.48437433E8	0.019552978598268874
1.56461078E8	56.84641208560638
1.64484723E8	59.98188798941192
1.72508368E8	5.2272727272727275
1.80532013E8	44.686851211072664
1.88555658E8	31.88548864758144
1.96579303E8	5.6672760511883
2.04602948E8	57.76803999032492
2.12626593E8	0.4235294117647059
2.20650238E8	55.33645345813832
2.28673883E8	58.02178113472686
2.36697528E8	50.86612810155799
2.44721173E8	57.37213764871434
2.48844709E8	58.74536256323778
2.528565315E8	52.25771103896104
2.60768463E8	58.528248964872446
2.68792108E8	58.26930158340493
2.76815753E8	56.81752458068247
2.84839398E8	2.2912868094866465
2.92863043E8	4.091603053435114
3.00886688E8	50.78235002478929
3.08910333E8	50.155696202531644
3.16933978E8	54.89058000822707
3.24957623E8	55.78338156262919
3.32981268E8	45.59528327460016
3.41004913E8	36.900276355249346
3.49028558E8	59.02963818321786
3.57052203E8	29.230417754569192
3.65075848E8	42.06823894721278
3.73099493E8	59.97877120231211
3.81123138E8	53.21723469105015
3.89146783E8	25.55776045357902
3.97170428E8	25.328682170542635
4.05194073E8	51.179671200867894
4.13217718E8	32.84552845528455
4.21241363E8	56.648689364266346
4.29265008E8	29.75824175824176
4.37288653E8	48.88205560235889
4.45312298E8	21.591044776119404
4.53335943E8	11.584119496855346
4.61359588E8	38.53013698630137
4.69383233E8	48.99052567237164
4.77406878E8	58.61073657927591
4.85430523E8	54.91395423783435
4.902961485E8	59.71569296791183
4.94307971E8	2.3108974358974357
5.01477813E8	57.443143499437994
5.09501458E8	54.34728033472803
5.17525103E8	2.1468842729970326
5.25548748E8	40.24543080939948
5.33572393E8	54.915620094191524
5.41596038E8	59.9764768620943
5.49619683E8	34.584229390681
5.57643328E8	38.33579335793358
5.65666973E8	45.520859277708595
5.73690618E8	0.0
5.81714263E8	49.01485148514851
5.89737908E8	4.94551282051282
5.97761553E8	51.83157894736842
6.05785198E8	5.677083333333333
6.13808843E8	37.42598684210526
6.21832488E8	59.985348965011305
6.29856133E8	53.60337816703159
6.37879778E8	47.75409836065574
6.45903423E8	59.98417080135379
6.53927068E8	0.0
6.61950713E8	43.18248175182482
6.69974358E8	45.539906103286384
6.77998003E8	44.63255567338282
6.85727668E8	55.289385799332074
6.897394905E8	0.0
6.94045293E8	59.88500221883647
7.02068938E8	56.2780864943223
7.10092583E8	11.37724399494311
7.18116228E8	44.87509462528388
7.26139873E8	6.702185792349726
7.34163518E8	1.61328125
7.42187163E8	36.31646216768916
7.50210808E8	42.121428571428574
7.58234453E8	4.0263691683569975
7.66258098E8	26.4408014571949
7.74281743E8	17.441231929604022
7.82305388E8	10.312101910828025
7.90329033E8	1.4083333333333334
7.98352678E8	2.232804232804233
8.06376323E8	4.78978978978979
8.14399968E8	6.310850439882698
8.22423613E8	2.9534342258440045
8.30447258E8	55.39040451552211
8.38470903E8	59.002664002664005
8.46494548E8	56.959649871904354
8.54518193E8	20.417611741160773
8.62541838E8	37.618090452261306
8.70565483E8	3.16988416988417
8.771186855E8	14.957453514024582
8.81130508E8	59.98893193137798
8.86612773E8	59.97733239166955
8.94636418E8	0.11946902654867257
9.02660063E8	5.666666666666667
9.10683708E8	35.89787234042553
9.18707353E8	0.0
9.26730998E8	53.8872870249017
9.34754643E8	59.63938315539739
9.42778288E8	30.553643724696357
9.50801933E8	55.17188587334725
9.58825578E8	1.7166212534059946
9.66849223E8	3.2435483870967743
9.74872868E8	24.389699570815452
9.82896513E8	36.506024096385545
9.90920158E8	58.78489326765189
9.98943803E8	0.15311004784688995
1.006967448E9	4.807065217391305
1.014991093E9	58.22218318107285
1.023014738E9	48.59023587493143
1.031038383E9	50.48074074074074
1.039062028E9	5.285714285714286
1.047085673E9	53.17374932759548
1.055109318E9	57.227010556099685
1.0601597325E9	0.0
1.064171555E9	54.04121238552115
1.071156608E9	37.061789421651014
1.079180253E9	30.32710793737984
1.087203898E9	59.980841423860305
1.095227543E9	29.918206352501556
1.103251188E9	57.08648470897731
1.111274833E9	1.1586538461538463
1.119298478E9	0.864
1.127322123E9	53.26972234464522
1.135345768E9	0.0
1.143369413E9	1.830601092896175
1.151393058E9	1.0879120879120878
1.159416703E9	0.0
1.167440348E9	34.542857142857144
1.175463993E9	7.711864406779661
1.183487638E9	14.91139240506329
1.191511283E9	51.19964819700967
1.199534928E9	59.9809827562542
1.207558573E9	59.977640951930674
1.215582218E9	38.649797570850204
1.223605863E9	51.93488600951287
1.2298109945E9	54.54630454140695
1.233822817E9	59.06165307085553
1.239653153E9	59.911817848383386
1.247676798E9	0.9059139784946236
1.255700443E9	33.477051460361615
1.263724088E9	33.32017543859649
1.271747733E9	34.27068965517241
1.279771378E9	53.84207945071113
1.287795023E9	55.48679429849078
1.295818668E9	53.69379743522638
1.303842313E9	13.193421380513332
1.311865958E9	59.985275760723745
1.319889603E9	59.706934155265955
1.327913248E9	29.258652094717668
1.335936893E9	34.81938367004934
1.343960538E9	1.807327001356852
1.351984183E9	59.95644378433476
1.360007828E9	55.730451914788816
1.368031473E9	39.72103939647946
1.376055118E9	59.982816459627976
1.384078763E9	50.53939886271324
1.389720431E9	59.431324903348006
1.3937322535E9	58.687285721184026
1.400126053E9	57.595254589539316
1.408149698E9	41.338582677165356
1.416173343E9	56.86135798080341
1.424196988E9	57.524556382369774
1.432220633E9	40.514945652173914
1.440244278E9	53.39139414802065
1.448267923E9	52.39280205655527
1.456291568E9	57.98218010608499
1.464315213E9	54.46217904233171
1.472338858E9	54.00126622348844
1.480362503E9	52.29383561643836
1.488386148E9	57.65847121883011
1.496409793E9	59.9801365138963
1.504433438E9	0.7342931937172775
1.512457083E9	42.88456189151599
1.520480728E9	54.31009051290647
1.528504373E9	58.2257197696737
1.534502554E9	59.377101397982656
1.5385143765E9	36.75805839969662
1.544551663E9	58.67057581798991
1.552575308E9	40.469635627530366
1.560598953E9	0.7948717948717948
1.568622598E9	51.19358705424033
1.576646243E9	28.36204221166465
1.584669888E9	0.0
1.592693533E9	0.0
1.600717178E9	26.585926358854472
1.608740823E9	32.5
1.616764468E9	59.95221535613963
1.624788113E9	59.28805408419292
1.632811758E9	55.033557046979865
1.640835403E9	32.42203742203742
1.648859048E9	48.241379310344826
1.656882693E9	57.9600071628962
1.664906338E9	59.96034761652898
1.671900895E9	59.337619325930255
1.6759127175E9	59.794427454977914
1.680953628E9	54.05443177638838
1.688977273E9	24.956672443674176
1.697000918E9	19.745283018867923
1.705024563E9	55.0
1.713048208E9	51.921177587844255
1.721071853E9	57.91527224435591
1.729095498E9	4.983651226158038
1.737119143E9	40.92348284960422
1.745142788E9	56.58187001140251
1.753166433E9	59.78908099576727
1.761190078E9	57.964458804523424
1.769213723E9	59.98353268585054
1.777237368E9	55.61017156862745
1.785261013E9	24.834123222748815
1.793284658E9	58.696469063816004
1.801308303E9	57.22430676306397
1.8070005885E9	45.88323721282027
1.811012411E9	59.71196978043598
1.817355593E9	41.940677966101696
1.825379238E9	39.57115987460815
1.833402883E9	48.90465631929047
1.841426528E9	49.37268518518518
1.849450173E9	19.07843137254902
1.857473818E9	58.61952861952862
1.865497463E9	56.79029605263158
1.873521108E9	44.92767767767768
1.881544753E9	59.344507986590415
1.889568398E9	48.8039376538146
1.897592043E9	59.46712862412521
1.905615688E9	45.243260188087774
1.913639333E9	44.962025316455694
1.921662978E9	56.16544885177453
1.929686623E9	59.02458113513827
1.937710268E9	58.783599088838265
1.942744882E9	0.0
1.9467567045E9	52.508509709797075
1.953757558E9	59.253995839695264
1.961781203E9	56.17226786158825
1.969804848E9	57.08487486398259
1.977828493E9	53.44983277591973
1.985852138E9	59.35997263085871
1.993875783E9	51.70225341706686
2.001899428E9	50.161879895561356
2.009923073E9	9.640717703349281
2.017946718E9	38.54922279792746
2.025970363E9	49.67531003382187
2.033994008E9	7.163588390501319
2.042017653E9	22.080152671755727
2.050041298E9	53.72961956521739
2.058064943E9	58.88844542007583
2.066088588E9	59.68353778585492
2.0735716965E9	57.119314617314934
2.077583519E9	0.0
2.082135878E9	0.0
2.090159523E9	0.0
2.098183168E9	57.55685455810717
2.106206813E9	7.157894736842105
2.114230458E9	43.02540033130867
2.122254103E9	0.8806818181818182
2.130277748E9	40.62167689161554
2.138301393E9	53.17921146953405
2.146325038E9	5.2
2.154348683E9	49.80745634733365
2.162372328E9	46.64851606573461
2.170395973E9	55.72160546541418
2.178419618E9	52.5112517580872
2.186443263E9	50.91391614629795
2.190931198E9	0.0
2.1949430205E9	0.0
2.202490553E9	0.0
2.210514198E9	6.009950248756219
2.218537843E9	36.76115485564304
2.226561488E9	58.89310083396513
2.234585133E9	1.8867924528301887
2.242608778E9	1.6572668112798266
2.250632423E9	54.848124428179325
2.258656068E9	56.65556586270872
2.266679713E9	37.86539984164687
2.274703358E9	8.235294117647058
2.282727003E9	59.97029224298011
2.290750648E9	52.1973898858075
2.2966067495E9	59.084326029327876
2.300618572E9	0.0
2.306797938E9	0.0
2.314821583E9	0.0
2.322845228E9	21.178211840515505
2.330868873E9	54.98213568847852
2.338892518E9	59.95191529369375
2.346916163E9	49.535307517084284
2.354939808E9	52.26670271864707
2.362963453E9	58.041115112961315
2.370987098E9	58.29457044673539
2.379010743E9	55.9970957762485
2.387034388E9	29.296992481203006
2.395058033E9	54.73
2.3997560365E9	58.147410358565736
2.403767859E9	55.004827165288795
2.411105323E9	51.91053850607991
2.419128968E9	58.34443192515047
2.427152613E9	59.983471355054796
2.435176258E9	58.71040794979079
2.443199903E9	5.214285714285714
2.451223548E9	45.563936358279314
2.459247193E9	59.80637512287001
2.467270838E9	59.97854260642557
2.475294483E9	21.164021164021165
2.483318128E9	41.24670672521378
2.4890552565E9	59.4750842347934
2.493067079E9	58.31162079510703
2.499365418E9	59.75930623157606
2.507389063E9	42.70932511901428
2.515412708E9	51.34195634599838
2.523436353E9	38.171930657801
2.531459998E9	59.75516544602139
2.539483643E9	59.55860176851413
2.547507288E9	45.27739463601532
2.555530933E9	56.94193548387097
2.563554578E9	57.405600722673896
2.570802202E9	57.26354515050167
2.5748140245E9	50.46538024971623
2.579601868E9	46.25550660792952
2.587625513E9	51.17745213391807
2.595649158E9	48.309375
2.603672803E9	0.0
2.611696448E9	48.1413982717989
2.619720093E9	50.64835395261061
2.627743738E9	53.43230625583567
2.635767383E9	52.24788073662672
2.643791028E9	4.223499361430396
2.6511070695E9	59.14127720299679
2.655118892E9	58.02061855670103
2.659838318E9	59.74115984156392
2.667861963E9	57.784271952575025
2.675885608E9	59.416391184573
2.683909253E9	59.703355787652185
2.691932898E9	55.010798967589785
2.699956543E9	57.57280513918629
2.707980188E9	53.264547896150404
2.7125104575E9	58.534351145038165
2.71652228E9	1.9801980198019802
2.724027478E9	50.97127937336815
2.732051123E9	57.738930947465015
2.740074768E9	57.85435037699363
2.748098413E9	51.40884892937419
2.756122058E9	48.98402396405392
2.764145703E9	56.20575221238938
2.772169348E9	59.96158230310682
2.776827121E9	59.98174339064522
2.7808389435E9	0.0
2.788216638E9	56.38392857142857
2.796240283E9	22.379907621247114
2.804263928E9	34.01743264659271
2.812287573E9	57.89820578542658
2.820241225E9	52.817616959064324
2.8242530475E9	0.0
2.828334863E9	0.0
2.836358508E9	42.290461649003056
2.844382153E9	52.8834979072697
2.852405798E9	54.04512211949773
2.860429443E9	57.44558027660854
2.868453088E9	59.255442129305926
2.8737332165E9	59.84219069375977
2.877745039E9	55.40461401952085
2.884500378E9	10.529891304347826
2.892524023E9	48.48183319570603
2.900547668E9	1.029503105590062
2.908571313E9	40.829940906106366
2.916594958E9	49.499430394167234
2.924618603E9	33.93744414655943
2.932642248E9	34.7265306122449
2.940665893E9	35.59429477020602
2.948689538E9	33.847150259067355
2.956713183E9	2.5023328149300155
2.964736828E9	52.16749072929542
2.972760473E9	1.4207920792079207
2.980784118E9	0.0
2.988807763E9	47.89792130660727
2.996831408E9	0.6141078838174274
3.004855053E9	0.0
3.012878698E9	57.87234042553192
3.020902343E9	0.5016722408026756
3.0279782915E9	58.67213779128673
3.031990114E9	0.0
3.036949633E9	44.567420109119254
3.044973278E9	17.75071457737852
3.052996923E9	1.151702786377709
3.061020568E9	0.0
3.069044213E9	0.0
3.077067858E9	0.0
3.0846747565E9	0.0
3.088278117E9	0.0
3.088373929E9	0.0
3.0884774725E9	0.0
3.0885573295E9	0.0
3.0886546005E9	0.0
3.0887081185E9	0.0
3.0887493115E9	0.0
3.088858438E9	0.0581436641889752
3.088966832E9	0.0
3.089008063E9	0.0
3.0890661235E9	0.0
3.089146859E9	0.0
3.089267292E9	0.0
3.08942189E9	0.0
3.089604443E9	0.0
3.089755642E9	0.0
3.0898220175E9	0.0
3.0898610755E9	0.0
3.089968525E9	0.0
3.0900764725E9	0.0
3.0901461555E9	0.0
3.090297168E9	0.0
3.090503609E9	37.02615894039735
3.0907062205E9	0.0
3.09089898E9	0.0
3.091013772E9	0.0
3.091052607E9	0.0
3.0911587895E9	0.0
3.091267064E9	0.0
3.0915130575E9	0.0
3.092673561E9	0.0
3.093702736E9	0.0
3.093935951E9	0.0
3.094132646E9	0.0
3.0942642985E9	25.0
3.094360447E9	0.0
3.0944711045E9	0.0
3.0946435155E9	25.0
3.094747446E9	0.0
3.0948598115E9	0.0
3.0950026905E9	0.0
3.095104297E9	0.0
3.095190977E9	0.0
3.0952465895E9	0.0
3.0952663465E9	0.0
3.095268566E9	0.0
3.0952706195E9	0.0
3.0952723265E9	0.0
3.0952838005E9	0.0
3.0952967465E9	0.0
3.095299555E9	0.0
3.0953008775E9	0.0
3.0953027375E9	0.0
3.0953043745E9	0.0
3.095311073E9	0.0
3.0953361175E9	0.0
3.095355552E9	0.0
3.0953574645E9	0.0
3.095360032E9	0.0
3.095361791E9	0.0
3.095363378E9	0.0
3.095365611E9	0.0
3.0953678415E9	0.0
3.095369933E9	0.0
3.095371677E9	0.0
3.09537289E9	0.0
3.0953743225E9	0.0
3.095375945E9	0.0
3.095572656E9	57.0
3.095769303E9	0.0
3.0957708065E9	0.0
3.0957736535E9	0.0
3.095822105E9	0.0
3.095924849E9	0.0
3.095983129E9	0.0
3.095986364E9	0.0
3.0959887305E9	0.0
3.0959909825E9	0.0
3.095993051E9	0.0
3.0959946765E9	0.0
3.096006671E9	0.0
3.0960870785E9	0.0
3.0961589785E9	0.0
3.096165879E9	0.0
3.096173123E9	0.0
3.09617898E9	0.0
3.096183283E9	0.0
3.096185859E9	0.0
3.0961883E9	0.0
3.0961908755E9	0.0
3.096192456E9	0.0
3.096238607E9	0.0
3.0962848625E9	0.0
3.096286263E9	0.0
3.0962877625E9	0.0
3.096289947E9	0.0
3.096292208E9	0.0
3.0962965075E9	0.0
3.096315547E9	0.0
3.0963533005E9	0.0
3.09637788E9	0.0
3.096382479E9	0.0
3.0963879875E9	0.0
3.0963943185E9	0.0
3.096398918E9	0.0
3.0964033365E9	0.0
3.0964070605E9	0.0
3.0964084065E9	0.0
3.0964096105E9	0.0
3.096411644E9	0.0
3.0964135175E9	0.0
3.0964147555E9	0.0
3.0964161835E9	0.0
3.0964174105E9	0.0
3.096418484E9	0.0
3.096419946E9	0.0
3.096422275E9	0.0
3.0964254675E9	0.0
3.0964313925E9	0.0
3.0964360765E9	0.0
3.096437123E9	0.0
3.0964382945E9	0.0
3.096440137E9	0.0
3.096442099E9	0.0
3.096443439E9	0.0
3.0964449505E9	0.0
3.0964464985E9	0.0
3.0964475915E9	0.0
3.0964489705E9	0.0
3.0964506065E9	0.0
3.0964522235E9	0.0
3.0964537525E9	0.0
3.0964552355E9	0.0
3.09645655E9	0.0
3.0964580005E9	0.0
3.0964594605E9	0.0
3.096462063E9	0.0
3.0964647385E9	0.0
3.0964666345E9	0.0
3.0964687875E9	0.0
3.096470338E9	0.0
3.0964722525E9	0.0
3.096474844E9	0.0
3.0964802425E9	0.0
3.0964880595E9	0.0
3.0965833285E9	0.0
3.0967643755E9	0.0
3.0969348755E9	0.0
3.0970713735E9	0.1951262913682712
3.09716122E9	0.0
3.0972741855E9	0.0
3.0973604055E9	0.0
3.097450029E9	10.0
3.0976374775E9	0.0
3.0978270425E9	0.0
3.097932224E9	0.0
3.0979864125E9	0.0
3.098119023E9	0.0
3.098265051E9	0.0
3.098391091E9	59.70155430997343
3.0985448955E9	0.0
3.0986946915E9	0.0
3.098783935E9	0.0
3.0988292795E9	0.0
3.098880847E9	0.0
3.098919304E9	0.0
3.0989774605E9	0.0
3.099052881E9	0.0
3.0991573655E9	0.0
3.099319594E9	0.0
3.0995012675E9	0.0
3.099670145E9	0.0
3.0999279405E9	0.0
3.100233298E9	0.0
3.1004161975E9	0.0
3.100563604E9	0.0
3.100747466E9	0.0
3.1008938195E9	0.0
3.1011322435E9	0.0
3.1013406625E9	0.0
3.1018216205E9	0.0
3.10249025E9	0.0
3.1027859675E9	0.0
3.1029370045E9	0.0
3.103040568E9	0.0
3.103187824E9	0.0
3.1033599445E9	0.0
3.1034919475E9	0.0
3.103630163E9	0.0
3.103765693E9	0.0
3.1038899E9	0.0
3.104000147E9	0.0
3.104103262E9	10.27927927927928
3.104213238E9	0.0
3.1043622315E9	0.0
3.1045301035E9	0.0
3.104697468E9	0.0
3.104838637E9	0.0
3.1050052845E9	0.0
3.105133977E9	0.0
3.1052243125E9	0.0
3.105384834E9	0.0
3.1055957845E9	0.0
3.1057764275E9	0.0
3.1059356005E9	0.0
3.106119471E9	0.0
3.1062928875E9	0.0
3.1064952125E9	0.0
3.106793429E9	0.0
3.107037494E9	0.0
3.1073867035E9	0.0
3.107759424E9	0.0
3.1079211745E9	0.0
3.1080633985E9	0.0
3.1082263265E9	0.0
3.1084513465E9	0.0
3.1086364625E9	0.0
3.108789052E9	0.0
3.1089764285E9	0.0
3.1091156475E9	0.0
3.1092704375E9	0.0
3.1094661425E9	0.0
3.1103548855E9	0.0
3.11121197E9	0.0
3.1113489445E9	0.0
3.111522028E9	0.0
3.1116747035E9	0.0
3.112457455E9	1.6309247775680777
3.114793642E9	0.0
3.1165009275E9	0.0
3.1166649055E9	0.0
3.1168033475E9	0.0
3.1173009555E9	0.0
3.117773698E9	0.0
3.117904112E9	0.0
3.1180957915E9	0.0
3.1183304505E9	0.0
3.1185453175E9	0.0
3.1187290865E9	0.0
3.1189129625E9	0.0
3.119051637E9	0.0
3.1196670135E9	0.0
3.120358526E9	0.0
3.1205574705E9	0.0
3.1207256815E9	0.0
3.1209034785E9	0.0
3.1210870935E9	0.0
3.1212284615E9	0.0
3.1214052355E9	0.0
3.1220442065E9	0.0
3.1226870745E9	0.0
3.1231494355E9	0.0
3.1235325875E9	0.0
3.123790701E9	0.0
3.124044676E9	0.0
3.1241297635E9	0.0
3.124227575E9	0.0
3.124459987E9	0.0
3.1246790295E9	0.0
3.1248266455E9	0.0
3.124943915E9	0.0
3.1250653335E9	0.0
3.1251809925E9	11.0
3.1254305495E9	0.0
3.1257397175E9	0.0
3.1259200925E9	0.0
3.1261657415E9	0.0
3.1264148E9	0.0
3.126614024E9	0.0
3.1268076365E9	0.0
3.12704463E9	0.0
3.127295107E9	0.0
3.12747434E9	0.0
3.1276520425E9	0.0
3.127848246E9	58.75
3.127977804E9	0.0
3.128104742E9	0.0
3.128281483E9	0.0
3.128569275E9	0.33918629849240656
3.1287934555E9	0.0
3.1288739025E9	0.0
3.129053374E9	0.0
3.129196997E9	0.0
3.129281586E9	0.0
3.129410949E9	0.0
3.1295567135E9	0.0
3.1296928995E9	0.0
3.129844808E9	0.0
3.129974998E9	0.0
3.1300410955E9	0.0
3.1301650045E9	0.0
3.1303509995E9	0.0
3.1304930685E9	0.0
3.1306295515E9	0.0
3.130867575E9	0.0
3.131039675E9	0.0
3.1312194015E9	0.0
3.13213604E9	0.0
3.132981947E9	0.0
3.133747995E9	0.0
3.134663191E9	0.0
3.1350342175E9	0.0
3.1353294355E9	0.0
3.13564139E9	0.0
3.135912112E9	0.0
3.136228957E9	0.0
3.1366387835E9	0.0
3.13692132E9	0.0
3.1370204075E9	0.0
3.137148797E9	0.0
3.1372652255E9	0.0
3.1386151055E9	6.334672021419009
3.1400411865E9	0.0
3.1401822535E9	0.0
3.140414935E9	17.5
3.140798459E9	0.0
3.1410924815E9	0.0
3.1426293625E9	0.0
3.144206965E9	0.0
3.144381203E9	0.0
3.144482951E9	0.0
3.1449091835E9	0.0
3.1458201795E9	0.0
3.146483516E9	0.0
3.146713427E9	0.0
3.146885722E9	0.0
3.146985213E9	0.0
3.147119783E9	0.0
3.147265112E9	0.0
3.147465896E9	0.0
3.147693206E9	0.0
3.1478747395E9	0.0
3.1480261545E9	0.0
3.1481624055E9	0.0
3.148326154E9	0.0
3.148489927E9	0.0
3.1486047935E9	0.0
3.148662145E9	0.0
3.148881458E9	0.0
3.1491593975E9	0.0
3.1493385205E9	0.0
3.1495104645E9	0.0
3.1496099745E9	0.0
3.1497484335E9	0.0
3.1503591725E9	0.0
3.1509172235E9	0.0
3.1510408035E9	0.0
3.151129521E9	0.0
3.151250568E9	0.0
3.151374243E9	0.0
3.151489573E9	0.0
3.1516448945E9	0.0
3.151817443E9	0.0
3.151955368E9	25.225225225225227
3.152051039E9	0.0
3.1521507295E9	0.0
3.1523220325E9	0.0
3.1525451205E9	0.0
3.152790319E9	0.0
3.1530742195E9	0.0
3.153249269E9	0.0
3.1532999345E9	0.0
3.1533558455E9	0.0
3.153485713E9	0.0
3.153709553E9	0.0
3.1539240905E9	0.0
3.154120597E9	0.0
3.1543302E9	0.0
3.154493926E9	0.0
3.154657966E9	0.0
3.154845599E9	0.0
3.1550524745E9	0.0
3.1552349965E9	0.0
3.1553981115E9	0.0
3.15557571E9	0.0
3.1557532995E9	0.0
3.1559197455E9	0.0
3.1561079305E9	0.0
3.1562956185E9	0.0
3.1564576755E9	0.0
3.156728397E9	0.0
3.1574898795E9	0.0
3.158127567E9	0.0
3.159754588E9	7.542105263157895
3.1621522205E9	0.0
3.163083745E9	0.0
3.163247659E9	0.0
3.163475482E9	2.7111111111111112
3.163688181E9	0.0
3.163848849E9	0.0
3.164242336E9	6.923352082642907
3.1646267025E9	0.0
3.167032335E9	6.0
3.169613042E9	14.530303030303031
3.169955169E9	0.0
3.170102579E9	0.0
3.1703440285E9	0.0
3.1705509635E9	0.0
3.1713065935E9	4.656626506024097
3.172105219E9	0.0
3.1722711045E9	0.0
3.1727147195E9	0.0
3.173116486E9	0.0
3.173290497E9	0.0
3.1735300985E9	0.0
3.173718028E9	0.0
3.1738956185E9	0.0
3.1740833425E9	0.0
3.174240364E9	0.0
3.17438727E9	0.0
3.174571623E9	0.0
3.1748117375E9	0.0
3.175046817E9	0.0
3.1752354605E9	0.0
3.1754134065E9	0.0
3.175774576E9	0.0
3.176707948E9	0.0
3.1790103535E9	0.0
3.1807719275E9	0.0
3.1809958745E9	0.0
3.1816373325E9	0.0
3.182257536E9	0.0
3.182438689E9	0.0
3.182632177E9	0.0
3.1828176375E9	0.0
3.1830105775E9	0.0
3.183203712E9	0.0
3.183377671E9	0.0
3.1835480905E9	0.0
3.1845084425E9	12.955875546862037
3.186847264E9	0.12827225130890052
3.188853383E9	0.0
3.189497979E9	0.0
3.1915036825E9	0.0
3.193917589E9	0.0
3.1949576625E9	0.0
3.1955729425E9	0.0
3.1979582215E9	0.19164619164619165
3.200762757E9	0.0
3.201346902E9	0.0
3.2014320305E9	0.0
3.203896665E9	1.1124031007751938
3.2068525245E9	0.0
3.2073844505E9	0.0
3.207821066E9	0.0
3.2087527055E9	0.0
3.209372017E9	0.0
