#Insert size (bp)	insert size
1.0	52.0
2.0	6.0
3.0	11.0
4.0	2.0
5.0	60.0
6.0	6.0
7.0	4.0
8.0	3.0
9.0	4.0
10.0	4.0
11.0	1.0
12.0	2.0
13.0	2.0
14.0	2.0
15.0	4.0
16.0	2.0
17.0	1.0
18.0	2.0
19.0	1.0
20.0	1.0
22.0	1.0
24.0	2.0
25.0	2.0
26.0	1.0
27.0	1.0
31.0	1.0
32.0	1.0
33.0	2.0
34.0	1.0
35.0	4.0
36.0	1.0
37.0	3.0
38.0	1.0
39.0	4.0
40.0	3.0
41.0	4.0
42.0	5.0
44.0	3.0
45.0	4.0
46.0	5.0
47.0	7.0
48.0	17.0
49.0	5.0
50.0	6.0
51.0	8.0
52.0	1.0
53.0	4.0
54.0	1.0
55.0	1.0
56.0	1.0
57.0	6.0
58.0	1.0
59.0	7.0
60.0	5.0
61.0	5.0
62.0	4.0
63.0	2.0
64.0	4.0
65.0	5.0
66.0	4.0
67.0	1.0
68.0	4.0
69.0	4.0
70.0	4.0
71.0	3.0
72.0	3.0
73.0	6.0
74.0	7.0
75.0	4.0
76.0	2.0
77.0	2.0
78.0	4.0
79.0	3.0
80.0	6.0
81.0	4.0
82.0	4.0
83.0	4.0
84.0	3.0
85.0	8.0
86.0	6.0
87.0	5.0
88.0	5.0
89.0	3.0
90.0	2.0
91.0	6.0
92.0	4.0
93.0	6.0
94.0	3.0
95.0	8.0
96.0	11.0
97.0	4.0
98.0	9.0
99.0	20.0
100.0	11.0
101.0	9.0
102.0	1.0
103.0	7.0
104.0	13.0
105.0	6.0
106.0	8.0
107.0	7.0
108.0	10.0
109.0	9.0
110.0	5.0
111.0	16.0
112.0	5.0
113.0	8.0
114.0	4.0
115.0	9.0
116.0	14.0
117.0	13.0
118.0	5.0
119.0	5.0
120.0	7.0
121.0	6.0
122.0	10.0
123.0	12.0
124.0	2.0
125.0	3.0
126.0	12.0
127.0	14.0
128.0	15.0
129.0	7.0
130.0	14.0
131.0	11.0
132.0	16.0
133.0	9.0
134.0	9.0
135.0	8.0
136.0	12.0
137.0	8.0
138.0	15.0
139.0	4.0
140.0	7.0
141.0	30.0
142.0	5.0
143.0	7.0
144.0	10.0
145.0	5.0
146.0	6.0
147.0	19.0
148.0	3.0
149.0	10.0
150.0	16.0
151.0	27.0
152.0	6.0
153.0	10.0
154.0	11.0
155.0	42.0
156.0	20.0
157.0	6.0
158.0	8.0
159.0	9.0
160.0	9.0
161.0	8.0
162.0	15.0
163.0	7.0
164.0	6.0
165.0	7.0
166.0	15.0
167.0	10.0
168.0	12.0
169.0	51.0
170.0	3.0
171.0	8.0
172.0	15.0
173.0	24.0
174.0	7.0
175.0	13.0
176.0	14.0
177.0	22.0
178.0	5.0
179.0	5.0
180.0	170.0
181.0	120.0
182.0	13.0
183.0	9.0
184.0	10.0
185.0	15.0
186.0	4.0
187.0	139.0
188.0	4.0
189.0	6.0
190.0	5.0
191.0	119.0
192.0	13.0
193.0	13.0
194.0	10.0
195.0	10.0
196.0	242.0
197.0	25.0
198.0	132.0
199.0	187.0
200.0	9.0
201.0	6.0
202.0	19.0
203.0	23.0
204.0	10.0
205.0	16.0
206.0	10.0
207.0	47.0
208.0	70.0
209.0	21.0
210.0	14.0
211.0	13.0
212.0	18.0
213.0	23.0
214.0	24.0
215.0	78.0
216.0	10790.0
217.0	9364.0
218.0	6832.0
219.0	3749.0
220.0	621.0
221.0	11753.0
222.0	6313.0
223.0	1201.0
224.0	298.0
225.0	1072.0
226.0	20601.0
227.0	7348.0
228.0	7255.0
229.0	27288.0
230.0	15575.0
231.0	7471.0
232.0	291.0
233.0	1127.0
234.0	46055.0
235.0	7925.0
236.0	28616.0
237.0	3156.0
238.0	6578.0
239.0	6258.0
240.0	15622.0
241.0	63.0
242.0	4413.0
243.0	8.0
244.0	157.0
245.0	4513.0
246.0	45.0
247.0	5.0
248.0	30.0
249.0	7008.0
250.0	155.0
251.0	12.0
252.0	54.0
253.0	149.0
254.0	11.0
255.0	111.0
256.0	4365.0
257.0	340.0
258.0	117.0
259.0	10.0
260.0	10.0
261.0	18.0
262.0	20.0
263.0	3927.0
264.0	25.0
265.0	14.0
266.0	14.0
267.0	704.0
268.0	22.0
269.0	30.0
270.0	2768.0
271.0	352.0
272.0	1834.0
273.0	188.0
274.0	14444.0
275.0	10886.0
276.0	13458.0
277.0	261.0
278.0	9611.0
279.0	462.0
280.0	207.0
281.0	3098.0
282.0	47.0
283.0	480.0
284.0	4820.0
285.0	3955.0
286.0	764.0
287.0	7236.0
288.0	144.0
289.0	2422.0
290.0	3301.0
291.0	1964.0
292.0	114.0
293.0	396.0
294.0	488.0
295.0	5083.0
296.0	16899.0
297.0	1915.0
298.0	3945.0
299.0	2541.0
300.0	11789.0
301.0	46.0
302.0	3.0
303.0	5.0
304.0	9.0
305.0	5.0
306.0	5.0
307.0	142.0
308.0	122.0
309.0	16.0
310.0	166.0
311.0	26.0
312.0	29.0
313.0	16.0
314.0	13.0
315.0	556.0
316.0	420.0
317.0	1276.0
318.0	7949.0
319.0	178.0
320.0	1926.0
321.0	4271.0
322.0	263.0
323.0	151.0
324.0	1151.0
325.0	2673.0
326.0	6461.0
327.0	9236.0
328.0	5918.0
329.0	1699.0
330.0	366.0
331.0	11906.0
332.0	108.0
333.0	58.0
334.0	9705.0
335.0	3040.0
336.0	246.0
337.0	2368.0
338.0	350.0
339.0	7969.0
340.0	342.0
341.0	697.0
342.0	1540.0
343.0	2268.0
344.0	880.0
345.0	3189.0
346.0	4214.0
347.0	6596.0
348.0	517.0
349.0	2627.0
350.0	12551.0
351.0	75.0
352.0	2.0
353.0	2.0
354.0	2.0
355.0	58.0
356.0	28.0
357.0	35.0
358.0	5.0
360.0	3.0
361.0	1.0
362.0	6.0
363.0	4.0
364.0	25.0
366.0	41.0
368.0	32.0
369.0	1.0
371.0	15.0
373.0	1.0
374.0	2.0
378.0	3.0
380.0	2.0
381.0	6.0
382.0	1.0
383.0	3.0
384.0	4.0
386.0	3.0
387.0	21.0
389.0	1.0
390.0	9.0
394.0	1.0
395.0	1.0
398.0	9.0
400.0	1.0
403.0	24.0
404.0	4.0
406.0	1.0
407.0	1.0
409.0	29.0
410.0	11.0
411.0	6.0
412.0	1.0
413.0	3.0
414.0	1.0
418.0	4.0
419.0	1.0
420.0	4.0
421.0	60.0
424.0	4.0
425.0	4.0
426.0	57.0
427.0	1.0
428.0	2.0
429.0	3.0
430.0	2.0
432.0	5.0
435.0	2.0
437.0	5.0
439.0	27.0
440.0	4.0
442.0	4.0
443.0	46.0
444.0	4.0
446.0	1.0
448.0	8.0
449.0	6.0
451.0	7.0
452.0	1368.0
454.0	15.0
455.0	12.0
458.0	31.0
460.0	1.0
461.0	109.0
463.0	2.0
466.0	2.0
467.0	2.0
471.0	5.0
472.0	2.0
473.0	1.0
475.0	9.0
486.0	3.0
487.0	9.0
488.0	4.0
489.0	2.0
491.0	1.0
493.0	12.0
495.0	4.0
497.0	10.0
505.0	4.0
506.0	2.0
511.0	7.0
516.0	1.0
523.0	1.0
524.0	1.0
537.0	2.0
539.0	1.0
542.0	1.0
543.0	6.0
548.0	2.0
550.0	15.0
554.0	1.0
556.0	16.0
558.0	2.0
559.0	11.0
560.0	1.0
561.0	1.0
562.0	4.0
563.0	1.0
565.0	2.0
567.0	2.0
568.0	28.0
570.0	1.0
572.0	1.0
574.0	1.0
578.0	7.0
579.0	3.0
584.0	1.0
588.0	3.0
591.0	2.0
597.0	4.0
