#Insert size (bp)	insert size
1.0	272.0
2.0	42.0
3.0	41.0
4.0	7.0
5.0	203.0
6.0	16.0
7.0	35.0
8.0	7.0
9.0	6.0
10.0	9.0
11.0	8.0
12.0	5.0
13.0	9.0
14.0	8.0
15.0	8.0
16.0	9.0
17.0	2.0
18.0	6.0
19.0	7.0
20.0	6.0
21.0	3.0
22.0	4.0
23.0	2.0
24.0	3.0
25.0	3.0
26.0	5.0
27.0	5.0
28.0	3.0
29.0	1.0
31.0	3.0
32.0	1.0
34.0	1.0
35.0	4.0
36.0	4.0
37.0	3.0
38.0	5.0
39.0	2.0
40.0	3.0
41.0	3.0
42.0	4.0
43.0	6.0
44.0	5.0
45.0	4.0
46.0	4.0
47.0	50.0
48.0	7.0
49.0	4.0
50.0	4.0
51.0	10.0
52.0	3.0
53.0	7.0
54.0	10.0
55.0	10.0
56.0	7.0
57.0	8.0
58.0	17.0
59.0	6.0
60.0	8.0
61.0	12.0
62.0	16.0
63.0	13.0
64.0	13.0
65.0	9.0
66.0	11.0
67.0	13.0
68.0	7.0
69.0	8.0
70.0	7.0
71.0	5.0
72.0	5.0
73.0	13.0
74.0	12.0
75.0	13.0
76.0	5.0
77.0	10.0
78.0	5.0
79.0	9.0
80.0	11.0
81.0	9.0
82.0	6.0
83.0	19.0
84.0	5.0
85.0	11.0
86.0	9.0
87.0	6.0
88.0	16.0
89.0	12.0
90.0	9.0
91.0	16.0
92.0	16.0
93.0	17.0
94.0	19.0
95.0	43.0
96.0	24.0
97.0	20.0
98.0	15.0
99.0	61.0
100.0	37.0
101.0	30.0
102.0	18.0
103.0	28.0
104.0	76.0
105.0	29.0
106.0	37.0
107.0	25.0
108.0	28.0
109.0	17.0
110.0	23.0
111.0	17.0
112.0	31.0
113.0	29.0
114.0	112.0
115.0	25.0
116.0	61.0
117.0	50.0
118.0	34.0
119.0	17.0
120.0	24.0
121.0	47.0
122.0	37.0
123.0	28.0
124.0	23.0
125.0	27.0
126.0	42.0
127.0	13.0
128.0	40.0
129.0	21.0
130.0	23.0
131.0	42.0
132.0	66.0
133.0	16.0
134.0	18.0
135.0	28.0
136.0	89.0
137.0	59.0
138.0	41.0
139.0	62.0
140.0	44.0
141.0	42.0
142.0	16.0
143.0	30.0
144.0	25.0
145.0	11.0
146.0	22.0
147.0	35.0
148.0	41.0
149.0	29.0
150.0	45.0
151.0	97.0
152.0	33.0
153.0	26.0
154.0	23.0
155.0	53.0
156.0	47.0
157.0	9.0
158.0	33.0
159.0	55.0
160.0	22.0
161.0	24.0
162.0	28.0
163.0	36.0
164.0	21.0
165.0	51.0
166.0	15.0
167.0	26.0
168.0	24.0
169.0	82.0
170.0	22.0
171.0	32.0
172.0	19.0
173.0	57.0
174.0	63.0
175.0	33.0
176.0	41.0
177.0	40.0
178.0	19.0
179.0	48.0
180.0	8621.0
181.0	5354.0
182.0	26.0
183.0	16.0
184.0	37.0
185.0	36.0
186.0	45.0
187.0	6738.0
188.0	56.0
189.0	20.0
190.0	21.0
191.0	5179.0
192.0	25.0
193.0	43.0
194.0	31.0
195.0	48.0
196.0	9097.0
197.0	55.0
198.0	6440.0
199.0	7051.0
200.0	81.0
201.0	36.0
202.0	24.0
203.0	458.0
204.0	26.0
205.0	27.0
206.0	33.0
207.0	85.0
208.0	138.0
209.0	59.0
210.0	40.0
211.0	65.0
212.0	80.0
213.0	131.0
214.0	75.0
215.0	214.0
216.0	29610.0
217.0	24864.0
218.0	26884.0
219.0	31239.0
220.0	11219.0
221.0	14145.0
222.0	26945.0
223.0	31064.0
224.0	5641.0
225.0	13075.0
226.0	20671.0
227.0	25885.0
228.0	9963.0
229.0	33327.0
230.0	26097.0
231.0	16168.0
232.0	8828.0
233.0	18511.0
234.0	55910.0
235.0	42607.0
236.0	28455.0
237.0	16991.0
238.0	27478.0
239.0	28217.0
240.0	73994.0
241.0	399.0
242.0	3532.0
243.0	24.0
244.0	3350.0
245.0	2998.0
246.0	101.0
247.0	21.0
248.0	22.0
249.0	1648.0
250.0	5961.0
251.0	77.0
252.0	259.0
253.0	6073.0
254.0	23.0
255.0	480.0
256.0	3702.0
257.0	91.0
258.0	3905.0
259.0	25.0
260.0	29.0
261.0	61.0
262.0	43.0
263.0	5553.0
264.0	58.0
265.0	62.0
266.0	117.0
267.0	953.0
268.0	42.0
269.0	137.0
270.0	25376.0
271.0	5329.0
272.0	11978.0
273.0	1756.0
274.0	15973.0
275.0	13159.0
276.0	13307.0
277.0	7083.0
278.0	6638.0
279.0	11274.0
280.0	2876.0
281.0	4521.0
282.0	1666.0
283.0	15175.0
284.0	6935.0
285.0	8534.0
286.0	16789.0
287.0	7369.0
288.0	3459.0
289.0	6814.0
290.0	3363.0
291.0	11521.0
292.0	3331.0
293.0	6717.0
294.0	8274.0
295.0	6166.0
296.0	10598.0
297.0	9151.0
298.0	5656.0
299.0	11718.0
300.0	22548.0
301.0	98.0
302.0	20.0
303.0	34.0
304.0	24.0
305.0	19.0
306.0	31.0
307.0	5116.0
308.0	1962.0
309.0	95.0
310.0	1600.0
311.0	301.0
312.0	67.0
313.0	152.0
314.0	156.0
315.0	12034.0
316.0	6282.0
317.0	3919.0
318.0	3943.0
319.0	927.0
320.0	4563.0
321.0	4971.0
322.0	5036.0
323.0	1695.0
324.0	2801.0
325.0	5322.0
326.0	13832.0
327.0	13979.0
328.0	10728.0
329.0	6193.0
330.0	2226.0
331.0	9143.0
332.0	1723.0
333.0	239.0
334.0	12608.0
335.0	17885.0
336.0	2926.0
337.0	3267.0
338.0	3642.0
339.0	10816.0
340.0	5706.0
341.0	1207.0
342.0	6560.0
343.0	2725.0
344.0	3058.0
345.0	6833.0
346.0	10188.0
347.0	5187.0
348.0	5384.0
349.0	8581.0
350.0	14922.0
351.0	1390.0
352.0	118.0
354.0	33.0
355.0	28.0
356.0	76.0
357.0	19.0
358.0	37.0
359.0	53.0
360.0	18.0
361.0	14.0
362.0	149.0
363.0	18.0
364.0	31.0
365.0	5.0
366.0	35.0
367.0	12.0
368.0	53.0
369.0	28.0
370.0	1.0
371.0	16.0
372.0	17.0
373.0	11.0
374.0	6.0
375.0	5.0
376.0	17.0
377.0	2.0
378.0	3.0
379.0	6.0
380.0	17.0
381.0	22.0
382.0	91.0
383.0	33.0
384.0	79.0
386.0	6.0
387.0	8.0
388.0	4.0
389.0	13.0
390.0	4.0
391.0	15.0
393.0	47.0
394.0	37.0
395.0	3.0
396.0	1.0
398.0	26.0
399.0	14.0
400.0	1.0
403.0	62.0
404.0	27.0
406.0	10.0
407.0	3.0
408.0	74.0
409.0	49.0
410.0	25.0
411.0	22.0
412.0	2.0
413.0	3.0
414.0	47.0
415.0	9.0
417.0	1.0
419.0	10.0
420.0	6.0
421.0	47.0
423.0	11.0
424.0	2.0
425.0	1.0
426.0	48.0
427.0	1.0
428.0	28.0
429.0	2.0
430.0	2.0
431.0	29.0
432.0	50.0
435.0	31.0
436.0	28.0
437.0	6.0
439.0	39.0
440.0	5.0
442.0	8.0
443.0	25.0
444.0	15.0
446.0	7.0
447.0	14.0
448.0	58.0
449.0	18.0
450.0	1.0
451.0	31.0
452.0	495.0
454.0	34.0
455.0	22.0
456.0	37.0
457.0	4.0
458.0	27.0
459.0	31.0
460.0	22.0
461.0	38.0
462.0	18.0
463.0	14.0
467.0	22.0
470.0	4.0
471.0	74.0
472.0	10.0
475.0	8.0
476.0	46.0
477.0	1.0
480.0	1.0
481.0	2.0
483.0	10.0
486.0	7.0
487.0	19.0
488.0	10.0
489.0	12.0
491.0	19.0
493.0	7.0
494.0	1.0
495.0	18.0
496.0	7.0
497.0	9.0
498.0	1.0
499.0	7.0
500.0	1.0
503.0	1.0
505.0	4.0
506.0	25.0
507.0	1.0
509.0	9.0
511.0	10.0
514.0	3.0
516.0	2.0
517.0	1.0
518.0	16.0
521.0	1.0
523.0	7.0
524.0	1.0
525.0	1.0
528.0	1.0
529.0	14.0
530.0	1.0
531.0	2.0
532.0	14.0
534.0	6.0
535.0	2.0
536.0	13.0
537.0	2.0
540.0	2.0
543.0	7.0
544.0	10.0
545.0	5.0
546.0	4.0
547.0	24.0
548.0	7.0
549.0	2.0
550.0	12.0
552.0	5.0
555.0	2.0
556.0	9.0
557.0	4.0
558.0	3.0
559.0	15.0
560.0	1.0
561.0	2.0
562.0	1.0
563.0	4.0
565.0	1.0
567.0	1.0
568.0	21.0
569.0	1.0
570.0	4.0
571.0	2.0
573.0	4.0
574.0	5.0
575.0	2.0
577.0	8.0
578.0	7.0
579.0	9.0
580.0	2.0
582.0	1.0
583.0	6.0
584.0	5.0
585.0	11.0
587.0	1.0
588.0	24.0
