Sample	bam_file	total_reads	mapped_reads	mapped_bases	sequenced_bases	mean_insert_size	median_insert_size	mean_mapping_quality	general_error_rate	mean_coverage	percentage_aligned
BS_006_aligned	BS_006_aligned.bam	1760674.0	1750072.0	413848996.0	413758848.0	30468.7534	244.0	14.4104	0.0074	0.1289	99.39784423465105
BS_008_aligned	BS_008_aligned.bam	1675717.0	1665998.0	396730480.0	396656430.0	30247.4847	270.0	14.8889	0.0084	0.1236	99.4200094646053
BS_014_aligned	BS_014_aligned.bam	5123816.0	5095466.0	1211969264.0	1211738517.0	28210.1075	270.0	15.8605	0.0077	0.3776	99.44670144283089
BS_026_aligned	BS_026_aligned.bam	1381866.0	1374202.0	324190444.0	324095664.0	32503.598	240.0	11.4292	0.0076	0.101	99.44538761356021
BS_027_aligned	BS_027_aligned.bam	1666624.0	1657579.0	393311856.0	393240369.0	28965.7921	253.0	13.0778	0.0078	0.1225	99.45728610652432
BS_028_aligned	BS_028_aligned.bam	2404863.0	2389064.0	567463135.0	567354670.0	26700.9809	270.0	16.263	0.0087	0.1768	99.34303949954739
BS_029_aligned	BS_029_aligned.bam	35709.0	35422.0	8450551.0	8447916.0	37877.0766	255.0	3.9296	0.008	0.0026	99.19628104959534
BS_031_aligned	BS_031_aligned.bam	223432.0	222204.0	52889546.0	52879766.0	30666.3476	272.0	8.2181	0.0076	0.0165	99.45039206559491
BS_033_aligned	BS_033_aligned.bam	3322678.0	3304782.0	785353681.0	785181471.0	30850.0485	263.0	16.2829	0.0077	0.2447	99.4613983058244
BS_034_aligned	BS_034_aligned.bam	3824721.0	3801407.0	905063018.0	904845247.0	31740.6414	272.0	17.9067	0.0081	0.282	99.3904391980487
BS_036_aligned	BS_036_aligned.bam	1401011.0	1393200.0	329461186.0	329393630.0	32084.507	242.0	12.4389	0.0075	0.1027	99.4424740419597
BS_038_aligned	BS_038_aligned.bam	2580805.0	2565847.0	609662967.0	609528196.0	37922.9255	262.0	15.6455	0.0077	0.19	99.42041339814516
BS_040_aligned	BS_040_aligned.bam	2488158.0	2474244.0	589192874.0	589070049.0	36592.8222	270.0	17.3781	0.0078	0.1836	99.44079113946944
BS_042_aligned	BS_042_aligned.bam	879933.0	874621.0	205968609.0	205928906.0	48946.0073	240.0	18.1395	0.0081	0.0642	99.39631767418656
BS_043_aligned	BS_043_aligned.bam	1749623.0	1739889.0	413234247.0	413138204.0	36938.8613	270.0	14.8663	0.0079	0.1288	99.44365157522506
BS_044_aligned	BS_044_aligned.bam	4218144.0	4194185.0	999105651.0	998861364.0	26100.1908	272.0	16.1764	0.0095	0.3113	99.43200137311577
BS_049_aligned	BS_049_aligned.bam	883356.0	878038.0	208216009.0	208161563.0	30278.8075	253.0	12.7086	0.0077	0.0649	99.39797771227002
BS_050_aligned	BS_050_aligned.bam	2505871.0	2492989.0	592808597.0	592665992.0	32613.8403	270.0	16.2153	0.0084	0.1847	99.48592724844974
BS_051_aligned	BS_051_aligned.bam	479991.0	477598.0	114465919.0	114440845.0	26311.9187	274.0	9.5106	0.0075	0.0357	99.50144898550181
BS_052_aligned	BS_052_aligned.bam	2887322.0	2873938.0	682886927.0	682756343.0	29124.2688	267.0	16.4254	0.0079	0.2128	99.53645627332179
BS_053_aligned	BS_053_aligned.bam	6812479.0	6778571.0	1613034894.0	1612736082.0	30710.8295	270.0	17.1717	0.0081	0.5026	99.50226635561005
BS_054_aligned	BS_054_aligned.bam	4697805.0	4666852.0	1111319467.0	1111059762.0	36007.1173	271.0	19.3879	0.0082	0.3463	99.34111781991803
BS_055_aligned	BS_055_aligned.bam	5050978.0	5023058.0	1193595922.0	1193356724.0	36301.337	270.0	18.1087	0.0079	0.3719	99.44723576305421
BS_056_aligned	BS_056_aligned.bam	3918789.0	3895551.0	926751076.0	926575088.0	27886.6774	270.0	17.1319	0.0079	0.2888	99.40701068620945
BS_058_aligned	BS_058_aligned.bam	5683882.0	5651325.0	1341928047.0	1341634132.0	32948.546	253.0	16.1879	0.0078	0.4181	99.42720485752518
BS_059_aligned	BS_059_aligned.bam	4280501.0	4256403.0	1014081609.0	1013870020.0	33353.4813	271.0	17.5075	0.0082	0.316	99.43702851605455
BS_063_aligned	BS_063_aligned.bam	3882567.0	3859963.0	920030867.0	919862466.0	37165.2033	271.0	18.5995	0.0081	0.2867	99.41780785753343
BS_066_aligned	BS_066_aligned.bam	7209014.0	7168603.0	1709260038.0	1708854860.0	29779.987	272.0	19.0553	0.0083	0.5326	99.43943790371333
BS_068_aligned	BS_068_aligned.bam	1020943.0	1015592.0	241335623.0	241296764.0	27739.1734	240.0	10.7562	0.0076	0.0752	99.47587671397913
BS_069_aligned	BS_069_aligned.bam	4572434.0	4546012.0	1083777559.0	1083560128.0	35311.2098	274.0	20.5913	0.0081	0.3377	99.42214584179891
BS_072_aligned	BS_072_aligned.bam	7404453.0	7360326.0	1755439532.0	1755042624.0	33210.9092	274.0	18.6389	0.0083	0.547	99.40404780744775
BS_073_aligned	BS_073_aligned.bam	5203506.0	5172256.0	1231656190.0	1231361123.0	33077.887	272.0	18.7486	0.0081	0.3838	99.3994433752935
BS_074_aligned	BS_074_aligned.bam	4876287.0	4848061.0	1155186434.0	1154939434.0	30252.3016	271.0	17.1787	0.0081	0.3599	99.42115794250832
BS_078_aligned	BS_078_aligned.bam	775403.0	770663.0	183354324.0	183310466.0	65002.587	240.0	11.6694	0.0079	0.0571	99.38870497018969
BS_079_aligned	BS_079_aligned.bam	70226.0	69847.0	16631514.0	16627199.0	73526.164	274.0	10.1948	0.0084	0.0052	99.4603138438755
BS_081_aligned	BS_081_aligned.bam	62397.0	62050.0	14866576.0	14863562.0	27739.6431	275.0	6.5937	0.0081	0.0046	99.44388352004103
BS_083_aligned	BS_083_aligned.bam	6518915.0	6482231.0	1545252745.0	1544892282.0	33901.3012	272.0	20.394	0.0082	0.4815	99.43726831842416
BS_085_aligned	BS_085_aligned.bam	2520735.0	2505281.0	595411273.0	595266887.0	41528.1144	271.0	17.6001	0.0082	0.1855	99.38692484533281
BS_086_aligned	BS_086_aligned.bam	6892987.0	6851728.0	1633269769.0	1632887494.0	36149.5645	272.0	20.6743	0.0084	0.5089	99.40143511078723
BS_087_aligned	BS_087_aligned.bam	836710.0	832021.0	197418923.0	197374915.0	45850.5232	270.0	13.5841	0.008	0.0615	99.43959077816686
BS_088_aligned	BS_088_aligned.bam	1538868.0	1530132.0	363348168.0	363254012.0	36417.8543	270.0	16.1105	0.008	0.1132	99.43230998370231
BS_089_aligned	BS_089_aligned.bam	7790527.0	7745876.0	1850009270.0	1849624941.0	30270.5181	274.0	18.0429	0.0084	0.5764	99.42685520504581
BS_090_aligned	BS_090_aligned.bam	9760421.0	9703072.0	2315482505.0	2315062461.0	43945.8184	274.0	17.6752	0.008	0.7215	99.4124331317266
BS_091_aligned	BS_091_aligned.bam	4696749.0	4668268.0	1111567741.0	1111292276.0	27571.5199	270.0	14.7291	0.0079	0.3463	99.39360182969114
BS_092_ii_aligned	BS_092_ii_aligned.bam	6565750.0	6527183.0	1542796944.0	1542495937.0	31988.2396	240.0	15.5963	0.0075	0.4807	99.41260328218407
BS_095_aligned	BS_095_aligned.bam	8853256.0	8797497.0	2094140119.0	2093729459.0	31079.7591	270.0	15.0397	0.0077	0.6525	99.37018651668946
BS_096_aligned	BS_096_aligned.bam	80388.0	79950.0	19132388.0	19128182.0	19082.2714	275.0	8.1345	0.0083	0.006	99.45514255859084
BS_097_aligned	BS_097_aligned.bam	57948.0	57581.0	13796148.0	13791804.0	19368.4448	275.0	6.3498	0.0078	0.0043	99.36667356940706
BS_098_aligned	BS_098_aligned.bam	8464130.0	8411633.0	2005712835.0	2005334002.0	32134.1463	275.0	22.5392	0.0092	0.6249	99.37977086835859
BS_099_aligned	BS_099_aligned.bam	2009136.0	1998640.0	473890954.0	473798748.0	30037.2364	250.0	16.5923	0.008	0.1477	99.47758638539153
BS_100_aligned	BS_100_aligned.bam	3388177.0	3370695.0	798169296.0	797979143.0	32227.7339	240.0	16.5078	0.0079	0.2487	99.48402931724051
BS_101_aligned	BS_101_aligned.bam	1302573.0	1294354.0	306444379.0	306381873.0	33827.7211	240.0	10.7663	0.0075	0.0955	99.36901808958116
BS_102_aligned	BS_102_aligned.bam	73628.0	73242.0	17433955.0	17430303.0	25441.6542	258.0	6.3958	0.008	0.0054	99.47574292388765
BS_103_aligned	BS_103_aligned.bam	1222466.0	1214704.0	288054874.0	287992417.0	35557.3808	256.0	15.2708	0.0078	0.0898	99.36505391560992
BS_104_aligned	BS_104_aligned.bam	766386.0	762117.0	181493525.0	181457730.0	41521.0452	250.0	12.4889	0.0078	0.0565	99.44296999162302
BS_105_aligned	BS_105_aligned.bam	6453424.0	6419207.0	1525091361.0	1524666339.0	31854.9408	270.0	17.9586	0.0081	0.4752	99.46978534185882
BS_106_aligned	BS_106_aligned.bam	408486.0	406244.0	96450806.0	96431235.0	37712.4335	267.0	11.7321	0.0082	0.0301	99.45114398045466
BS_107_aligned	BS_107_aligned.bam	2134776.0	2121992.0	502108562.0	501989984.0	34554.9247	240.0	15.3878	0.0079	0.1564	99.40115496895224
BS_108_aligned	BS_108_aligned.bam	1450117.0	1442203.0	341205622.0	341131930.0	27886.5022	240.0	14.3216	0.0082	0.1063	99.45425093285576
BS_109_aligned	BS_109_aligned.bam	2217605.0	2206654.0	523601004.0	523489531.0	28091.7885	267.0	12.6038	0.0077	0.1631	99.50617896334109
BS_110_aligned	BS_110_aligned.bam	293149.0	291163.0	68589655.0	68571675.0	40204.5009	240.0	10.2427	0.0084	0.0214	99.32252881640395
BS_111_aligned	BS_111_aligned.bam	1068514.0	1061983.0	250026191.0	249973239.0	29315.8249	240.0	9.3623	0.0072	0.0779	99.388777311294
BS_112_aligned	BS_112_aligned.bam	200177.0	199027.0	47264301.0	47251825.0	43331.5433	263.0	9.1811	0.008	0.0147	99.42550842504384
BS_113_aligned	BS_113_aligned.bam	2486468.0	2474239.0	586112520.0	585999266.0	33357.0135	253.0	15.8452	0.0087	0.1826	99.50817786514847
BS_114_aligned	BS_114_aligned.bam	1326169.0	1318320.0	312581073.0	312500622.0	30174.2076	253.0	13.5782	0.0082	0.0974	99.40814481412248
BS_115_aligned	BS_115_aligned.bam	1743384.0	1733823.0	409909521.0	409802249.0	32877.5772	244.0	17.8786	0.0081	0.1277	99.45158381630209
BS_116_aligned	BS_116_aligned.bam	2954964.0	2936657.0	697627591.0	697452713.0	34029.5576	270.0	20.3686	0.0092	0.2174	99.38046622564607
BS_117_aligned	BS_117_aligned.bam	1082738.0	1076511.0	256142426.0	256079026.0	44744.0787	263.0	15.8876	0.0083	0.0798	99.42488395161156
BS_118_aligned	BS_118_aligned.bam	848918.0	842778.0	199704591.0	199650579.0	27943.007	270.0	13.9832	0.0084	0.0622	99.27672637404319
BS_119_aligned	BS_119_aligned.bam	4080997.0	4060966.0	963394726.0	963165404.0	35528.8371	263.0	18.5163	0.0083	0.3002	99.50916405966484
BS_120_aligned	BS_120_aligned.bam	1296882.0	1288204.0	305477448.0	305409706.0	37459.0193	258.0	15.6082	0.0078	0.0952	99.33085662381002
BS_121_aligned	BS_121_aligned.bam	3282337.0	3262299.0	774048355.0	773890400.0	32223.9119	263.0	17.557	0.0082	0.2412	99.38952033261667
BS_122_aligned	BS_122_aligned.bam	3545448.0	3522576.0	836240082.0	836045961.0	34974.9326	270.0	19.0881	0.0081	0.2606	99.35489111672207
BS_123_aligned	BS_123_aligned.bam	7103587.0	7063487.0	1670404996.0	1670121093.0	26408.846	240.0	17.3991	0.008	0.5205	99.43549646115406
BS_124_aligned	BS_124_aligned.bam	1146402.0	1138204.0	269367499.0	269314614.0	40625.835	244.0	14.3786	0.0078	0.0839	99.28489308288017
BS_125_aligned	BS_125_aligned.bam	2880880.0	2863126.0	677564767.0	677440348.0	28928.8085	240.0	15.0582	0.0075	0.2111	99.38372997139763
BS_126_aligned	BS_126_aligned.bam	3564957.0	3541455.0	837862222.0	837682490.0	32243.1475	240.0	17.6424	0.0078	0.2611	99.34074941156373
BS_127_aligned	BS_127_aligned.bam	8075376.0	8029315.0	1905143314.0	1904699337.0	33822.7193	263.0	19.6864	0.0085	0.5936	99.42961169857601
BS_128_aligned	BS_128_aligned.bam	8186457.0	8145186.0	1930359545.0	1929958895.0	27879.7374	249.0	18.5618	0.008	0.6015	99.49586249582694
BS_129_aligned	BS_129_aligned.bam	72713.0	72300.0	17130326.0	17126658.0	32002.6047	240.0	6.8724	0.0076	0.0053	99.43201353265579
BS_130_aligned	BS_130_aligned.bam	358355.0	356594.0	85523661.0	85494143.0	37054.5288	278.0	11.0986	0.0079	0.0266	99.5085878528275
BS_131_aligned	BS_131_aligned.bam	6289536.0	6252945.0	1478951693.0	1478513573.0	32544.0933	240.0	20.016	0.0084	0.4608	99.41822417424751
BS_132_aligned	BS_132_aligned.bam	2883546.0	2867708.0	678870785.0	678697814.0	36768.6356	244.0	15.6157	0.0081	0.2115	99.45074571378434
BS_133_aligned	BS_133_aligned.bam	2562689.0	2548237.0	602883564.0	602759175.0	30025.5514	240.0	14.8988	0.0073	0.1878	99.4360611061272
BS_134_aligned	BS_134_aligned.bam	5169234.0	5139543.0	1218440687.0	1218145608.0	33477.0753	255.0	16.965	0.0081	0.3796	99.42562089470123
BS_135_aligned	BS_135_aligned.bam	5414539.0	5382627.0	1275726521.0	1275439169.0	32488.8196	253.0	18.2049	0.0078	0.3975	99.41062387767452
BS_136_aligned	BS_136_aligned.bam	449294.0	447139.0	106889540.0	106863389.0	36241.6153	274.0	9.9347	0.0075	0.0333	99.52035860705908
BS_137_aligned	BS_137_aligned.bam	14227984.0	14156105.0	3351653771.0	3350859408.0	28849.4973	240.0	18.0369	0.0078	1.0443	99.4948054481928
BS_138_aligned	BS_138_aligned.bam	5540965.0	5508554.0	1305623456.0	1305308696.0	30822.5594	253.0	18.3242	0.008	0.4068	99.41506578727713
BS_139_aligned	BS_139_aligned.bam	6161615.0	6123238.0	1453249258.0	1452834207.0	30659.8898	263.0	19.9321	0.0084	0.4528	99.37716004651378
BS_140_aligned	BS_140_aligned.bam	2473358.0	2458755.0	582669525.0	582524387.0	34220.7258	250.0	15.4419	0.0083	0.1815	99.40958809844753
BS_141_aligned	BS_141_aligned.bam	5666642.0	5633750.0	1334194781.0	1333900164.0	31245.0357	244.0	19.3213	0.0081	0.4157	99.41955041451357
BS_142_aligned	BS_142_aligned.bam	2793122.0	2776050.0	656735196.0	656609336.0	33582.5526	240.0	17.9713	0.0082	0.2046	99.38878430659312
BS_143_aligned	BS_143_aligned.bam	8599502.0	8549093.0	2020560536.0	2020172461.0	25622.8318	240.0	16.7756	0.0076	0.6296	99.41381489300194
BS_144_aligned	BS_144_aligned.bam	3472564.0	3452142.0	816689007.0	816504675.0	32258.7207	240.0	15.2316	0.008	0.2545	99.41190428743718
BS_145_aligned	BS_145_aligned.bam	4156282.0	4130559.0	977647032.0	977445386.0	28409.631	250.0	17.5793	0.008	0.3046	99.38110551690188
BS_146_aligned	BS_146_aligned.bam	2719733.0	2704780.0	640456423.0	640324254.0	34521.4388	250.0	16.52	0.0081	0.1996	99.4502033839351
BS_147_aligned	BS_147_aligned.bam	1959731.0	1948546.0	461839571.0	461721692.0	36443.3571	263.0	20.4851	0.0083	0.1439	99.42925840332168
BS_148_aligned	BS_148_aligned.bam	5176593.0	5146910.0	1220240489.0	1219930627.0	32413.8859	250.0	18.7384	0.0081	0.3802	99.42659196888765
BS_149_aligned	BS_149_aligned.bam	3999620.0	3976956.0	942569909.0	942330989.0	31690.258	253.0	17.741	0.0079	0.2937	99.43334616788594
BS_150_aligned	BS_150_aligned.bam	5734333.0	5701654.0	1353970601.0	1353572630.0	37752.9558	270.0	20.4244	0.0084	0.4219	99.43011680695906
BS_151_aligned	BS_151_aligned.bam	5212112.0	5182994.0	1231895835.0	1231618157.0	29979.152	270.0	19.9309	0.0081	0.3838	99.44133971027483
BS_152_aligned	BS_152_aligned.bam	3151757.0	3133006.0	742684537.0	742502885.0	43519.1831	258.0	21.8804	0.0081	0.2314	99.40506200192463
BS_153_aligned	BS_153_aligned.bam	1642464.0	1631791.0	386723279.0	386618390.0	34447.6407	263.0	20.7183	0.0082	0.1205	99.35018362655133
BS_154_aligned	BS_154_aligned.bam	1872307.0	1861357.0	441150820.0	441048630.0	31724.3259	250.0	15.8204	0.0081	0.1375	99.41516001382253
BS_155_aligned	BS_155_aligned.bam	2968577.0	2950634.0	700165560.0	700006587.0	34860.6092	263.0	17.8574	0.0079	0.2182	99.3955689881044
BS_156_aligned	BS_156_aligned.bam	3015692.0	2998449.0	709773688.0	709604182.0	33864.3575	244.0	18.5416	0.008	0.2212	99.4282241024614
BS_157_aligned	BS_157_aligned.bam	3480324.0	3458866.0	820581513.0	820383577.0	34727.9938	267.0	19.1968	0.0085	0.2557	99.38344820769561
BS_158_aligned	BS_158_aligned.bam	6403355.0	6363250.0	1513349287.0	1513043801.0	31486.6971	270.0	19.9319	0.0079	0.4715	99.3736876996512
BS_159_aligned	BS_159_aligned.bam	1502397.0	1493696.0	354336691.0	354261979.0	36923.1344	253.0	17.8285	0.0081	0.1104	99.42085880096938
BS_160_aligned	BS_160_aligned.bam	5400105.0	5369210.0	1272021835.0	1271714239.0	32264.6659	249.0	21.0021	0.0089	0.3963	99.42788149489687
BS_161_aligned	BS_161_aligned.bam	3060590.0	3043410.0	721582182.0	721373576.0	35134.1452	256.0	19.7673	0.0083	0.2248	99.43867032173536
BS_162_aligned	BS_162_aligned.bam	5628687.0	5596592.0	1326385294.0	1326126200.0	35237.8816	253.0	19.7214	0.0079	0.4133	99.4297959719558
BS_163_aligned	BS_163_aligned.bam	89925.0	89360.0	21293084.0	21288485.0	60540.0851	245.0	8.9716	0.0079	0.0066	99.37169863775368
BS_164_aligned	BS_164_aligned.bam	3064328.0	3046032.0	723071144.0	722908630.0	34091.7991	270.0	19.1429	0.0081	0.2253	99.40293597813289
BS_165_aligned	BS_165_aligned.bam	43859.0	43568.0	10387038.0	10384358.0	18888.8846	272.0	6.1511	0.0088	0.0032	99.33651018035067
BS_166_aligned	BS_166_aligned.bam	1637874.0	1628288.0	386255412.0	386153585.0	30940.9736	263.0	13.6904	0.0083	0.1203	99.41472909393518
BS_167_aligned	BS_167_aligned.bam	1628778.0	1619708.0	383685397.0	383584806.0	39805.3246	250.0	17.8026	0.0083	0.1195	99.44314080863077
BS_168_aligned	BS_168_aligned.bam	4658196.0	4625208.0	1098493099.0	1098135250.0	34212.3296	270.0	18.8693	0.0083	0.3423	99.29182885391684
BS_169_aligned	BS_169_aligned.bam	4204478.0	4179243.0	991412608.0	991208838.0	25985.2482	256.0	17.3008	0.0078	0.3089	99.3998065871673
BS_170_aligned	BS_170_aligned.bam	1747939.0	1737048.0	411459811.0	411366044.0	30032.2522	249.0	18.7074	0.0079	0.1282	99.37692333656952
BS_171_aligned	BS_171_aligned.bam	4222246.0	4196392.0	993431422.0	993182922.0	33506.683	250.0	21.353	0.008	0.3095	99.38767186942684
BS_172_aligned	BS_172_aligned.bam	2801334.0	2783417.0	659333019.0	659142699.0	36868.1528	250.0	18.4409	0.0079	0.2054	99.36041186092055
BS_173_aligned	BS_173_aligned.bam	3437767.0	3410750.0	809155830.0	808974633.0	35204.7807	270.0	18.2588	0.0085	0.2521	99.21411195115898
BS_174_aligned	BS_174_aligned.bam	2470623.0	2455286.0	583431673.0	583309632.0	39010.8741	270.0	17.8	0.0083	0.1818	99.37922540185208
BS_175_aligned	BS_175_aligned.bam	622969.0	619647.0	146344336.0	146308630.0	39223.89	240.0	14.4014	0.0078	0.0456	99.46674714151106
BS_176_aligned	BS_176_aligned.bam	3380977.0	3360391.0	796192720.0	795973859.0	35962.4605	263.0	18.2517	0.008	0.2481	99.39112274351467
BS_177_aligned	BS_177_aligned.bam	5109645.0	5083509.0	1208014035.0	1207695691.0	34694.8851	270.0	22.3869	0.0088	0.3764	99.48849675466691
BS_178_aligned	BS_178_aligned.bam	1600102.0	1590899.0	376910939.0	376831324.0	36924.788	263.0	17.9582	0.0079	0.1174	99.42484916586568
BS_179_aligned	BS_179_aligned.bam	2850558.0	2832829.0	672015044.0	671868553.0	32536.2009	263.0	20.2093	0.0078	0.2094	99.37805159551218
BS_180_aligned	BS_180_aligned.bam	4288997.0	4264097.0	1010900606.0	1010678394.0	34515.402	253.0	19.3226	0.008	0.315	99.41944468601866
BS_181_aligned	BS_181_aligned.bam	3154082.0	3135505.0	743544875.0	743342300.0	40786.0432	267.0	21.9136	0.0082	0.2317	99.41101721515166
BS_182_aligned	BS_182_aligned.bam	540003.0	537296.0	128554052.0	128523209.0	56610.9614	274.0	13.4173	0.0084	0.0401	99.49870648866765
BS_183_aligned	BS_183_aligned.bam	859310.0	854850.0	202923236.0	202879342.0	34389.2392	270.0	12.2152	0.0079	0.0632	99.48097892495142
BS_184_aligned	BS_184_aligned.bam	621799.0	618119.0	145313030.0	145281553.0	28636.5205	240.0	12.1586	0.0075	0.0453	99.40816887772415
BS_185_aligned	BS_185_aligned.bam	4184705.0	4162077.0	988541748.0	988312330.0	36814.1578	270.0	20.456	0.0082	0.308	99.45926893293554
BS_186_aligned	BS_186_aligned.bam	1438870.0	1430807.0	339488908.0	339417298.0	40160.533	270.0	17.775	0.0084	0.1058	99.43962970942476
BS_187_aligned	BS_187_aligned.bam	5970082.0	5936564.0	1410734567.0	1410371667.0	31223.4481	270.0	17.7308	0.0079	0.4396	99.43856717545924
BS_188_aligned	BS_188_aligned.bam	2863999.0	2847648.0	675962962.0	675815475.0	33992.0796	258.0	17.4372	0.0083	0.2106	99.4290849961889
BS_189_aligned	BS_189_aligned.bam	5251912.0	5220102.0	1240453997.0	1240192050.0	37526.9525	270.0	20.4749	0.0081	0.3865	99.39431582250427
BS_190_aligned	BS_190_aligned.bam	7467734.0	7421183.0	1762936270.0	1762581891.0	33340.8169	270.0	20.1072	0.008	0.5493	99.3766382144838
BS_191_aligned	BS_191_aligned.bam	3947948.0	3924487.0	932020700.0	931786590.0	34336.551	270.0	20.5484	0.0082	0.2904	99.40574191959975
BS_192_aligned	BS_192_aligned.bam	9875999.0	9817273.0	2330593291.0	2330067544.0	32140.8812	263.0	20.5839	0.0078	0.7262	99.40536648495004
BS_193_aligned	BS_193_aligned.bam	2723815.0	2705318.0	641220683.0	641077483.0	38743.8611	258.0	18.6333	0.0079	0.1998	99.32091570095619
BS_194_aligned	BS_194_aligned.bam	1636633.0	1627586.0	385307673.0	385227239.0	36156.367	242.0	17.0076	0.0076	0.1201	99.44721877170997
BS_195_aligned	BS_195_aligned.bam	2460693.0	2445499.0	578039712.0	577859245.0	30169.9519	253.0	18.7155	0.0081	0.1801	99.38253166892416
BS_196_aligned	BS_196_aligned.bam	2659713.0	2643195.0	624766220.0	624615417.0	34787.3692	250.0	18.0431	0.0081	0.1947	99.37895554896336
BS_197_aligned	BS_197_aligned.bam	4936684.0	4902374.0	1161200739.0	1160936413.0	35386.8473	263.0	18.9381	0.0082	0.3618	99.30499906414913
BS_198_aligned	BS_198_aligned.bam	13423667.0	13345861.0	3159211403.0	3158475486.0	35467.0588	250.0	20.8883	0.0084	0.9843	99.42038192693546
BS_199_aligned	BS_199_aligned.bam	495350.0	492788.0	115522971.0	115496596.0	25187.4812	240.0	10.6627	0.0077	0.036	99.48278994650246
BS_202_aligned	BS_202_aligned.bam	536567.0	533152.0	125797797.0	125774246.0	31380.6129	250.0	11.7971	0.0076	0.0392	99.36354639774716
BS_233_aligned	BS_233_aligned.bam	3586244.0	3565136.0	846198343.0	846003480.0	32079.7729	270.0	17.9547	0.0082	0.2637	99.4114176280253
BS_238_aligned	BS_238_aligned.bam	1493458.0	1483640.0	350680913.0	350601143.0	29264.2311	240.0	11.7696	0.0083	0.1093	99.34259952405759
BS_243_ii_aligned	BS_243_ii_aligned.bam	3018995.0	3001963.0	710121474.0	709972156.0	32889.216	240.0	11.3952	0.0078	0.2213	99.43583874766271
BS_245_aligned	BS_245_aligned.bam	2231401.0	2219478.0	526188775.0	526074893.0	34340.1513	263.0	15.2233	0.008	0.1639	99.46567201502555
BS_246_ii_aligned	BS_246_ii_aligned.bam	2356647.0	2341477.0	554154155.0	554008455.0	39646.6923	240.0	14.7793	0.0082	0.1727	99.35628882900154
BS_248_aligned	BS_248_aligned.bam	7492082.0	7443552.0	1765866181.0	1765505276.0	36865.5518	270.0	21.168	0.0079	0.5502	99.3522494815193
BS_251_ii_aligned	BS_251_ii_aligned.bam	2823726.0	2805811.0	664771328.0	664588444.0	38429.6983	249.0	16.8515	0.008	0.2071	99.36555458992834
BS_253_aligned	BS_253_aligned.bam	1870505.0	1856690.0	440003515.0	439872740.0	35843.6865	270.0	18.7689	0.0087	0.1371	99.2614294000818
BS_254_aligned	BS_254_aligned.bam	3363982.0	3345918.0	794483566.0	794277516.0	34639.0213	270.0	15.5331	0.0083	0.2475	99.46301734075867
BS_255_aligned	BS_255_aligned.bam	4348605.0	4325489.0	1026450280.0	1026209046.0	34575.2679	270.0	19.1196	0.0086	0.3198	99.46842723126153
BS_256_aligned	BS_256_aligned.bam	7779654.0	7740045.0	1837913558.0	1837472023.0	28851.4494	270.0	21.2825	0.0083	0.5727	99.49086424666187
BS_257_aligned	BS_257_aligned.bam	3927967.0	3902311.0	925042703.0	924813976.0	42003.2664	270.0	21.8542	0.0089	0.2882	99.34683768982784
BS_258_aligned	BS_258_aligned.bam	8305091.0	8251342.0	1960330210.0	1959839014.0	35681.6223	270.0	20.2883	0.0081	0.6108	99.35281865063249
BS_259_aligned	BS_259_aligned.bam	6433755.0	6398720.0	1515054719.0	1514710676.0	26710.655	253.0	18.9477	0.0081	0.4721	99.4554501997667
BS_260_aligned	BS_260_aligned.bam	7074312.0	7032187.0	1668432817.0	1668052012.0	34103.8595	270.0	19.5337	0.0083	0.5198	99.40453573435833
BS_261_aligned	BS_261_aligned.bam	917460.0	912731.0	215456713.0	215414020.0	22298.4671	240.0	14.5563	0.0095	0.0671	99.48455518496719
BS_262_aligned	BS_262_aligned.bam	5201830.0	5172954.0	1228576263.0	1228272086.0	28778.2338	270.0	18.5461	0.0089	0.3828	99.44488766453344
BS_263_aligned	BS_263_aligned.bam	3582321.0	3562239.0	844949673.0	844704239.0	34025.9353	271.0	16.6884	0.0083	0.2633	99.43941372088096
BS_264_aligned	BS_264_aligned.bam	583694.0	579877.0	136862973.0	136833564.0	43095.6556	250.0	11.5831	0.0076	0.0426	99.34606146371216
BS_265_aligned	BS_265_aligned.bam	3236919.0	3218751.0	762003313.0	761801266.0	30462.4687	245.0	16.7004	0.0079	0.2374	99.43872552881304
BS_266_aligned	BS_266_aligned.bam	4245252.0	4220520.0	1000786290.0	1000589449.0	32856.5837	267.0	17.7322	0.008	0.3118	99.41741974328025
BS_267_aligned	BS_267_aligned.bam	496818.0	494265.0	117293859.0	117271662.0	31140.194	270.0	10.5159	0.0073	0.0365	99.48612972959917
BS_268_aligned	BS_268_aligned.bam	7231213.0	7190363.0	1706959183.0	1706578279.0	36580.6342	270.0	20.2239	0.0084	0.5319	99.43508786146944
BS_269_aligned	BS_269_aligned.bam	3981179.0	3956619.0	939468094.0	939218108.0	33214.9718	270.0	18.6165	0.0083	0.2927	99.38309731865861
BS_270_aligned	BS_270_aligned.bam	2752230.0	2735403.0	648692013.0	648547455.0	34464.6011	270.0	15.949	0.0085	0.2021	99.38860487677266
BS_271_aligned	BS_271_aligned.bam	142611.0	141736.0	32668369.0	32657165.0	58138.6262	240.0	8.9918	0.009	0.0102	99.38644284101507
BS_272_aligned	BS_272_aligned.bam	2969213.0	2952803.0	699573497.0	699397791.0	33010.8722	258.0	18.0641	0.0083	0.218	99.44732829877816
BS_273_aligned	BS_273_aligned.bam	3656560.0	3635029.0	861631170.0	861449960.0	27110.3762	250.0	14.8152	0.0079	0.2685	99.41116787362986
BS_274_aligned	BS_274_aligned.bam	5796190.0	5766071.0	1369754221.0	1369461213.0	31765.0717	270.0	20.7025	0.008	0.4268	99.48036555047366
BS_275_aligned	BS_275_aligned.bam	3395626.0	3377999.0	795256889.0	795053595.0	27284.4588	240.0	13.7937	0.0079	0.2478	99.48089100507535
BS_276_aligned	BS_276_aligned.bam	1818308.0	1809500.0	425091988.0	425000482.0	25242.0935	240.0	12.6278	0.0076	0.1324	99.51559361780292
BS_277_aligned	BS_277_aligned.bam	5572889.0	5539227.0	1313801728.0	1313489729.0	32220.2549	263.0	19.7175	0.0084	0.4094	99.39596859007958
BS_278_aligned	BS_278_aligned.bam	4690363.0	4666148.0	1106254022.0	1106019635.0	30464.1814	263.0	17.403	0.0079	0.3447	99.48372865810174
BS_279_aligned	BS_279_aligned.bam	2652293.0	2637579.0	626829439.0	626666974.0	31037.9305	271.0	15.4416	0.0085	0.1953	99.44523474593493
BS_280_aligned	BS_280_aligned.bam	2186413.0	2174156.0	515433167.0	515306349.0	37977.2061	263.0	16.0744	0.0083	0.1606	99.43940143056228
BS_281_aligned	BS_281_aligned.bam	1505543.0	1498466.0	354507425.0	354428062.0	31862.7513	245.0	14.9557	0.0082	0.1105	99.52993703932734
BS_282_aligned	BS_282_aligned.bam	2725550.0	2708534.0	640818540.0	640694434.0	32119.2523	250.0	14.1744	0.0076	0.1997	99.37568564143017
BS_283_aligned	BS_283_aligned.bam	2216069.0	2203614.0	520196482.0	520043780.0	28812.751	240.0	15.7096	0.0084	0.1621	99.437968763608
BS_284_aligned	BS_284_aligned.bam	4061479.0	4032906.0	956923983.0	956723793.0	34194.7878	270.0	19.555	0.0083	0.2982	99.29648780653551
BS_285_aligned	BS_285_aligned.bam	1868497.0	1857363.0	440699824.0	440581758.0	30196.089	270.0	15.9999	0.008	0.1373	99.40411999591116
BS_286_aligned	BS_286_aligned.bam	5546779.0	5512988.0	1309756226.0	1309419945.0	30138.0181	270.0	18.3789	0.0082	0.4081	99.39079959738795
BS_287_aligned	BS_287_aligned.bam	2774628.0	2756814.0	654625385.0	654470014.0	33448.196	270.0	17.5832	0.0081	0.204	99.3579679870599
BS_288_aligned	BS_288_aligned.bam	6448249.0	6409783.0	1521386581.0	1521059798.0	35512.405	270.0	18.7721	0.0083	0.474	99.40346596417105
BS_289_aligned	BS_289_aligned.bam	2135400.0	2122161.0	502615688.0	502503730.0	32352.5235	256.0	15.1635	0.0077	0.1566	99.38002247822422
BS_290_aligned	BS_290_aligned.bam	4030117.0	4008062.0	951575384.0	951365740.0	28425.2392	270.0	18.3636	0.0087	0.2965	99.45274541657227
BS_291_aligned	BS_291_aligned.bam	5024152.0	4990823.0	1183845975.0	1183496133.0	35610.3137	270.0	19.7877	0.0084	0.3689	99.33662436964487
BS_292_aligned	BS_292_aligned.bam	5867802.0	5827886.0	1386508231.0	1386194061.0	30897.8187	271.0	16.8973	0.0094	0.432	99.31974528111208
BS_293_aligned	BS_293_aligned.bam	1074718.0	1068475.0	254457229.0	254416350.0	35502.8899	245.0	10.7183	0.0078	0.0793	99.41910342992301
BS_294_aligned	BS_294_aligned.bam	7112954.0	7068854.0	1682029130.0	1681561129.0	38295.7162	271.0	19.247	0.0085	0.5241	99.38000442572805
BS_295_aligned	BS_295_aligned.bam	420301.0	417791.0	99598215.0	99575429.0	21558.8797	270.0	12.0636	0.0089	0.031	99.40280893930779
BS_296_aligned	BS_296_aligned.bam	2816306.0	2800118.0	664722644.0	664549586.0	29547.0106	258.0	12.4395	0.0082	0.2071	99.42520450547633
BS_297_aligned	BS_297_aligned.bam	2574569.0	2556410.0	607089234.0	606958824.0	31093.4168	270.0	14.8375	0.0082	0.1892	99.29467806067734
BS_298_aligned	BS_298_aligned.bam	7534582.0	7488344.0	1779739502.0	1779319844.0	34080.1948	270.0	16.3718	0.0081	0.5545	99.38632295726558
BS_299_aligned	BS_299_aligned.bam	6657749.0	6624016.0	1572750388.0	1572342839.0	32850.9128	253.0	19.4423	0.0086	0.49	99.49332724919489
BS_300_aligned	BS_300_aligned.bam	2890063.0	2873669.0	681599232.0	681437085.0	31708.5333	250.0	13.3428	0.0082	0.2124	99.43274592976002
BS_301_aligned	BS_301_aligned.bam	1268162.0	1260398.0	297096263.0	297039735.0	26457.0788	240.0	13.602	0.0078	0.0926	99.38777537885538
BS_302_aligned	BS_302_aligned.bam	1507048.0	1497882.0	356511789.0	356445715.0	38483.8867	250.0	10.682	0.0079	0.1111	99.3917911041984
BS_303_aligned	BS_303_aligned.bam	2155090.0	2141175.0	508748698.0	508622447.0	31160.4582	270.0	12.8069	0.0088	0.1585	99.35431930917038
BS_304_aligned	BS_304_aligned.bam	44732.0	44363.0	10588650.0	10586277.0	27685.9566	272.0	5.6922	0.0082	0.0033	99.17508718590719
BS_305_aligned	BS_305_aligned.bam	57590.0	57114.0	13618392.0	13615141.0	22779.4481	270.0	5.1498	0.0083	0.0042	99.17346761590554
BS_306_aligned	BS_306_aligned.bam	3240858.0	3224029.0	766165568.0	766016148.0	28553.0858	270.0	17.1008	0.0095	0.2387	99.48072393174894
BS_307_aligned	BS_307_aligned.bam	4536675.0	4512332.0	1071363425.0	1071140667.0	31541.3303	261.0	18.4861	0.0081	0.3338	99.46341759107716
BS_308_aligned	BS_308_aligned.bam	3405514.0	3387190.0	803623083.0	803410501.0	29813.6634	250.0	12.1762	0.0083	0.2504	99.46193144412267
BS_309_aligned	BS_309_aligned.bam	3828886.0	3804477.0	903374182.0	903158080.0	33305.6744	267.0	17.9247	0.0081	0.2815	99.36250387188336
BS_310_aligned	BS_310_aligned.bam	2405583.0	2390436.0	565216962.0	565061082.0	34212.5938	240.0	14.934	0.008	0.1761	99.37033974716316
BS_311_aligned	BS_311_aligned.bam	6363246.0	6329592.0	1505819314.0	1505395627.0	38436.8073	270.0	16.9568	0.0086	0.4692	99.4711189854989
BS_312_aligned	BS_312_aligned.bam	2944277.0	2927199.0	694715975.0	694577869.0	32739.961	270.0	16.8921	0.0084	0.2165	99.41995946712893
BS_313_aligned	BS_313_aligned.bam	4641703.0	4614770.0	1097012117.0	1096783154.0	33305.2292	270.0	17.3206	0.0082	0.3418	99.41976037674104
BS_314_aligned	BS_314_aligned.bam	19063.0	18923.0	4509179.0	4508028.0	70183.242	270.0	3.1678	0.0081	0.0014	99.26559303362535
BS_315_aligned	BS_315_aligned.bam	2205764.0	2192223.0	519121372.0	518987340.0	48270.6269	255.0	18.0816	0.0084	0.1617	99.38610839600247
BS_316_aligned	BS_316_aligned.bam	390803.0	388498.0	93403300.0	93374502.0	25583.1709	278.0	7.9973	0.0083	0.0291	99.41018876518348
BS_317_aligned	BS_317_aligned.bam	10537018.0	10469769.0	2489053747.0	2488329468.0	32156.5451	270.0	16.6397	0.0082	0.7755	99.36178338121849
BS_318_aligned	BS_318_aligned.bam	813605.0	808231.0	190519374.0	190463467.0	54408.9364	240.0	15.7215	0.0086	0.0594	99.33948291861529
BS_319_aligned	BS_319_aligned.bam	1013766.0	1007811.0	239685844.0	239639262.0	41227.9776	250.0	14.3674	0.0079	0.0747	99.41258633649184
BS_320_aligned	BS_320_aligned.bam	1893629.0	1883212.0	447052841.0	446951200.0	32512.2118	256.0	12.3516	0.0078	0.1393	99.44989224394007
BS_321_aligned	BS_321_aligned.bam	3210818.0	3191832.0	757949569.0	757736309.0	34972.8552	267.0	16.6854	0.0078	0.2362	99.40868650916994
BS_322_aligned	BS_322_aligned.bam	3999136.0	3976412.0	945322375.0	945082868.0	30610.467	270.0	16.6755	0.0081	0.2945	99.431777263889
BS_323_aligned	BS_323_aligned.bam	81940.0	81503.0	19480767.0	19475945.0	18080.7074	274.0	6.5059	0.0084	0.0061	99.46668293873566
BS_324_aligned	BS_324_aligned.bam	4170865.0	4144810.0	983938703.0	983699391.0	44582.6412	263.0	16.7743	0.0082	0.3066	99.37530943821005
BS_325_aligned	BS_325_aligned.bam	5001870.0	4965091.0	1179761888.0	1179480827.0	38489.999	270.0	17.1728	0.0084	0.3676	99.26469500406849
BS_326_aligned	BS_326_aligned.bam	2747861.0	2731833.0	648820500.0	648667718.0	31620.1407	270.0	13.2453	0.008	0.2022	99.41670994275184
BS_327_aligned	BS_327_aligned.bam	2448622.0	2432464.0	577219906.0	577098703.0	32234.213	263.0	15.2194	0.0082	0.1798	99.34011864632434
BS_328_aligned	BS_328_aligned.bam	7921264.0	7881043.0	1874144520.0	1873678016.0	34224.3435	270.0	17.1222	0.0081	0.5839	99.4922401273332
BS_329_aligned	BS_329_aligned.bam	12191682.0	12133060.0	2883139618.0	2882558245.0	29236.7316	270.0	16.6639	0.0077	0.8983	99.51916396769536
BS_330_aligned	BS_330_aligned.bam	2836469.0	2817989.0	670251175.0	670047488.0	32013.7981	272.0	17.1137	0.0083	0.2088	99.34848574054573
BS_331_aligned	BS_331_aligned.bam	2992055.0	2975022.0	706585252.0	706402024.0	32015.68	267.0	16.8469	0.0086	0.2202	99.43072570524272
BS_332_aligned	BS_332_aligned.bam	1593019.0	1583682.0	376002643.0	375905662.0	35499.0658	263.0	13.2868	0.0081	0.1172	99.41388018598649
BS_333_aligned	BS_333_aligned.bam	2926386.0	2905170.0	689606945.0	689450974.0	40916.7055	270.0	16.9165	0.0079	0.2149	99.27501020029483
BS_334_aligned	BS_334_aligned.bam	3973103.0	3948095.0	938057785.0	937842127.0	32345.6036	270.0	15.1975	0.0078	0.2923	99.37056753877259
BS_335_aligned	BS_335_aligned.bam	610596.0	607013.0	144248556.0	144219885.0	35922.0991	249.0	10.1766	0.0075	0.0449	99.41319628690657
BS_336_aligned	BS_336_aligned.bam	1588491.0	1576191.0	374065365.0	373979762.0	37025.6314	270.0	14.5353	0.0083	0.1166	99.22568022103997
BS_337_aligned	BS_337_aligned.bam	5739892.0	5706327.0	1357444588.0	1357154755.0	32726.2281	270.0	13.4059	0.0078	0.423	99.41523289985247
BS_338_aligned	BS_338_aligned.bam	63382.0	62716.0	14991314.0	14987615.0	25263.9719	275.0	5.9598	0.0081	0.0047	98.94922848758323
BS_339_aligned	BS_339_aligned.bam	2695314.0	2679182.0	633042754.0	632849067.0	32292.8435	240.0	14.2631	0.0079	0.1972	99.40147975337939
BS_340_aligned	BS_340_aligned.bam	2467959.0	2454021.0	577594971.0	577475588.0	27049.5264	240.0	10.487	0.0071	0.18	99.43524183343403
BS_341_aligned	BS_341_aligned.bam	1590140.0	1579567.0	372738070.0	372642300.0	47761.6253	240.0	13.615	0.0081	0.1161	99.33508999207616
BS_342_aligned	BS_342_aligned.bam	2674728.0	2659487.0	627557373.0	627406911.0	33075.0786	240.0	11.4164	0.0076	0.1955	99.43018505059206
BS_343_aligned	BS_343_aligned.bam	4454906.0	4417757.0	1037636751.0	1037392577.0	27402.6761	240.0	16.4283	0.0116	0.3233	99.16611035114995
BS_344_aligned	BS_344_aligned.bam	1635312.0	1626216.0	384311879.0	384207204.0	44772.225	240.0	12.754	0.0076	0.1197	99.44377586662362
BS_345_aligned	BS_345_aligned.bam	2114042.0	2102761.0	495104877.0	495000170.0	37219.6754	240.0	11.0854	0.0076	0.1543	99.46637767839995
BS_346_aligned	BS_346_aligned.bam	450245.0	447906.0	104947738.0	104923706.0	36467.4211	239.0	8.6202	0.0074	0.0327	99.48050505835711
BS_347_aligned	BS_347_aligned.bam	5999824.0	5957201.0	1407079292.0	1406662303.0	30579.8582	240.0	12.5327	0.0074	0.4384	99.2895958281443
BS_348_aligned	BS_348_aligned.bam	2739916.0	2723720.0	643133952.0	642980755.0	39189.4704	240.0	15.0569	0.0078	0.2004	99.40888698777627
BS_349_aligned	BS_349_aligned.bam	3128008.0	3111490.0	735226668.0	735004160.0	38449.8985	240.0	15.242	0.008	0.2291	99.47193229684834
BS_350_aligned	BS_350_aligned.bam	338857.0	336551.0	79451037.0	79433079.0	27112.109	240.0	8.6856	0.0075	0.0248	99.31947694750292
BS_351_aligned	BS_351_aligned.bam	2669989.0	2653333.0	625930989.0	625790257.0	38231.2974	240.0	12.9173	0.0076	0.195	99.37617720522444
BS_352_aligned	BS_352_aligned.bam	2714960.0	2696154.0	636036250.0	635836656.0	40571.7919	240.0	16.747	0.0084	0.1982	99.3073194448537
BS_353_aligned	BS_353_aligned.bam	4192423.0	4165568.0	983506054.0	983281612.0	38551.0613	240.0	14.1347	0.0077	0.3064	99.35943963669696
BS_354_aligned	BS_354_aligned.bam	6494866.0	6454892.0	1523762866.0	1523401097.0	38627.0282	240.0	16.3767	0.0077	0.4748	99.38452925741656
BS_355_aligned	BS_355_aligned.bam	3955252.0	3931701.0	929707549.0	929509043.0	35709.486	240.0	12.2839	0.0075	0.2897	99.40456385585546
BS_356_aligned	BS_356_aligned.bam	2021211.0	2011150.0	475485425.0	475369412.0	35989.8224	240.0	13.6508	0.0079	0.1482	99.50222910918257
BS_357_aligned	BS_357_aligned.bam	6906182.0	6864835.0	1623190110.0	1622818075.0	38501.5176	240.0	15.742	0.0075	0.5058	99.40130451239195
BS_358_aligned	BS_358_aligned.bam	5939415.0	5906966.0	1395685247.0	1395376662.0	35616.9474	240.0	14.7382	0.0075	0.4349	99.45366673317153
BS_359_aligned	BS_359_aligned.bam	2847635.0	2831695.0	668926255.0	668784493.0	32402.5788	240.0	12.8696	0.0071	0.2084	99.44023724950705
BS_360_aligned	BS_360_aligned.bam	5207893.0	5184550.0	1225045092.0	1224742462.0	39221.5982	240.0	16.7225	0.0079	0.3817	99.55177650539288
BS_361_aligned	BS_361_aligned.bam	4707393.0	4677443.0	1103689929.0	1103427344.0	27459.9105	240.0	10.7631	0.0072	0.3439	99.36376673882975
BS_362_aligned	BS_362_aligned.bam	6058526.0	6021170.0	1423780133.0	1423459334.0	37194.8731	240.0	15.3324	0.0078	0.4436	99.38341438164993
BS_363_aligned	BS_363_aligned.bam	4869079.0	4843361.0	1141858211.0	1141607972.0	34482.4407	240.0	13.0008	0.0075	0.3558	99.47180976114784
BS_364_aligned	BS_364_aligned.bam	318164.0	316218.0	74076507.0	74056454.0	30129.2579	239.0	8.1421	0.0073	0.0231	99.38836574848192
BS_365_aligned	BS_365_aligned.bam	4552102.0	4522765.0	1065094694.0	1064824827.0	37288.8356	240.0	15.2036	0.0078	0.3319	99.35552850089915
BS_366_aligned	BS_366_aligned.bam	4184576.0	4159093.0	979492989.0	979245311.0	36555.0758	240.0	14.1806	0.0075	0.3052	99.39102551847547
BS_367_aligned	BS_367_aligned.bam	2955700.0	2937701.0	690045896.0	689914510.0	32617.6613	239.0	10.4451	0.0072	0.215	99.3910410393477
BS_368_aligned	BS_368_aligned.bam	4346858.0	4323357.0	1017440583.0	1017163534.0	32949.1697	240.0	12.6848	0.0076	0.317	99.45935662034509
BS_369_aligned	BS_369_aligned.bam	3832641.0	3807797.0	898206862.0	897957907.0	34112.1233	240.0	14.2355	0.0077	0.2799	99.35177857774835
BS_370_aligned	BS_370_aligned.bam	4538795.0	4508435.0	1062072491.0	1061760211.0	30266.3583	240.0	14.8002	0.0073	0.3309	99.33109999460208
BS_371_aligned	BS_371_aligned.bam	6126023.0	6086696.0	1434663042.0	1434331254.0	35135.4949	240.0	16.8258	0.0085	0.447	99.358033752077
BS_372_aligned	BS_372_aligned.bam	4568760.0	4535296.0	1070777814.0	1070503408.0	38423.1065	240.0	16.1203	0.0078	0.3336	99.26754743081274
BS_373_aligned	BS_373_aligned.bam	2459694.0	2448084.0	578406997.0	578280851.0	32602.2107	240.0	12.9582	0.0075	0.1802	99.52799006705713
BS_374_aligned	BS_374_aligned.bam	4862598.0	4835300.0	1142949592.0	1142672265.0	34242.5106	240.0	13.2531	0.0076	0.3561	99.43861285674859
BS_375_aligned	BS_375_aligned.bam	133833.0	133085.0	31298001.0	31291086.0	26238.9178	239.0	5.4765	0.0068	0.0098	99.44109449836736
BS_376_aligned	BS_376_aligned.bam	1097897.0	1091971.0	255785362.0	255730352.0	45894.9168	238.0	14.7208	0.0073	0.0797	99.46024080583152
BS_377_aligned	BS_377_aligned.bam	5739773.0	5700834.0	1341602319.0	1341222791.0	38258.8843	240.0	14.6539	0.0076	0.418	99.32159338008664
BS_378_aligned	BS_378_aligned.bam	2740987.0	2724563.0	640674785.0	640490796.0	29359.3624	240.0	9.5185	0.0072	0.1996	99.400799784895
BS_379_aligned	BS_379_aligned.bam	3522375.0	3499347.0	823396831.0	823138262.0	28065.6668	240.0	12.3951	0.0073	0.2566	99.34623655913978
BS_380_aligned	BS_380_aligned.bam	2259414.0	2244478.0	529938767.0	529803335.0	37222.0332	240.0	15.4298	0.0078	0.1651	99.33894363759806
BS_400_aligned	BS_400_aligned.bam	1953472.0	1941797.0	455658718.0	455563668.0	34174.9717	239.0	9.0016	0.0069	0.142	99.402346181568
BS_401_aligned	BS_401_aligned.bam	3218072.0	3198521.0	753163134.0	753008262.0	32783.0421	240.0	11.6865	0.0077	0.2347	99.39246231905314
BS_402_aligned	BS_402_aligned.bam	3246894.0	3228068.0	763267340.0	763086394.0	28066.2618	240.0	11.7716	0.0076	0.2378	99.42018433616866
BS_403_aligned	BS_403_aligned.bam	1896769.0	1886068.0	440642056.0	440537972.0	36068.6166	238.0	11.519	0.0073	0.1373	99.4358300879021
BS_404_aligned	BS_404_aligned.bam	2313379.0	2298263.0	539942125.0	539846703.0	31381.9089	239.0	8.1603	0.0067	0.1682	99.34658350404322
BS_405_aligned	BS_405_aligned.bam	3203618.0	3184900.0	749506001.0	749370390.0	28259.3196	240.0	13.6565	0.0091	0.2335	99.41572309807223
BS_406_aligned	BS_406_aligned.bam	4525550.0	4500028.0	1066945626.0	1066698624.0	30995.3745	249.0	17.3539	0.0077	0.3324	99.43604644739314
BS_407_aligned	BS_407_aligned.bam	1815949.0	1804481.0	426618988.0	426532216.0	36713.5969	240.0	14.5711	0.0079	0.1329	99.36848446735013
BS_408_aligned	BS_408_aligned.bam	3005068.0	2990075.0	706112211.0	705969400.0	32913.0795	240.0	11.3998	0.0073	0.22	99.50107618196992
BS_409_aligned	BS_409_aligned.bam	2690781.0	2675921.0	630335259.0	630206454.0	27769.9234	240.0	10.0665	0.0071	0.1964	99.44774398213752
BS_410_aligned	BS_410_aligned.bam	3019631.0	3004992.0	707445112.0	707302393.0	30166.653	240.0	12.9382	0.0079	0.2204	99.51520566585785
BS_411_aligned	BS_411_aligned.bam	5223459.0	5193159.0	1225455035.0	1225214985.0	35635.8706	240.0	14.3315	0.0076	0.3818	99.419924613173
BS_412_aligned	BS_412_aligned.bam	6437905.0	6398999.0	1513499330.0	1513187607.0	31210.9415	240.0	12.9409	0.0076	0.4716	99.39567297125384
BS_413_aligned	BS_413_aligned.bam	1879994.0	1869752.0	440897595.0	440801945.0	30224.6671	240.0	13.0866	0.008	0.1374	99.45521102726924
BS_414_aligned	BS_414_aligned.bam	2231266.0	2218557.0	524348346.0	524221646.0	34957.028	240.0	15.7044	0.0077	0.1634	99.43041304801848
BS_415_aligned	BS_415_aligned.bam	189678.0	188574.0	44660536.0	44651435.0	36424.5182	249.0	7.0241	0.0075	0.0139	99.4179609654256
BS_416_aligned	BS_416_aligned.bam	2595160.0	2579503.0	607076023.0	606931611.0	33656.1347	240.0	11.7498	0.0076	0.1892	99.39668459748147
BS_417_aligned	BS_417_aligned.bam	8835215.0	8783069.0	2080532949.0	2080169446.0	28187.9913	240.0	15.4598	0.0077	0.6483	99.4097936496169
BS_418_aligned	BS_418_aligned.bam	4024788.0	4000999.0	941255093.0	941083300.0	31677.2841	240.0	12.7052	0.0073	0.2933	99.40893781237669
BS_419_aligned	BS_419_aligned.bam	7175995.0	7133095.0	1685015176.0	1684629568.0	35187.8895	240.0	14.9506	0.0077	0.525	99.40217349649771
BS_420_aligned	BS_420_aligned.bam	1453546.0	1445358.0	341274799.0	341214687.0	26256.4602	240.0	12.0552	0.0072	0.1063	99.43668793419678
BS_421_aligned	BS_421_aligned.bam	3263742.0	3243813.0	766706116.0	766518949.0	32711.6092	240.0	15.041	0.0078	0.2389	99.38938188128841
BS_422_aligned	BS_422_aligned.bam	5682339.0	5651037.0	1337630459.0	1337381853.0	30362.9536	245.0	12.5136	0.0076	0.4168	99.44913529446237
BS_423_aligned	BS_423_aligned.bam	7489986.0	7449257.0	1762470041.0	1762083966.0	35471.5048	240.0	18.9781	0.0082	0.5491	99.45622061242838
BS_424_aligned	BS_424_aligned.bam	1788019.0	1777033.0	420176278.0	420069431.0	37398.264	240.0	12.9305	0.0077	0.1309	99.38557699890214
BS_425_aligned	BS_425_aligned.bam	4757352.0	4732561.0	1119709503.0	1119407980.0	36811.271	240.0	18.6575	0.0079	0.3489	99.47889077789493
BS_426_aligned	BS_426_aligned.bam	8047559.0	8002286.0	1890029679.0	1889489369.0	35442.7929	240.0	16.8914	0.0074	0.5889	99.43743189705103
BS_427_aligned	BS_427_aligned.bam	4836977.0	4808797.0	1137947397.0	1137630019.0	36701.5831	240.0	17.0327	0.0075	0.3546	99.41740471372925
BS_428_aligned	BS_428_aligned.bam	309191.0	307121.0	72446040.0	72428801.0	42403.0567	250.0	7.5772	0.008	0.0226	99.3305109139658
BS_429_aligned	BS_429_aligned.bam	4870889.0	4843843.0	1145712607.0	1145505801.0	28513.3974	240.0	12.989	0.0072	0.357	99.44474201731963
BS_430_aligned	BS_430_aligned.bam	4474025.0	4444990.0	1049409592.0	1049099953.0	36001.3905	240.0	15.3084	0.008	0.327	99.35103178904902
BS_431_aligned	BS_431_aligned.bam	3642999.0	3620958.0	856990742.0	856797401.0	37133.091	242.0	18.8228	0.0083	0.267	99.3949765015033
BS_432_aligned	BS_432_aligned.bam	84180.0	83751.0	19932896.0	19928518.0	18552.0828	255.0	5.9456	0.0075	0.0062	99.4903777619387
BS_433_aligned	BS_433_aligned.bam	2735692.0	2719706.0	643542449.0	643374243.0	35490.4129	244.0	15.2932	0.0085	0.2005	99.41565059224503
BS_434_aligned	BS_434_aligned.bam	839464.0	834853.0	196662953.0	196619263.0	42368.4038	240.0	10.94	0.0077	0.0613	99.45072093621644
BS_435_aligned	BS_435_aligned.bam	663707.0	660055.0	154403568.0	154365727.0	37364.297	239.0	10.8549	0.0077	0.0481	99.44975719707642
BS_436_aligned	BS_436_aligned.bam	1195279.0	1187600.0	280782657.0	280720745.0	35431.6008	240.0	11.7271	0.0078	0.0875	99.35755585097705
BS_437_aligned	BS_437_aligned.bam	1187604.0	1182110.0	278545703.0	278491412.0	35543.0874	240.0	12.6712	0.0078	0.0868	99.53738788350326
BS_438_aligned	BS_438_aligned.bam	3980413.0	3957507.0	937167474.0	936956338.0	34372.5984	240.0	16.7425	0.0079	0.292	99.42453207745025
BS_439_aligned	BS_439_aligned.bam	215506.0	214231.0	50681280.0	50669984.0	40263.9184	240.0	6.8499	0.0075	0.0158	99.40836914053438
BS_440_aligned	BS_440_aligned.bam	3273118.0	3254360.0	769585621.0	769407450.0	38799.6736	240.0	16.7173	0.0078	0.2398	99.4269073097884
BS_441_aligned	BS_441_aligned.bam	7151340.0	7109663.0	1682117064.0	1681807650.0	31090.2479	240.0	15.9951	0.0072	0.5241	99.41721411651523
BS_442_aligned	BS_442_aligned.bam	376582.0	374144.0	88785025.0	88766940.0	44262.0111	250.0	8.7148	0.0077	0.0277	99.35259784057655
BS_443_aligned	BS_443_aligned.bam	2591802.0	2575908.0	608122412.0	607982574.0	37741.608	240.0	14.2784	0.008	0.1895	99.38675871073485
BS_444_aligned	BS_444_aligned.bam	2504555.0	2489488.0	586838212.0	586698829.0	31685.407	240.0	12.482	0.0077	0.1828	99.39841608589151
BS_445_aligned	BS_445_aligned.bam	5750365.0	5713398.0	1352059182.0	1351755174.0	32997.8986	240.0	16.9518	0.0079	0.4213	99.3571364600334
BS_446_aligned	BS_446_aligned.bam	5963455.0	5926408.0	1400471684.0	1400156699.0	28230.4241	240.0	13.1374	0.0077	0.4364	99.3787661682699
BS_447_aligned	BS_447_aligned.bam	1711124.0	1702480.0	402870182.0	402764695.0	41618.5657	249.0	16.6473	0.0082	0.1255	99.49483497397033
BS_448_aligned	BS_448_aligned.bam	2692286.0	2674524.0	632439324.0	632305771.0	33312.9617	240.0	14.6929	0.0076	0.1971	99.34026325583537
BS_449_aligned	BS_449_aligned.bam	4170456.0	4148500.0	980831431.0	980648082.0	36985.7483	240.0	15.9309	0.0081	0.3056	99.47353478852192
BS_450_aligned	BS_450_aligned.bam	3172831.0	3154976.0	745493184.0	745304928.0	33443.7588	240.0	14.4591	0.0077	0.2323	99.4372533551267
BS_451_aligned	BS_451_aligned.bam	2979935.0	2962207.0	698372175.0	698163397.0	30369.2986	240.0	12.6631	0.0076	0.2176	99.40508769486583
BS_452_aligned	BS_452_aligned.bam	4469810.0	4441321.0	1048117149.0	1047851230.0	33757.0068	240.0	16.2205	0.0079	0.3266	99.36263510082084
BS_453_aligned	BS_453_aligned.bam	4469511.0	4441816.0	1049897641.0	1049686436.0	34376.8132	240.0	16.589	0.0079	0.3271	99.3803572695089
BS_454_aligned	BS_454_aligned.bam	6295468.0	6258833.0	1484415141.0	1483991627.0	30454.4456	253.0	16.2271	0.0084	0.4625	99.41807344585025
BS_455_aligned	BS_455_aligned.bam	4585833.0	4559717.0	1076945097.0	1076689553.0	32035.4884	240.0	16.0914	0.0079	0.3356	99.4305069547888
BS_456_aligned	BS_456_aligned.bam	3153916.0	3130830.0	740504147.0	740248957.0	40327.1377	244.0	19.1797	0.0085	0.2307	99.26802108870369
BS_457_aligned	BS_457_aligned.bam	4265288.0	4237887.0	999874334.0	999589613.0	27334.3515	240.0	15.1063	0.0125	0.3115	99.35758148101606
BS_458_aligned	BS_458_aligned.bam	6607743.0	6562496.0	1549002912.0	1548672392.0	32210.4307	240.0	18.4879	0.0074	0.4826	99.3152427387082
BS_459_aligned	BS_459_aligned.bam	2021509.0	2009219.0	474027686.0	473862172.0	32745.9059	240.0	14.0581	0.0078	0.1477	99.3920383238462
BS_460_aligned	BS_460_aligned.bam	1750981.0	1739786.0	408453322.0	408340090.0	28143.1497	239.0	10.8339	0.0077	0.1273	99.36064411892534
BS_461_aligned	BS_461_aligned.bam	2839488.0	2819174.0	665135537.0	664975552.0	35708.3407	240.0	12.0444	0.0076	0.2072	99.28458933441522
BS_462_aligned	BS_462_aligned.bam	1637110.0	1627968.0	384265358.0	384153484.0	44842.9896	240.0	16.0744	0.0078	0.1197	99.44157692519134
BS_463_aligned	BS_463_aligned.bam	1199176.0	1192765.0	280975980.0	280917541.0	33930.3064	240.0	9.418	0.0074	0.0875	99.46538289625543
BS_464_aligned	BS_464_aligned.bam	1075710.0	1068436.0	253146003.0	253054284.0	44165.4689	250.0	13.2905	0.008	0.0789	99.3237954467282
BS_465_aligned	BS_465_aligned.bam	1082119.0	1076262.0	256028989.0	255987010.0	42883.5265	240.0	9.8156	0.0073	0.0798	99.45874714333635
BS_466_aligned	BS_466_aligned.bam	3354045.0	3332340.0	786112171.0	785922708.0	45152.6591	240.0	20.9415	0.0082	0.2449	99.35287093643646
BS_467_aligned	BS_467_aligned.bam	4885786.0	4858551.0	1149870981.0	1149630202.0	29525.5156	240.0	13.2153	0.0082	0.3583	99.44256666174081
BS_468_aligned	BS_468_aligned.bam	5328126.0	5295602.0	1253058758.0	1252785378.0	35351.6069	240.0	15.3316	0.0078	0.3904	99.38957900019632
BS_469_aligned	BS_469_aligned.bam	1917970.0	1904787.0	450416321.0	450309591.0	31232.9575	240.0	15.8301	0.0082	0.1403	99.31265869643426
BS_470_aligned	BS_470_aligned.bam	2531021.0	2515344.0	593981525.0	593845557.0	34820.9163	240.0	17.6227	0.0097	0.1851	99.38060569232732
BS_471_aligned	BS_471_aligned.bam	6349342.0	6304704.0	1488457284.0	1488128909.0	35256.15	240.0	17.2132	0.0078	0.4638	99.29696652031029
BS_472_aligned	BS_472_aligned.bam	1194105.0	1187842.0	280540267.0	280488516.0	32263.5372	240.0	13.9329	0.0081	0.0874	99.47550676029327
BS_473_aligned	BS_473_aligned.bam	4308794.0	4284176.0	1012979752.0	1012725078.0	36521.3932	240.0	17.9679	0.0079	0.3156	99.42865683530009
BS_474_aligned	BS_474_aligned.bam	6639793.0	6600100.0	1562696503.0	1562360675.0	34818.4751	244.0	13.5374	0.0075	0.4869	99.40219521903771
BS_475_aligned	BS_475_aligned.bam	2299213.0	2285471.0	540066054.0	539930096.0	27886.0937	240.0	10.8442	0.0077	0.1683	99.40231722767747
BS_476_aligned	BS_476_aligned.bam	58395.0	57789.0	13721862.0	13718871.0	15785.9743	250.0	5.038	0.0078	0.0043	98.96223991780118
BS_477_aligned	BS_477_aligned.bam	795589.0	791285.0	187990255.0	187957976.0	35494.976	256.0	9.3655	0.0071	0.0586	99.45901715584303
BS_478_aligned	BS_478_aligned.bam	5190325.0	5158890.0	1220745545.0	1220473817.0	31036.5398	240.0	16.4921	0.0078	0.3804	99.39435391810724
BS_479_aligned	BS_479_aligned.bam	2591824.0	2575868.0	609185205.0	609044768.0	37937.9567	240.0	16.9685	0.0078	0.1898	99.38437177833063
BS_480_aligned	BS_480_aligned.bam	908322.0	903697.0	212513848.0	212468669.0	40562.8573	239.0	12.2632	0.0079	0.0662	99.49081933499355
BS_481_aligned	BS_481_aligned.bam	4421242.0	4394013.0	1037902306.0	1037716560.0	30837.9683	240.0	14.1718	0.008	0.3234	99.38413233204606
BS_482_aligned	BS_482_aligned.bam	4628577.0	4601000.0	1089331575.0	1089055846.0	38059.685	244.0	17.993	0.0085	0.3394	99.40420133444901
BS_483_aligned	BS_483_aligned.bam	2664062.0	2647481.0	624862230.0	624720188.0	41527.0166	240.0	16.3846	0.0078	0.1947	99.37760457526889
BS_484_aligned	BS_484_aligned.bam	1954913.0	1943762.0	460002243.0	459908639.0	34553.8175	242.0	11.3859	0.0077	0.1433	99.42959098435583
BS_485_aligned	BS_485_aligned.bam	2255927.0	2243051.0	531893812.0	531788414.0	30755.5235	250.0	14.0	0.0079	0.1657	99.42923685030588
BS_486_aligned	BS_486_aligned.bam	4860734.0	4834265.0	1140881996.0	1140648356.0	33565.9362	240.0	16.0292	0.0076	0.3555	99.4554526127124
BS_487_aligned	BS_487_aligned.bam	2602905.0	2585842.0	609859170.0	609705932.0	34097.962	240.0	15.606	0.0076	0.19	99.34446320553381
BS_488_aligned	BS_488_aligned.bam	4252370.0	4224070.0	997067244.0	996874707.0	35324.215	240.0	15.7651	0.0073	0.3107	99.33448876744028
BS_489_aligned	BS_489_aligned.bam	3979213.0	3951113.0	934876162.0	934670828.0	40035.7829	245.0	18.1448	0.0081	0.2913	99.29383021215502
BS_490_aligned	BS_490_aligned.bam	4534441.0	4506331.0	1063131698.0	1062912172.0	40476.7525	240.0	19.1372	0.0078	0.3312	99.3800779412501
BS_491_aligned	BS_491_aligned.bam	4687213.0	4656923.0	1100158253.0	1099894743.0	30667.886	240.0	14.4191	0.0076	0.3428	99.35377376705517
BS_492_aligned	BS_492_aligned.bam	10711355.0	10646554.0	2521414903.0	2520858833.0	32197.2979	240.0	18.1087	0.0077	0.7856	99.39502518588918
BS_493_aligned	BS_493_aligned.bam	5760214.0	5727092.0	1356756903.0	1356422385.0	35463.5786	249.0	18.3692	0.0077	0.4227	99.42498664112132
BS_Chrim_25_aligned	BS_Chrim_25_aligned.bam	350148.0	347859.0	81607864.0	81590406.0	25555.9647	240.0	9.0235	0.0095	0.0254	99.34627643168031
BS_Chrim_59_aligned	BS_Chrim_59_aligned.bam	69006.0	68611.0	16296688.0	16293156.0	19895.1811	249.0	5.5518	0.0079	0.0051	99.42758600701389
BS_Chrim_77_aligned	BS_Chrim_77_aligned.bam	58023.0	57679.0	13714750.0	13711640.0	17319.2737	256.0	5.4548	0.0079	0.0043	99.40713165468867
BS_Chrim_79_aligned	BS_Chrim_79_aligned.bam	400174.0	397644.0	93542294.0	93525081.0	34230.8326	239.0	9.5905	0.0075	0.0291	99.36777501786723
