#Read position (bp)	Clipping profile
0.0	2.1843258096517335
1.0	2.179848472876996
2.0	2.0760796088036733
3.0	2.070899944691722
4.0	2.064227834988192
5.0	2.057292352533207
6.0	2.027092277033018
7.0	2.013045730288744
8.0	2.006461411502366
9.0	1.9998770927159875
10.0	1.994609637686885
11.0	1.854670915747057
12.0	1.7811899180910744
13.0	1.7265839676227097
14.0	1.684883281975647
15.0	1.3459225508528887
16.0	1.2443484597083585
17.0	1.0805306083032649
18.0	1.037952013484685
19.0	1.0184624298770049
20.0	0.9087237834373655
21.0	0.8441974593308575
22.0	0.7708042525920268
23.0	0.6756388983995716
24.0	0.641400440710404
25.0	0.49013669045800523
26.0	0.4566883510232031
27.0	0.44457320445626697
28.0	0.3897038812364473
29.0	0.3495834320981151
30.0	0.3154327653260994
31.0	0.29199259044659237
32.0	0.26398728787519643
33.0	0.22614940258280877
34.0	0.18997954471630366
35.0	0.1474009498977236
36.0	0.14432826779741367
37.0	0.14345035862589656
38.0	0.14266024037153116
39.0	0.14116779477995206
40.0	0.14090442202849693
41.0	0.1406410492770418
42.0	0.1399387219398281
43.0	0.13949976735406955
44.0	0.13870964909970415
45.0	0.13739278534242846
46.0	0.13686603983951823
47.0	0.1360759215851528
48.0	0.13484684874502884
49.0	0.13467126691072542
50.0	0.13423231232496685
51.0	0.13344219407060146
52.0	0.12677008436707138
53.0	0.12202937484087897
54.0	0.1223805385094858
55.0	0.11728866531468655
56.0	0.11667412889462456
57.0	0.11649854706032114
58.0	0.11605959247456257
59.0	0.11562063788880401
60.0	0.11061655561115646
61.0	0.11017760102539792
62.0	0.10991422827394277
63.0	0.10973864643963936
64.0	0.10517351874775036
65.0	0.10491014599629522
66.0	0.10491014599629522
67.0	0.10455898232768837
68.0	0.10455898232768837
69.0	0.10473456416199181
70.0	0.10008164555295108
71.0	0.09033685374911112
72.0	0.09016127191480769
73.0	0.08928336274329057
74.0	0.0886688263232286
75.0	0.08875661724038031
76.0	0.08849324448892518
77.0	0.08814208082031832
78.0	0.08726417164880121
79.0	0.08673742614589094
80.0	0.08656184431158752
81.0	0.08612288972582897
82.0	0.0855961442229187
83.0	0.08445486229994645
84.0	0.0832257894598225
85.0	0.08252346212260879
86.0	0.08199671661969853
87.0	0.08155776203393997
88.0	0.08059206194527115
89.0	0.08006531644236088
90.0	0.07918740727084377
91.0	0.0779583344307198
92.0	0.07725600709350611
93.0	0.07699263434205098
94.0	0.07602693425338214
95.0	0.07514902508186504
96.0	0.07506123416471332
97.0	0.07427111591034792
98.0	0.07400774315889277
99.0	0.07058389738997603
100.0	0.0695304063841555
101.0	0.06935482454985208
102.0	0.06970598821845891
103.0	0.06856470629548667
104.0	0.06777458804112127
105.0	0.06742342437251442
106.0	0.06759900620681784
107.0	0.06812575170972811
108.0	0.06777458804112127
109.0	0.06689667886960415
110.0	0.06557981511232848
111.0	0.06540423327802505
112.0	0.06522865144372163
113.0	0.06478969685796308
114.0	0.06487748777511479
115.0	0.0642629513550528
116.0	0.06470190594081136
117.0	0.06443853318935623
118.0	0.06435074227220451
119.0	0.06461411502365966
120.0	0.06461411502365966
121.0	0.06443853318935623
122.0	0.06435074227220451
123.0	0.06408736952074938
124.0	0.06356062401783912
125.0	0.06356062401783912
126.0	0.06391178768644597
127.0	0.06364841493499084
128.0	0.06356062401783912
129.0	0.06356062401783912
130.0	0.06356062401783912
131.0	0.06356062401783912
132.0	0.06347283310068741
133.0	0.06347283310068741
134.0	0.06312166943208056
135.0	0.06285829668062543
136.0	0.06303387851492885
137.0	0.06338504218353569
138.0	0.06294608759777713
139.0	0.062682714846322
140.0	0.062682714846322
141.0	0.06320946034923226
142.0	0.06356062401783912
143.0	0.06312166943208056
144.0	0.06171701475765317
145.0	0.06136585108904633
146.0	0.06110247833759119
147.0	0.0604001510003775
148.0	0.06083910558613606
149.0	0.0604001510003775
150.0	0.06083910558613606
151.0	0.060487941917529216
152.0	0.06031236008322579
153.0	0.06013677824892237
154.0	0.06022456916607408
155.0	0.062331551177715154
156.0	0.06303387851492885
157.0	0.06329725126638397
158.0	0.06320946034923226
159.0	0.06320946034923226
160.0	0.06329725126638397
161.0	0.06338504218353569
162.0	0.06312166943208056
163.0	0.06294608759777713
164.0	0.06312166943208056
165.0	0.06347283310068741
166.0	0.06364841493499084
167.0	0.06364841493499084
168.0	0.06329725126638397
169.0	0.06347283310068741
170.0	0.06338504218353569
171.0	0.06294608759777713
172.0	0.0596100327460121
173.0	0.059697823663163806
174.0	0.05908328724310183
175.0	0.05881991449164669
176.0	0.05846875082303985
177.0	0.05864433265734328
178.0	0.05829316898873642
179.0	0.05820537807158471
180.0	0.06716005162105929
181.0	0.07172517931294828
182.0	0.07119843381003801
183.0	0.07084727014143116
184.0	0.07093506105858288
185.0	0.06979377913561063
186.0	0.07049610647282432
187.0	0.0740955340760445
188.0	0.07444669774465135
189.0	0.0740955340760445
190.0	0.07471007049610646
191.0	0.07988973460805744
192.0	0.0802408982766643
193.0	0.08059206194527115
194.0	0.07962636185660231
195.0	0.08041648011096772
196.0	0.08533277147146356
197.0	0.08577172605722212
198.0	0.09077580833486967
199.0	0.09674559070118606
200.0	0.0970967543697929
201.0	0.09744791803839975
202.0	0.09797466354131003
203.0	0.09929152729858569
204.0	0.10034501830440623
205.0	0.10113513655877163
206.0	0.10157409114453018
207.0	0.10192525481313704
208.0	0.10332990948756442
209.0	0.1048223550791435
210.0	0.10561247333350891
211.0	0.10666596433932946
212.0	0.10824620084806028
213.0	0.11035318285970133
214.0	0.11333807404285952
215.0	0.12255612034378924
216.0	0.16557366974812784
217.0	0.20060224569166074
218.0	0.23870350373550353
219.0	0.2660064789696858
220.0	0.2861105989974277
221.0	0.3220170841124777
222.0	0.36222532416796155
223.0	0.41656790188487103
224.0	0.4310534032149034
225.0	0.46353604256103664
226.0	0.6169067748250766
227.0	0.6553591965375263
228.0	0.7514902508186503
229.0	0.8262881122319086
230.0	0.8901998999183545
231.0	1.0216229028944666
232.0	1.049715996383014
233.0	1.1038829922656201
234.0	1.248738005565944
235.0	1.3295056493455188
236.0	1.6701344078941593
237.0	1.7070065930978782
238.0	1.7636317346607322
239.0	1.8359714503937423
240.0	1.9716962083102882
241.0	1.9799485545225493
242.0	1.986971827894686
243.0	1.9972433652014363
244.0	2.010060839105586
245.0	2.0402609146057746
246.0	2.0482498880665805
247.0	2.058433634456179
248.0	2.065193535076861
249.0	2.17185949941619
250.0	2.1749321815165
