#Read position (bp)	Clipping profile
0.0	2.191294391882295
1.0	2.1896490943241833
2.0	2.144234042609819
3.0	2.138935216650605
4.0	2.133612195139065
5.0	2.1241759297322447
6.0	2.0002463107226705
7.0	1.991632694094906
8.0	1.9871081258100973
9.0	1.9824625797636626
10.0	1.9759297806358638
11.0	1.8368537458707264
12.0	1.753693632529081
13.0	1.70058439517531
14.0	1.6839862462802362
15.0	1.4449825804121035
16.0	1.2188993394856171
17.0	1.1500387975681534
18.0	1.1324486310277473
19.0	1.121971956870944
20.0	1.038690865767673
21.0	0.8554337524567558
22.0	0.7039937904534512
23.0	0.6209062637687816
24.0	0.6046952437109105
25.0	0.30140399531477324
26.0	0.27176444371642716
27.0	0.261287769559624
28.0	0.24251202095528396
29.0	0.22642197865903893
30.0	0.21209821168253212
31.0	0.20258935961873617
32.0	0.18981410799104087
33.0	0.1741595856366491
34.0	0.16235215610196102
35.0	0.1467460248522196
36.0	0.14456842514295337
37.0	0.14343123418366988
38.0	0.14207628325345978
39.0	0.1412778300267288
40.0	0.14067294121859933
41.0	0.13999546575349425
42.0	0.13924540363141366
43.0	0.13878568813723524
44.0	0.13776947493957767
45.0	0.13653550177099347
46.0	0.13568865743961214
47.0	0.13493859531753155
48.0	0.1338981865675488
49.0	0.13319651555011855
50.0	0.13210771569548543
51.0	0.13123667581177892
52.0	0.12920424941646375
53.0	0.1269298674978968
54.0	0.1266637164223198
55.0	0.12492163665490683
56.0	0.12448611671305357
57.0	0.12424416118980176
58.0	0.12363927238167224
59.0	0.12315536133516865
60.0	0.12090517496892686
61.0	0.12044545947474843
62.0	0.12025189505614699
63.0	0.11984057066661892
64.0	0.11792912203292966
65.0	0.11746940653875122
66.0	0.11710647325387352
67.0	0.11671934441667065
68.0	0.11633221557946775
69.0	0.11582410898063897
70.0	0.11386426924229934
71.0	0.11132373624815539
72.0	0.11115436738187913
73.0	0.11069465188770071
74.0	0.1099445897656201
75.0	0.10924291874818987
76.0	0.1087348121493611
77.0	0.10844446552145891
78.0	0.10762181674240279
79.0	0.10737986121915097
80.0	0.10742825232380135
81.0	0.10699273238194808
82.0	0.10643623467846894
83.0	0.10551680369011208
84.0	0.10508128374825881
85.0	0.10440380828315378
86.0	0.1041376572075768
87.0	0.10372633281804872
88.0	0.10297627069596811
89.0	0.10254075075411487
90.0	0.10225040412621272
91.0	0.10169390642273356
92.0	0.10157292866110766
93.0	0.10123419092855512
94.0	0.1010164309576285
95.0	0.10031475994019827
96.0	0.09958889337044285
97.0	0.09917756898091479
98.0	0.09891141790533779
99.0	0.09837911575418384
100.0	0.09811296467860686
101.0	0.09784681360302987
102.0	0.09784681360302987
103.0	0.09738709810885143
104.0	0.09697577371932337
105.0	0.09687899151002265
106.0	0.09658864488212048
107.0	0.09654025377747011
108.0	0.09615312494026723
109.0	0.09588697386469024
110.0	0.09554823613213773
111.0	0.09535467171353627
112.0	0.09520949839958519
113.0	0.09487076066703266
114.0	0.09489495621935784
115.0	0.0950643250856341
116.0	0.09501593398098375
117.0	0.0947013918007564
118.0	0.09453202293448014
119.0	0.09426587185890316
120.0	0.09416908964960244
121.0	0.09399972078332618
122.0	0.09387874302170027
123.0	0.09366098305077364
124.0	0.09337063642287148
125.0	0.09327385421357075
126.0	0.09315287645194485
127.0	0.09317707200427003
128.0	0.09317707200427003
129.0	0.09332224531822111
130.0	0.09373356970774918
131.0	0.09375776526007436
132.0	0.09363678749844846
133.0	0.09344322307984702
134.0	0.09351580973682257
135.0	0.09329804976589594
136.0	0.09324965866124557
137.0	0.09308028979496931
138.0	0.09286252982404268
139.0	0.09278994316706715
140.0	0.0925963787484657
141.0	0.09293511648101822
142.0	0.09288672537636787
143.0	0.09288672537636787
144.0	0.09276574761474196
145.0	0.0928383342717175
146.0	0.09271735651009161
147.0	0.09278994316706715
148.0	0.09276574761474196
149.0	0.09324965866124557
150.0	0.09317707200427003
151.0	0.09324965866124557
152.0	0.09329804976589594
153.0	0.09322546310892038
154.0	0.09327385421357075
155.0	0.0933464408705463
156.0	0.09395132967867581
157.0	0.09380615636472472
158.0	0.09375776526007436
159.0	0.09278994316706715
160.0	0.09254798764381533
161.0	0.09240281432986425
162.0	0.0925963787484657
163.0	0.09269316095776643
164.0	0.09300770313799377
165.0	0.09300770313799377
166.0	0.09324965866124557
167.0	0.09361259194612329
168.0	0.09354000528914774
169.0	0.09356420084147292
170.0	0.09276574761474196
171.0	0.09131401447523113
172.0	0.07265924363251698
173.0	0.07169142153950976
174.0	0.07057842613255146
175.0	0.07014290619069821
176.0	0.06975577735349532
177.0	0.07002192842907232
178.0	0.0696589951441946
179.0	0.06961060403954425
180.0	0.07159463933020904
181.0	0.07169142153950976
182.0	0.060779227440853366
183.0	0.05828708555135978
184.0	0.05770639229555545
185.0	0.05673857020254822
186.0	0.05705311238277558
187.0	0.05891616991181447
188.0	0.059109734330415914
189.0	0.05940008095831808
190.0	0.059859796452496505
191.0	0.06174704953386059
192.0	0.062376133894315275
193.0	0.06293263159779443
194.0	0.06312619601639587
195.0	0.06331976043499732
196.0	0.06511023130706067
197.0	0.06576351121984055
198.0	0.067433004330278
199.0	0.06948962627791834
200.0	0.06973158180117014
201.0	0.07021549284767375
202.0	0.07077199055115291
203.0	0.07115911938835578
204.0	0.07181239930113567
205.0	0.0725140703185659
206.0	0.07331252354529685
207.0	0.07519977662666093
208.0	0.07691766084174875
209.0	0.07979693156844522
210.0	0.08202292238236183
211.0	0.08291815781839351
212.0	0.08424891319627843
213.0	0.08562805967881372
214.0	0.08758789941715334
215.0	0.09208827214963691
216.0	0.10866222549238555
217.0	0.12039706837009807
218.0	0.13556767967798622
219.0	0.14781062915452756
220.0	0.1570291345904213
221.0	0.17430475895060019
222.0	0.19230624988053446
223.0	0.2144451802580746
224.0	0.22463150778697558
225.0	0.24708498034474308
226.0	0.5423916964735708
227.0	0.5704827327231053
228.0	0.6534734771984744
229.0	0.8257216142014343
230.0	0.9939774850707394
231.0	1.0882433569296424
232.0	1.111108153876938
233.0	1.1346504262893387
234.0	1.2038255103870295
235.0	1.4103103539301198
236.0	1.646120206891329
237.0	1.662621573577102
238.0	1.712391824709998
239.0	1.797366604476032
240.0	1.9349667105493333
241.0	1.9442094115375526
242.0	1.9498469752293195
243.0	1.955702298892013
244.0	1.9650417820895327
245.0	2.082390210866658
246.0	2.0899876142967644
247.0	2.099956181854739
248.0	2.1064163943255623
249.0	2.1534041569410625
250.0	2.154952672289874
